80 316 
1 14 1
1 19 -1
1 42 -1
1 23 -1
1 7 1
1 22 1
1 47 1
1 25 -1
1 2 1
2 79 1
2 4 -1
2 44 1
2 69 -1
2 73 -1
2 9 -1
2 71 -1
2 51 1
2 72 1
2 45 -1
2 6 1
2 50 1
2 66 -1
2 65 1
2 33 1
3 21 1
3 64 -1
3 65 1
3 46 1
3 74 1
4 26 1
4 42 -1
4 31 1
4 21 -1
5 75 -1
5 63 -1
5 28 1
5 77 1
5 25 1
5 52 -1
5 54 1
5 11 1
6 72 1
6 22 1
6 15 1
6 55 1
6 42 -1
6 30 -1
6 68 1
6 70 -1
6 40 -1
6 38 1
6 36 1
6 25 -1
6 61 1
6 29 -1
6 67 1
7 38 -1
7 21 1
7 66 1
7 33 -1
7 55 -1
7 71 -1
8 23 -1
8 13 1
8 41 1
8 33 -1
8 29 1
8 46 -1
8 43 -1
8 17 -1
9 22 -1
9 15 1
9 59 -1
9 16 -1
9 18 -1
9 10 -1
9 80 -1
10 26 1
10 14 1
10 75 -1
11 60 -1
11 63 1
11 33 1
11 30 1
11 13 1
11 51 1
11 26 -1
12 55 -1
12 41 -1
12 34 -1
12 15 -1
13 32 -1
13 31 -1
13 20 -1
13 52 -1
13 76 -1
13 49 1
14 31 -1
14 73 1
14 72 1
14 47 -1
14 66 -1
14 62 -1
14 54 1
14 55 -1
15 77 -1
15 46 -1
15 30 -1
15 76 -1
15 44 -1
15 63 -1
15 72 -1
15 16 -1
15 17 -1
16 40 1
16 28 -1
17 60 1
17 56 1
17 61 1
17 43 -1
17 25 1
17 29 1
17 41 -1
17 49 -1
17 50 -1
17 66 1
17 76 -1
18 28 1
18 70 1
19 43 1
19 76 1
19 77 -1
19 73 1
19 69 -1
20 76 1
20 23 -1
20 61 1
20 28 1
21 42 1
21 43 -1
21 53 1
21 47 1
21 31 -1
21 45 1
21 37 1
21 72 -1
21 58 -1
22 24 -1
22 66 -1
23 54 1
23 63 1
24 75 1
24 76 1
24 52 1
24 40 1
24 45 -1
24 71 -1
24 30 1
25 51 1
25 78 -1
25 76 -1
25 50 -1
25 29 -1
25 45 1
25 38 1
25 61 1
26 79 1
26 35 -1
26 41 -1
26 78 -1
26 66 -1
27 73 -1
27 29 -1
27 66 1
27 49 1
28 42 -1
28 72 -1
28 34 -1
28 74 1
28 47 1
28 65 1
28 71 1
28 41 1
28 35 1
28 80 -1
29 70 -1
29 48 -1
29 57 -1
29 71 1
29 40 1
30 34 1
30 37 -1
30 71 -1
30 62 1
30 57 -1
30 32 1
31 77 1
31 41 -1
31 53 1
32 71 1
32 65 1
32 52 -1
32 76 1
32 39 1
32 58 -1
32 53 1
33 39 -1
33 55 -1
33 57 1
34 76 1
34 79 -1
35 79 1
35 47 1
35 40 -1
35 80 1
35 59 1
35 66 1
36 41 -1
36 75 -1
36 38 -1
36 67 1
36 45 -1
37 63 1
37 76 1
37 43 1
38 77 -1
38 53 -1
38 78 -1
38 48 -1
39 69 -1
39 42 1
39 43 1
39 44 -1
39 62 -1
39 68 -1
39 45 -1
39 73 1
40 44 1
40 46 1
40 77 1
41 42 -1
41 73 1
41 46 -1
41 56 1
41 65 -1
41 49 1
42 55 1
42 66 1
42 80 1
44 49 -1
44 62 -1
44 56 -1
45 51 1
45 73 1
46 73 1
46 77 1
46 76 -1
46 49 1
46 69 1
47 49 1
47 63 -1
48 70 -1
48 50 -1
48 56 1
49 51 -1
50 65 1
51 54 -1
51 59 -1
51 73 1
51 74 -1
52 61 1
52 55 1
52 78 -1
52 64 -1
53 64 -1
53 80 1
53 57 -1
54 67 -1
54 76 1
55 70 1
55 66 -1
56 71 -1
56 77 1
56 66 1
57 60 -1
57 77 1
57 64 1
57 69 -1
58 62 1
58 59 1
58 65 1
59 72 1
60 77 -1
60 68 -1
60 75 -1
61 71 -1
61 65 -1
62 64 -1
63 80 -1
64 66 -1
65 79 -1
65 66 1
67 74 -1
67 78 -1
67 70 -1
68 78 -1
68 73 1
68 69 1
68 80 -1
69 70 -1
69 74 -1
69 71 -1
71 73 1
72 80 1
74 78 1
74 76 -1
