100 2475 
1 99 10
1 16 10
1 46 1
1 19 6
1 42 6
1 77 8
1 98 9
1 9 3
1 71 3
1 82 5
1 53 6
1 56 4
1 100 7
1 74 1
1 60 7
1 12 5
1 65 1
1 52 4
1 31 1
1 73 4
1 87 2
1 67 8
1 94 5
1 13 9
1 5 6
1 6 10
1 88 9
1 81 6
1 96 6
1 57 2
1 64 4
1 45 3
1 38 1
1 22 3
1 85 4
1 2 10
1 36 3
1 79 4
1 54 10
1 8 6
1 40 8
1 10 2
1 7 10
1 41 3
1 33 6
1 25 2
1 95 6
1 93 8
2 36 7
2 28 6
2 59 5
2 45 7
2 42 6
2 56 10
2 31 7
2 17 8
2 78 4
2 73 4
2 77 6
2 75 9
2 72 2
2 8 5
2 82 10
2 71 2
2 23 3
2 49 6
2 19 10
2 57 2
2 21 8
2 61 10
2 53 4
2 30 10
2 85 6
2 41 3
2 51 8
2 13 7
2 38 3
2 52 4
2 29 2
2 44 3
2 97 5
2 83 8
2 54 1
2 32 8
2 100 7
2 95 5
2 86 2
2 48 2
3 55 3
3 25 9
3 11 3
3 21 4
3 53 4
3 76 8
3 13 2
3 83 2
3 79 7
3 66 7
3 47 5
3 9 4
3 87 4
3 98 10
3 15 6
3 17 4
3 99 4
3 12 2
3 95 6
3 23 7
3 50 6
3 8 2
3 28 4
3 5 9
3 38 1
3 27 5
3 24 6
3 42 6
3 16 9
3 58 6
3 81 6
3 41 4
3 39 3
3 63 4
3 36 10
3 59 9
3 43 2
3 44 4
3 34 9
3 62 7
3 84 6
3 14 5
3 45 1
3 52 9
3 57 8
3 48 6
3 97 5
3 78 4
3 70 2
4 52 2
4 45 2
4 49 5
4 77 7
4 71 5
4 13 7
4 90 8
4 58 4
4 27 5
4 96 3
4 16 8
4 48 7
4 61 9
4 92 10
4 22 10
4 53 8
4 38 2
4 39 7
4 75 3
4 7 7
4 44 7
4 47 9
4 8 2
4 65 5
4 41 8
4 91 5
4 21 1
4 23 3
4 98 10
4 24 10
4 30 10
4 29 1
4 54 9
4 73 3
4 9 2
4 82 5
4 80 8
4 55 9
4 20 4
4 60 5
4 63 5
4 78 8
4 5 1
5 32 1
5 88 5
5 49 10
5 25 2
5 38 1
5 83 3
5 7 8
5 51 3
5 15 8
5 31 3
5 34 8
5 86 2
5 96 3
5 35 8
5 92 2
5 97 6
5 33 2
5 54 7
5 30 6
5 45 10
5 24 8
5 44 6
5 18 10
5 53 2
5 90 4
5 29 5
5 13 6
5 21 3
5 8 3
5 91 7
5 65 10
5 79 4
5 27 7
5 93 1
5 89 5
5 55 1
5 20 8
5 80 5
5 67 4
5 87 8
5 82 7
5 17 6
5 56 7
5 46 2
5 98 7
5 41 1
5 62 9
6 78 5
6 40 1
6 24 1
6 8 5
6 15 6
6 50 2
6 64 10
6 44 6
6 48 5
6 27 7
6 53 8
6 35 4
6 43 3
6 71 6
6 76 9
6 9 10
6 31 6
6 58 2
6 49 5
6 33 4
6 80 8
6 85 1
6 79 3
6 94 4
6 13 1
6 91 6
6 59 7
6 82 8
6 98 10
6 61 2
6 99 9
6 95 6
6 55 5
6 93 7
6 96 3
6 34 9
6 7 9
6 90 8
6 10 10
6 73 4
6 77 3
6 19 10
6 88 4
6 83 9
6 42 4
6 18 6
6 89 10
6 70 9
6 68 8
7 23 2
7 59 8
7 91 1
7 94 2
7 42 7
7 80 3
7 48 1
7 39 1
7 67 1
7 99 9
7 14 3
7 89 1
7 13 10
7 43 3
7 21 1
7 87 1
7 36 2
7 69 9
7 92 6
7 32 8
7 29 5
7 54 3
7 62 10
7 57 10
7 55 5
7 19 8
7 35 10
7 97 6
7 88 3
7 68 7
7 81 3
7 46 1
7 75 1
7 100 7
7 84 2
7 73 2
7 85 9
7 18 2
7 41 5
7 60 7
7 24 7
7 82 4
7 53 6
7 98 7
7 79 3
8 33 8
8 75 7
8 77 3
8 21 1
8 70 5
8 24 9
8 88 6
8 85 9
8 16 4
8 64 8
8 48 8
8 32 8
8 44 3
8 36 8
8 69 1
8 35 5
8 11 6
8 96 10
8 58 8
8 55 3
8 42 1
8 13 8
8 28 4
8 76 2
8 80 7
8 78 5
8 41 2
8 34 8
8 68 9
8 54 1
8 50 5
8 73 4
8 27 4
8 67 9
8 43 3
8 79 9
8 81 7
8 82 5
8 25 7
8 45 7
8 97 6
9 97 10
9 73 4
9 96 5
9 62 1
9 16 4
9 59 7
9 30 2
9 66 3
9 78 5
9 42 9
9 32 2
9 86 6
9 91 8
9 88 1
9 75 8
9 81 5
9 20 2
9 60 1
9 43 8
9 21 2
9 65 10
9 58 7
9 33 1
9 61 8
9 45 5
9 77 7
9 69 8
9 89 9
9 94 6
9 44 10
9 48 8
9 37 8
9 18 2
9 98 3
9 93 8
9 67 5
9 38 10
9 55 6
9 11 4
10 82 6
10 40 6
10 73 9
10 50 1
10 47 7
10 100 6
10 93 5
10 62 4
10 43 9
10 94 2
10 22 10
10 18 6
10 14 8
10 30 4
10 85 4
10 76 7
10 78 3
10 91 5
10 75 1
10 13 4
10 28 2
10 51 3
10 69 5
10 97 4
10 63 8
10 12 5
10 19 10
10 61 9
10 23 3
10 59 8
10 45 10
10 36 1
10 35 9
10 86 2
10 15 8
10 39 2
10 87 6
10 56 2
10 38 1
10 68 1
10 26 7
10 66 5
11 39 6
11 74 10
11 28 10
11 51 7
11 41 9
11 76 10
11 88 4
11 27 8
11 47 5
11 96 1
11 44 9
11 64 9
11 12 8
11 70 10
11 43 2
11 59 7
11 95 7
11 35 4
11 52 4
11 92 7
11 42 9
11 17 8
11 63 9
11 33 3
11 56 1
11 100 8
11 20 7
11 72 2
11 89 8
11 32 7
11 15 9
11 66 4
11 82 4
11 83 5
11 24 2
11 58 8
11 23 5
11 50 7
11 85 3
11 49 1
11 26 3
11 65 4
11 91 3
11 57 7
12 13 4
12 69 2
12 49 4
12 87 8
12 70 4
12 16 9
12 84 8
12 79 5
12 14 4
12 51 4
12 25 2
12 76 4
12 27 8
12 54 5
12 72 6
12 80 2
12 62 10
12 71 10
12 64 10
12 95 1
12 96 6
12 40 4
12 29 10
12 82 3
12 81 9
12 37 7
12 63 1
12 91 3
12 21 9
12 32 10
12 59 10
12 41 5
12 61 8
12 75 2
12 94 2
12 77 1
12 85 1
12 68 6
12 42 2
12 93 8
12 50 1
12 97 3
12 28 9
12 100 3
12 45 4
12 78 4
12 46 8
13 44 4
13 70 2
13 15 6
13 88 7
13 84 3
13 76 4
13 51 5
13 25 8
13 83 3
13 30 9
13 16 6
13 35 10
13 60 1
13 73 6
13 14 10
13 32 5
13 100 9
13 18 6
13 80 8
13 37 6
13 99 4
13 50 10
13 86 1
13 45 8
13 52 1
13 56 9
13 47 7
13 23 6
13 28 7
13 94 6
13 91 4
13 40 9
13 49 7
13 29 3
13 81 5
13 79 6
13 38 9
13 89 5
13 42 7
13 26 1
13 20 6
13 58 7
13 39 5
13 97 9
13 63 5
13 21 4
13 92 6
14 32 3
14 71 8
14 67 2
14 69 4
14 27 4
14 55 10
14 21 7
14 99 7
14 85 5
14 74 1
14 40 5
14 63 5
14 52 8
14 81 9
14 33 4
14 28 4
14 97 5
14 64 1
14 80 6
14 92 8
14 42 1
14 49 7
14 22 1
14 84 3
14 50 2
14 53 1
14 34 6
14 68 8
14 94 2
14 56 9
14 77 10
14 38 2
14 86 1
14 75 7
14 96 9
14 45 6
14 29 7
14 98 10
14 24 3
14 20 5
14 76 3
14 30 5
14 19 6
15 30 5
15 16 6
15 93 5
15 84 10
15 99 1
15 19 6
15 78 6
15 98 3
15 70 7
15 57 3
15 91 10
15 23 10
15 32 5
15 33 1
15 56 3
15 55 9
15 45 1
15 53 9
15 54 7
15 96 10
15 18 3
15 92 3
15 40 7
15 69 10
15 71 2
15 52 4
15 65 1
15 85 6
15 36 9
15 46 9
15 37 2
15 28 1
15 94 3
15 35 3
15 51 5
15 42 7
15 63 9
15 59 10
15 41 2
15 47 7
15 89 8
15 27 3
15 44 3
15 31 9
16 64 1
16 43 8
16 22 8
16 32 9
16 45 9
16 33 1
16 95 7
16 18 1
16 91 7
16 50 5
16 36 2
16 66 10
16 42 2
16 88 7
16 47 9
16 21 7
16 99 2
16 93 10
16 73 5
16 63 2
16 87 5
16 81 7
16 72 6
16 78 4
16 49 1
16 31 8
16 71 10
16 56 8
16 69 9
16 80 8
16 27 7
16 83 3
16 40 7
16 35 9
16 19 3
16 29 4
17 49 5
17 66 7
17 19 10
17 21 5
17 82 3
17 33 7
17 93 7
17 27 6
17 91 7
17 68 4
17 98 9
17 81 4
17 61 4
17 23 3
17 24 8
17 39 2
17 88 2
17 65 4
17 37 4
17 96 10
17 32 2
17 67 3
17 75 9
17 31 3
17 80 6
17 28 7
17 60 9
17 47 10
17 69 4
17 71 10
17 29 5
17 30 10
17 34 7
17 95 10
17 35 9
17 90 4
17 70 7
17 38 8
17 84 8
17 87 5
17 46 2
17 51 10
17 63 4
17 36 10
18 97 7
18 56 4
18 24 1
18 72 5
18 30 6
18 35 9
18 83 3
18 38 8
18 51 2
18 44 3
18 31 6
18 84 3
18 73 1
18 19 10
18 22 7
18 49 9
18 77 4
18 63 8
18 39 3
18 86 9
18 76 4
18 67 8
18 100 4
18 53 10
18 25 9
18 88 4
18 93 8
18 37 3
18 36 3
18 55 4
18 99 4
18 92 10
18 94 7
18 91 8
18 43 8
18 61 4
19 92 2
19 33 6
19 77 4
19 83 7
19 58 4
19 53 2
19 87 1
19 84 3
19 43 9
19 50 2
19 22 1
19 47 3
19 86 5
19 59 5
19 96 3
19 61 8
19 21 10
19 52 9
19 37 7
19 31 3
19 30 7
19 69 10
19 68 4
19 70 1
19 56 6
19 80 4
19 79 5
19 66 8
19 75 5
19 95 2
19 99 8
19 100 3
19 64 2
19 27 8
19 74 4
19 67 3
19 97 2
19 23 4
19 62 1
19 63 5
20 77 9
20 31 1
20 78 7
20 51 5
20 74 3
20 94 2
20 90 10
20 39 1
20 84 9
20 24 9
20 88 6
20 98 6
20 56 8
20 68 9
20 58 6
20 23 10
20 75 6
20 79 9
20 46 6
20 49 7
20 33 8
20 44 9
20 48 2
20 99 3
20 87 8
20 96 4
20 25 4
20 93 3
20 59 2
20 71 5
20 29 4
20 61 3
20 86 6
20 66 6
20 76 3
20 26 2
20 89 1
20 65 10
20 70 9
20 69 1
20 64 9
20 100 6
21 28 10
21 52 6
21 80 3
21 43 3
21 96 2
21 75 5
21 70 3
21 31 8
21 84 10
21 87 1
21 86 2
21 63 9
21 100 5
21 35 6
21 44 8
21 65 7
21 50 4
21 58 5
21 85 3
21 82 9
21 56 9
21 67 4
21 32 10
21 37 8
21 92 5
21 91 7
21 90 9
21 40 8
21 88 6
21 72 4
21 99 7
21 46 2
21 97 9
21 29 4
21 54 10
21 64 10
21 36 2
21 77 2
21 22 2
21 27 1
21 74 2
21 66 7
22 54 10
22 27 2
22 40 3
22 93 4
22 28 8
22 58 7
22 71 10
22 87 10
22 48 1
22 53 7
22 89 3
22 25 1
22 50 1
22 39 5
22 97 9
22 42 5
22 57 8
22 92 3
22 84 10
22 46 5
22 38 1
22 91 2
22 55 2
22 86 4
22 45 6
22 73 1
22 44 1
22 70 4
22 60 8
22 96 1
22 90 1
22 77 10
22 43 7
22 98 4
22 83 8
22 51 9
22 61 5
22 32 10
23 94 10
23 58 7
23 60 2
23 90 7
23 56 5
23 78 6
23 48 4
23 61 7
23 92 6
23 72 10
23 29 3
23 49 8
23 66 6
23 64 3
23 34 8
23 55 2
23 30 3
23 70 2
23 97 3
23 76 6
23 39 5
23 25 2
23 77 4
23 67 6
23 80 8
23 65 1
23 38 7
23 43 10
23 75 10
23 59 2
23 45 9
23 79 3
23 53 7
23 31 9
23 54 6
23 50 5
23 74 7
23 57 8
23 44 4
23 24 9
24 51 5
24 59 7
24 26 10
24 72 7
24 25 6
24 58 10
24 94 3
24 44 10
24 56 1
24 63 7
24 85 9
24 61 7
24 78 7
24 70 2
24 28 3
24 27 2
24 34 3
24 91 7
24 99 5
24 41 4
24 47 9
24 71 3
24 33 4
24 30 6
24 84 3
24 98 4
24 48 6
24 69 5
24 55 9
24 88 9
24 68 9
24 73 10
24 67 8
24 50 1
24 83 4
24 31 10
24 36 3
24 29 2
24 62 6
24 35 7
24 42 5
24 60 4
24 100 1
24 93 10
24 45 8
24 90 10
25 98 2
25 53 1
25 99 8
25 64 10
25 60 1
25 68 2
25 94 5
25 69 8
25 81 4
25 52 4
25 49 5
25 47 1
25 44 4
25 42 10
25 85 4
25 37 1
25 91 10
25 89 3
25 87 2
25 92 2
25 62 3
25 100 4
25 51 3
25 86 9
25 54 6
25 50 5
25 31 4
25 38 3
25 80 1
25 90 5
25 32 8
25 70 4
25 33 8
25 46 2
25 75 9
25 58 9
25 84 2
25 67 7
26 99 5
26 38 1
26 59 9
26 48 7
26 93 6
26 100 8
26 27 3
26 47 4
26 61 10
26 94 5
26 41 5
26 52 7
26 64 4
26 49 3
26 44 4
26 82 5
26 29 6
26 35 1
26 71 7
26 87 10
26 88 4
26 33 6
26 55 2
26 63 3
26 43 5
26 69 7
26 79 10
26 77 10
26 54 4
26 73 10
26 95 9
26 96 9
26 80 10
26 86 10
26 58 6
26 74 10
27 55 8
27 50 10
27 34 4
27 84 4
27 29 4
27 38 6
27 81 8
27 51 10
27 74 3
27 83 1
27 67 3
27 82 9
27 85 1
27 60 6
27 53 6
27 57 8
27 98 2
27 59 5
27 39 10
27 66 6
27 31 2
27 62 1
27 100 8
27 90 1
27 96 3
27 33 4
27 44 1
27 80 8
27 48 4
27 68 1
27 99 6
27 45 3
27 75 9
27 70 1
27 76 1
27 69 8
27 46 4
27 56 3
27 92 7
27 37 2
27 77 6
28 70 8
28 52 6
28 99 10
28 88 10
28 58 7
28 87 10
28 65 6
28 40 9
28 48 3
28 89 3
28 30 1
28 100 9
28 47 1
28 60 2
28 62 5
28 57 7
28 31 2
28 97 6
28 35 10
28 77 9
28 64 4
28 68 7
28 83 2
28 39 4
28 69 6
28 81 7
28 55 1
28 76 3
28 63 1
28 29 9
28 95 7
28 37 10
28 80 5
28 92 5
28 94 8
28 71 10
28 79 4
28 96 9
28 56 4
28 44 4
28 66 1
29 55 9
29 53 5
29 43 6
29 91 5
29 70 4
29 39 10
29 34 6
29 36 6
29 42 3
29 69 9
29 40 4
29 94 6
29 35 10
29 68 6
29 77 4
29 51 6
29 88 10
29 100 3
29 81 2
29 49 3
29 65 3
29 86 6
29 38 6
29 54 8
29 79 6
29 60 1
29 48 2
29 92 10
29 61 10
29 46 6
29 45 4
29 74 8
29 41 4
29 72 6
29 33 1
29 31 6
29 80 9
29 83 10
30 68 4
30 50 4
30 63 3
30 72 3
30 82 10
30 73 1
30 71 3
30 79 4
30 32 8
30 75 6
30 99 6
30 67 9
30 74 10
30 33 1
30 62 6
30 44 10
30 51 9
30 87 7
30 31 7
30 66 4
30 88 2
30 78 10
30 69 4
30 53 5
30 65 1
30 42 4
30 58 9
30 94 9
30 60 10
30 49 7
30 56 3
30 54 7
30 40 8
30 80 8
30 38 1
30 86 2
31 57 5
31 70 7
31 38 4
31 53 1
31 34 6
31 59 7
31 46 3
31 96 3
31 69 2
31 49 8
31 76 2
31 95 3
31 85 7
31 71 8
31 39 4
31 87 9
31 65 6
31 81 3
31 50 7
31 55 1
31 48 4
31 61 2
31 40 3
31 68 6
31 73 5
31 98 10
31 86 1
31 62 4
31 88 1
31 92 8
31 82 7
32 62 8
32 95 9
32 98 1
32 73 5
32 85 2
32 34 2
32 47 5
32 49 3
32 63 1
32 68 1
32 87 7
32 88 2
32 57 4
32 80 1
32 81 2
32 83 9
32 65 3
32 36 7
32 86 4
32 92 2
32 72 3
32 35 4
32 74 9
32 59 1
32 69 3
32 60 3
32 39 5
32 90 5
32 82 6
32 71 6
32 58 10
32 48 2
32 40 5
32 79 3
32 52 6
33 49 7
33 81 2
33 42 4
33 69 4
33 94 8
33 45 3
33 71 6
33 51 8
33 36 6
33 67 1
33 41 4
33 48 3
33 57 9
33 38 9
33 34 3
33 66 10
33 35 5
33 85 9
33 72 2
33 89 2
33 44 10
33 97 6
33 92 6
33 47 5
33 68 5
33 79 4
33 59 3
33 95 9
33 90 10
33 37 2
33 56 6
33 50 10
33 64 6
34 72 2
34 99 7
34 60 1
34 97 8
34 89 5
34 57 6
34 90 10
34 55 10
34 54 3
34 47 5
34 39 4
34 96 7
34 58 4
34 65 10
34 70 8
34 81 7
34 80 5
34 51 4
34 91 9
34 38 1
34 78 2
34 53 8
34 84 6
34 64 4
34 69 3
34 68 7
34 73 5
34 48 4
34 75 6
34 44 5
34 82 2
34 71 3
34 52 1
34 36 10
35 49 4
35 80 10
35 70 5
35 97 4
35 65 8
35 94 10
35 37 10
35 83 7
35 36 2
35 84 5
35 50 2
35 72 9
35 41 10
35 60 9
35 55 2
35 39 8
35 45 4
35 90 10
35 74 9
35 76 2
35 85 3
35 63 9
35 89 4
35 57 2
35 64 4
35 54 10
35 96 7
35 95 5
35 98 8
35 66 10
35 88 3
35 86 6
36 97 9
36 49 10
36 80 2
36 98 6
36 52 7
36 77 7
36 99 8
36 85 5
36 95 10
36 59 10
36 39 7
36 40 5
36 89 2
36 63 5
36 48 8
36 100 10
36 86 4
36 79 5
36 70 1
36 43 1
36 44 7
36 46 2
36 71 3
36 90 4
36 93 6
36 47 5
36 94 9
36 51 3
36 62 9
36 65 9
36 50 7
36 82 3
36 42 10
37 95 1
37 83 2
37 99 2
37 71 3
37 58 7
37 45 8
37 78 4
37 56 9
37 87 2
37 38 5
37 46 10
37 67 5
37 97 8
37 48 8
37 64 1
37 82 3
37 98 1
37 86 4
37 70 4
37 50 10
37 91 2
37 89 1
37 74 8
37 43 4
37 96 5
37 79 1
37 61 5
37 42 8
37 53 9
37 41 5
37 62 10
37 80 1
37 94 1
37 55 10
37 66 6
37 93 6
37 81 3
37 92 8
37 85 7
38 40 2
38 94 9
38 99 3
38 88 7
38 46 2
38 51 5
38 71 9
38 78 8
38 85 3
38 56 6
38 82 4
38 77 3
38 63 8
38 68 10
38 52 1
38 57 1
38 50 8
38 72 7
38 43 4
38 54 5
38 75 10
38 44 4
38 67 3
38 76 8
38 55 4
38 64 1
38 49 9
39 46 1
39 78 1
39 65 7
39 49 6
39 58 9
39 91 1
39 95 4
39 69 8
39 63 7
39 45 10
39 80 6
39 56 3
39 86 10
39 99 1
39 75 7
39 62 8
39 53 4
39 85 7
39 67 6
39 98 7
39 76 8
39 81 5
39 54 1
39 48 9
39 47 5
39 43 4
39 87 3
39 93 10
39 66 9
39 55 10
39 94 10
39 84 2
40 59 6
40 71 4
40 87 10
40 56 1
40 44 1
40 49 5
40 81 3
40 77 8
40 62 5
40 95 3
40 97 8
40 46 4
40 70 2
40 60 5
40 76 10
40 98 8
40 61 2
40 89 10
40 67 4
40 55 6
40 45 2
40 53 10
40 79 4
40 92 4
40 43 7
40 57 10
40 73 10
40 63 8
40 90 3
40 48 10
40 41 2
40 74 6
40 54 4
40 84 8
41 65 4
41 87 8
41 95 5
41 78 3
41 90 9
41 66 10
41 56 3
41 43 2
41 42 9
41 100 7
41 70 7
41 60 9
41 61 5
41 83 10
41 52 2
41 97 6
41 99 2
41 79 10
41 98 1
41 74 5
41 45 1
41 46 3
41 63 7
41 80 10
41 48 2
41 93 8
41 57 5
41 59 5
41 68 8
41 58 3
41 73 3
41 91 5
42 57 7
42 67 2
42 80 9
42 69 3
42 58 3
42 44 4
42 95 3
42 65 6
42 56 7
42 96 8
42 76 8
42 51 4
42 55 10
42 46 2
42 60 8
42 54 9
42 71 8
42 79 4
42 86 1
42 50 9
42 75 9
42 94 1
42 64 9
42 90 4
42 100 6
42 93 7
43 76 7
43 62 8
43 92 10
43 55 8
43 91 10
43 70 1
43 46 10
43 58 9
43 72 5
43 75 4
43 60 7
43 89 1
43 57 9
43 78 2
43 83 9
43 80 2
43 96 6
43 82 1
43 66 1
43 69 7
43 85 3
43 84 4
43 64 5
43 49 9
43 81 7
43 88 10
44 90 1
44 98 4
44 99 3
44 94 9
44 84 6
44 73 7
44 55 3
44 45 2
44 77 2
44 71 10
44 46 6
44 100 1
44 81 2
44 65 10
44 50 10
44 64 1
44 80 1
44 54 1
44 67 6
44 69 9
44 61 2
44 76 5
44 70 7
44 79 7
44 59 3
44 48 8
44 97 1
44 91 9
44 96 8
44 53 7
45 55 3
45 62 6
45 90 8
45 69 3
45 84 7
45 53 1
45 66 9
45 77 10
45 76 10
45 99 3
45 100 1
45 95 4
45 48 1
45 65 8
45 73 7
45 79 10
45 59 9
45 56 3
45 72 7
45 68 9
45 60 6
45 81 3
45 57 10
45 92 9
45 67 6
46 100 3
46 74 9
46 51 6
46 62 5
46 55 10
46 58 1
46 63 6
46 82 3
46 47 5
46 91 1
46 89 6
46 72 10
46 81 2
46 77 4
46 53 5
46 52 3
46 80 9
46 68 1
46 64 5
46 50 9
46 83 1
46 65 10
46 70 7
46 60 5
46 75 7
46 94 6
46 97 8
47 63 3
47 65 9
47 49 5
47 56 10
47 96 4
47 59 5
47 62 10
47 68 3
47 82 9
47 70 5
47 78 9
47 75 5
47 88 6
47 87 3
47 54 7
47 85 10
47 80 5
47 48 5
47 72 5
47 51 9
48 84 5
48 81 10
48 70 5
48 76 5
48 87 9
48 94 10
48 99 1
48 69 4
48 59 3
48 82 2
48 80 4
48 95 5
48 97 1
48 74 3
48 88 2
48 60 6
48 91 6
48 64 7
48 53 8
48 50 10
48 54 2
48 62 3
48 83 4
48 75 9
48 57 9
48 51 6
49 86 3
49 63 10
49 50 3
49 76 9
49 66 7
49 77 3
49 87 1
49 69 6
49 52 1
49 78 9
49 55 2
49 56 1
49 93 5
49 82 9
49 94 5
49 91 3
49 62 9
49 97 7
49 100 7
49 60 5
49 59 3
49 67 5
49 80 6
49 54 2
49 64 9
49 51 10
49 98 9
49 96 6
50 87 6
50 65 9
50 56 1
50 99 2
50 84 10
50 89 1
50 68 6
50 77 3
50 60 4
50 63 4
50 64 1
50 53 8
50 95 5
50 59 3
50 76 9
50 71 3
50 69 3
50 97 10
50 90 8
50 81 6
50 85 10
51 72 6
51 67 5
51 86 10
51 81 4
51 92 5
51 91 8
51 52 4
51 96 4
51 69 9
51 76 3
51 62 9
51 74 9
51 84 10
51 58 2
51 79 7
51 54 1
51 89 4
51 60 2
51 78 10
51 75 5
51 61 3
51 99 3
51 63 3
51 59 6
51 64 9
52 84 7
52 53 9
52 100 10
52 77 9
52 73 5
52 59 6
52 65 9
52 68 9
52 92 9
52 60 9
52 55 10
52 57 5
52 72 9
52 87 4
52 64 1
52 61 7
52 97 10
52 74 6
52 67 5
52 85 1
52 75 1
52 63 5
52 90 10
52 76 7
52 54 9
52 66 3
52 78 6
53 92 6
53 82 8
53 67 4
53 89 10
53 81 9
53 88 8
53 66 8
53 87 10
53 93 7
53 83 4
53 71 5
53 59 9
53 60 8
53 62 4
53 84 9
53 58 8
53 72 1
53 63 8
53 64 9
53 77 7
53 95 8
54 84 2
54 93 4
54 76 5
54 67 5
54 79 9
54 58 10
54 95 2
54 96 8
54 81 1
54 72 7
54 98 6
54 55 10
54 86 6
54 63 8
54 65 7
54 78 10
54 75 9
54 87 1
54 77 1
54 85 9
54 59 8
54 68 1
54 56 8
54 73 5
54 64 7
55 75 10
55 89 9
55 95 7
55 93 5
55 86 7
55 90 6
55 73 10
55 68 9
55 60 2
55 62 4
55 85 4
55 72 9
55 82 2
55 87 3
55 65 8
55 78 9
55 64 10
55 76 3
55 88 9
55 69 7
55 91 9
55 77 10
56 63 6
56 80 8
56 92 4
56 86 1
56 66 3
56 77 9
56 78 8
56 89 9
56 71 3
56 91 8
56 83 9
56 64 2
56 85 1
56 100 10
56 88 4
56 79 10
56 60 6
56 81 8
56 84 7
56 93 5
56 76 7
56 70 8
56 82 10
56 87 3
56 75 7
56 74 9
56 73 8
56 98 8
56 97 9
57 67 9
57 85 8
57 95 8
57 97 8
57 69 7
57 70 7
57 75 2
57 99 7
57 61 1
57 80 9
57 79 7
57 76 4
57 65 8
57 77 10
57 74 6
57 86 10
57 96 9
57 90 6
57 62 8
57 89 1
57 91 3
57 71 2
58 62 2
58 99 10
58 60 3
58 73 9
58 66 6
58 69 8
58 80 4
58 70 3
58 83 6
58 63 9
58 82 5
58 81 7
58 78 3
58 67 4
58 100 6
58 98 6
58 75 5
58 77 7
58 61 6
58 88 8
58 74 10
58 90 9
58 94 1
58 96 2
58 84 7
58 95 5
59 94 6
59 90 3
59 80 6
59 60 3
59 74 1
59 78 3
59 92 7
59 61 6
59 63 2
59 66 1
59 70 9
59 84 3
59 86 2
59 96 5
59 85 7
59 83 2
59 93 9
59 73 3
59 62 7
60 100 10
60 75 7
60 89 4
60 86 9
60 83 4
60 82 5
60 67 1
60 95 2
60 71 5
60 88 8
60 81 6
60 73 1
60 84 2
60 87 7
60 78 8
60 94 10
60 92 5
60 90 4
61 69 6
61 77 9
61 84 8
61 90 9
61 81 10
61 76 6
61 73 6
61 94 9
61 72 10
61 100 8
61 65 4
61 62 10
61 79 7
61 80 5
61 95 10
61 78 3
61 67 5
61 66 7
61 88 9
61 83 2
62 93 1
62 64 7
62 67 7
62 94 4
62 85 3
62 77 8
62 79 8
62 84 9
62 69 4
62 70 9
62 74 9
62 92 6
62 63 4
62 80 8
62 99 1
62 75 9
62 83 2
62 91 3
62 73 10
62 71 10
62 100 3
63 87 7
63 64 6
63 85 10
63 88 4
63 100 5
63 81 5
63 89 8
63 82 5
63 90 7
63 80 5
63 86 3
63 67 6
63 74 3
63 96 2
63 77 8
63 70 4
64 89 2
64 99 1
64 92 6
64 69 4
64 77 6
64 67 9
64 84 3
64 81 8
64 68 2
64 87 1
64 95 1
64 73 8
64 76 1
64 66 3
64 86 10
64 82 4
64 94 1
64 79 9
64 72 4
65 86 4
65 74 3
65 71 1
65 90 3
65 67 10
65 68 5
65 92 7
65 77 5
65 83 1
65 85 1
65 93 1
65 79 8
65 73 1
65 89 3
65 91 8
65 94 7
65 78 6
65 81 10
66 91 9
66 75 4
66 97 4
66 99 7
66 93 2
66 76 8
66 70 4
66 100 3
66 79 4
66 92 9
66 86 9
66 73 2
66 95 1
66 80 8
66 71 7
66 89 9
66 85 6
66 87 5
67 87 1
67 71 2
67 83 8
67 91 6
67 79 2
67 92 2
67 81 9
67 84 9
67 82 2
67 99 9
67 86 8
67 93 8
67 100 10
67 75 7
67 90 4
67 94 2
67 69 5
67 98 8
68 74 4
68 84 9
68 73 5
68 87 7
68 95 8
68 70 4
68 93 2
68 94 10
68 75 9
68 90 7
68 83 3
68 80 8
68 97 3
68 71 10
68 78 1
68 98 1
68 100 2
68 92 1
69 71 10
69 92 5
69 96 7
69 86 1
69 74 5
69 98 2
69 97 9
69 93 4
69 91 9
69 89 3
69 79 6
69 87 7
69 76 4
69 72 8
70 96 5
70 95 3
70 86 9
70 75 4
70 73 4
70 80 4
70 77 5
70 84 4
70 79 8
70 99 10
70 74 1
70 83 5
70 82 10
70 85 3
70 91 6
70 90 2
70 92 9
71 74 2
71 79 1
71 98 4
71 86 3
71 82 9
71 75 6
71 85 3
71 93 5
71 77 3
71 83 6
71 97 4
71 94 2
71 99 6
71 72 6
72 97 3
72 91 7
72 95 1
72 86 2
72 94 3
72 87 10
72 80 8
72 100 4
72 74 7
72 90 10
72 75 9
72 82 7
72 78 9
73 90 10
73 91 5
73 77 3
73 78 2
73 89 3
73 92 1
73 88 10
73 97 3
73 84 1
73 79 5
73 74 3
74 96 7
74 95 9
74 82 1
74 93 5
74 78 1
74 84 8
74 85 10
74 80 2
74 100 8
75 94 5
75 96 1
75 82 10
75 84 4
75 78 2
75 86 6
75 88 5
75 93 9
75 80 4
75 100 1
75 83 5
75 90 8
75 81 10
75 76 5
75 97 10
75 98 4
76 82 3
76 80 10
76 77 4
76 91 2
76 98 5
76 97 6
76 79 3
76 78 1
76 88 6
76 96 1
76 83 6
77 95 5
77 99 2
77 88 9
77 89 8
77 78 9
77 80 7
77 87 1
77 100 10
77 90 6
77 94 10
77 96 10
78 90 4
78 100 2
78 94 1
78 83 5
78 95 9
78 85 1
78 98 10
78 97 1
78 84 1
78 92 7
78 96 6
78 91 10
78 81 8
78 87 7
78 86 6
78 80 5
79 83 2
79 90 2
79 94 7
79 92 1
79 88 7
79 96 8
79 87 9
79 80 5
79 89 5
79 84 8
79 91 10
79 99 1
80 96 4
80 92 4
80 100 10
81 89 5
81 94 6
81 92 1
81 98 10
81 86 3
81 87 9
81 100 10
81 84 3
82 89 6
82 88 5
82 91 2
82 97 5
82 95 10
82 93 8
82 98 3
82 87 8
82 83 9
82 100 3
82 85 7
83 97 10
83 96 5
83 90 5
83 93 5
83 87 4
83 86 4
83 95 7
83 94 1
83 99 1
83 91 2
83 89 2
83 84 6
83 88 2
84 92 6
84 99 5
84 87 5
84 90 7
84 88 5
84 97 2
84 95 9
84 93 8
84 94 10
85 88 6
85 87 5
85 86 6
85 93 6
85 90 3
85 94 6
85 96 8
86 100 4
86 94 6
86 98 9
86 90 1
86 89 7
86 91 8
86 93 1
87 99 8
87 98 7
87 89 10
87 91 10
88 100 3
88 91 1
88 95 6
88 90 8
88 99 8
88 89 1
89 95 7
89 100 1
89 93 4
89 94 10
90 99 6
90 98 2
90 92 8
90 96 2
91 97 1
91 94 10
91 95 9
92 96 6
92 98 7
92 94 8
92 97 8
93 96 10
93 97 10
93 99 9
94 98 9
95 97 7
95 100 5
95 98 6
95 99 9
96 98 3
96 97 4
97 98 5
97 99 7
97 100 1
