100 4455 
1 3 10
1 61 10
1 62 1
1 43 6
1 23 6
1 47 8
1 76 9
1 39 3
1 83 3
1 92 5
1 32 6
1 89 4
1 69 7
1 24 1
1 37 7
1 80 5
1 86 1
1 4 4
1 59 1
1 26 4
1 30 2
1 48 8
1 90 5
1 63 9
1 14 6
1 49 10
1 27 9
1 20 6
1 44 6
1 34 2
1 70 4
1 11 3
1 84 1
1 58 3
1 78 4
1 55 10
1 66 3
1 97 4
1 68 10
1 17 6
1 29 8
1 99 2
1 16 10
1 46 3
1 19 6
1 42 2
1 77 6
1 98 8
1 9 7
1 71 6
1 82 5
1 53 7
1 56 6
1 100 10
1 74 7
1 60 8
1 12 4
1 65 4
1 52 6
1 31 9
1 73 2
1 87 5
1 67 10
1 94 2
1 13 3
1 5 6
1 6 10
1 88 2
1 81 8
1 96 10
1 57 4
1 64 10
1 45 6
1 38 3
1 22 8
1 85 7
1 2 3
1 36 4
1 79 2
1 54 3
1 8 5
1 40 8
1 10 1
1 7 8
1 41 7
1 33 5
1 25 2
1 95 2
1 93 3
2 91 9
2 98 3
2 25 4
2 24 4
2 62 8
2 88 2
2 92 2
2 68 7
2 67 7
2 15 5
2 94 4
2 60 4
2 20 10
2 90 6
2 93 4
2 4 4
2 16 2
2 22 6
2 96 7
2 18 6
2 27 2
2 7 4
2 6 9
2 84 1
2 70 5
2 63 6
2 39 6
2 76 9
2 55 6
2 79 6
2 26 4
2 37 3
2 89 4
2 33 10
2 5 9
2 80 2
2 64 4
2 11 9
2 46 7
2 58 6
2 3 5
2 35 1
2 10 9
2 43 8
2 65 6
2 36 5
2 28 4
2 59 2
2 45 2
2 42 2
2 56 5
2 31 7
2 17 5
2 78 7
2 73 8
2 77 4
2 75 5
2 72 3
2 8 8
2 82 7
2 71 9
2 23 10
2 49 10
2 19 8
2 57 2
2 21 7
2 61 3
2 53 7
2 30 7
2 85 9
2 41 2
2 51 5
2 13 8
2 38 5
2 52 1
2 29 3
2 44 10
2 97 10
2 83 10
2 54 1
2 32 9
2 100 3
2 95 2
2 86 5
2 48 8
3 80 9
3 46 4
3 10 5
3 67 5
3 35 8
3 7 1
3 88 1
3 71 5
3 77 10
3 93 2
3 72 1
3 40 3
3 18 8
3 85 3
3 74 8
3 65 3
3 49 8
3 56 2
3 92 3
3 68 8
3 73 2
3 22 6
3 29 2
3 51 7
3 89 6
3 91 10
3 100 8
3 20 6
3 26 10
3 94 2
3 30 4
3 6 5
3 4 6
3 19 3
3 54 3
3 64 7
3 61 10
3 33 4
3 55 7
3 25 1
3 11 5
3 21 1
3 53 8
3 76 5
3 13 4
3 83 8
3 79 7
3 66 6
3 47 7
3 9 2
3 87 7
3 98 1
3 15 9
3 17 5
3 99 1
3 12 1
3 95 5
3 23 6
3 50 2
3 8 10
3 28 6
3 5 5
3 38 7
3 27 8
3 24 4
3 42 3
3 16 6
3 58 9
3 81 10
3 41 6
3 39 2
3 63 5
3 36 4
3 59 8
3 43 1
3 44 3
3 34 4
3 62 1
3 84 6
3 14 7
3 45 8
3 52 10
3 57 2
3 48 9
3 97 6
3 78 5
3 70 7
4 10 3
4 12 9
4 66 9
4 89 8
4 68 10
4 95 4
4 56 3
4 59 10
4 72 4
4 34 9
4 17 4
4 94 6
4 85 10
4 6 9
4 42 8
4 79 2
4 11 8
4 87 1
4 93 2
4 31 7
4 99 3
4 76 1
4 69 1
4 15 1
4 84 9
4 18 3
4 28 1
4 86 10
4 51 3
4 83 1
4 26 1
4 64 2
4 97 9
4 67 6
4 88 8
4 46 5
4 32 3
4 74 10
4 81 10
4 70 5
4 52 8
4 45 10
4 49 6
4 77 3
4 71 7
4 13 3
4 90 1
4 58 1
4 27 7
4 96 2
4 16 2
4 48 9
4 61 2
4 92 5
4 22 7
4 53 7
4 38 4
4 39 6
4 75 7
4 7 3
4 44 8
4 47 7
4 8 3
4 65 1
4 41 5
4 91 9
4 21 6
4 23 9
4 98 4
4 24 8
4 30 8
4 29 8
4 54 3
4 73 8
4 9 1
4 82 5
4 80 6
4 55 10
4 20 8
4 60 3
4 63 1
4 78 8
4 5 4
5 100 2
5 10 7
5 81 5
5 63 2
5 48 8
5 94 9
5 50 1
5 60 5
5 11 4
5 76 4
5 64 9
5 95 3
5 69 9
5 99 7
5 9 5
5 36 7
5 59 7
5 73 6
5 85 10
5 28 4
5 23 5
5 39 1
5 12 4
5 61 7
5 19 2
5 43 3
5 66 5
5 6 9
5 74 2
5 70 6
5 58 8
5 71 1
5 57 8
5 47 5
5 52 2
5 77 1
5 42 8
5 14 2
5 22 10
5 72 7
5 78 1
5 32 8
5 88 5
5 49 7
5 25 8
5 38 9
5 83 6
5 7 10
5 51 8
5 15 8
5 31 2
5 34 3
5 86 8
5 96 5
5 35 10
5 92 6
5 97 4
5 33 6
5 54 6
5 30 9
5 45 1
5 24 7
5 44 6
5 18 5
5 53 4
5 90 9
5 29 2
5 13 10
5 21 6
5 8 8
5 91 4
5 65 4
5 79 7
5 27 3
5 93 5
5 89 1
5 55 4
5 20 2
5 80 3
5 67 5
5 87 4
5 82 8
5 17 5
5 56 10
5 46 9
5 98 3
5 41 8
5 62 10
6 23 1
6 41 9
6 72 2
6 60 8
6 92 2
6 16 6
6 65 2
6 81 1
6 87 1
6 51 7
6 17 5
6 46 6
6 86 10
6 52 10
6 47 7
6 30 9
6 100 10
6 56 4
6 39 8
6 20 5
6 26 1
6 84 9
6 45 9
6 21 8
6 69 10
6 75 2
6 14 7
6 74 7
6 54 4
6 57 4
6 63 7
6 97 9
6 25 8
6 37 9
6 38 3
6 22 1
6 11 8
6 28 7
6 62 2
6 67 8
6 32 7
6 78 9
6 40 4
6 24 4
6 8 5
6 15 2
6 50 8
6 64 5
6 44 7
6 48 3
6 27 1
6 53 3
6 35 4
6 43 3
6 71 7
6 76 4
6 9 2
6 31 4
6 58 8
6 49 4
6 33 9
6 80 8
6 85 5
6 79 4
6 94 4
6 13 2
6 91 4
6 59 8
6 82 5
6 98 6
6 61 2
6 99 10
6 95 10
6 55 10
6 93 1
6 96 6
6 34 4
6 7 10
6 90 3
6 10 9
6 73 7
6 77 1
6 19 3
6 88 9
6 83 10
6 42 10
6 18 5
6 89 8
6 70 2
6 68 2
7 76 1
7 34 1
7 16 6
7 65 2
7 44 8
7 52 1
7 49 3
7 33 9
7 11 3
7 20 4
7 31 4
7 15 8
7 12 4
7 95 2
7 83 6
7 30 7
7 71 3
7 61 4
7 9 5
7 10 8
7 66 3
7 25 9
7 70 6
7 17 10
7 8 1
7 45 6
7 58 10
7 38 5
7 56 9
7 26 6
7 50 8
7 37 6
7 27 4
7 40 10
7 74 1
7 78 8
7 23 1
7 59 9
7 91 7
7 94 6
7 42 7
7 80 6
7 48 4
7 39 9
7 67 7
7 99 3
7 14 5
7 89 6
7 13 9
7 43 5
7 21 7
7 87 1
7 36 6
7 69 7
7 92 5
7 32 9
7 29 5
7 54 4
7 62 6
7 57 3
7 55 8
7 19 2
7 35 4
7 97 4
7 88 10
7 68 7
7 81 7
7 46 5
7 75 1
7 100 5
7 84 5
7 73 8
7 85 9
7 18 4
7 41 4
7 60 5
7 24 1
7 82 6
7 53 8
7 98 1
7 79 7
8 39 1
8 62 3
8 86 2
8 89 1
8 12 6
8 38 8
8 10 2
8 57 9
8 95 10
8 83 2
8 91 1
8 99 7
8 71 9
8 98 6
8 63 7
8 29 10
8 94 3
8 49 5
8 93 3
8 46 5
8 47 6
8 9 5
8 65 6
8 53 5
8 51 10
8 72 1
8 90 6
8 14 6
8 84 3
8 60 7
8 37 3
8 22 10
8 66 10
8 87 5
8 23 1
8 19 3
8 15 9
8 74 1
8 30 9
8 61 7
8 26 10
8 56 3
8 17 3
8 33 7
8 75 10
8 77 2
8 21 4
8 70 1
8 24 6
8 88 9
8 85 9
8 16 2
8 64 1
8 48 3
8 32 3
8 44 5
8 36 7
8 69 9
8 35 10
8 11 2
8 96 7
8 58 8
8 55 3
8 42 3
8 13 9
8 28 1
8 76 8
8 80 8
8 78 9
8 41 9
8 34 1
8 68 7
8 54 1
8 50 7
8 73 5
8 27 2
8 67 10
8 43 2
8 79 7
8 81 9
8 82 7
8 25 2
8 45 10
8 97 5
9 47 2
9 90 5
9 29 7
9 99 6
9 35 4
9 68 1
9 79 8
9 31 10
9 22 8
9 83 9
9 27 8
9 92 7
9 19 3
9 87 7
9 84 9
9 56 3
9 72 4
9 12 5
9 23 7
9 71 10
9 100 5
9 49 3
9 24 7
9 52 7
9 14 6
9 51 7
9 85 4
9 64 9
9 17 4
9 28 4
9 26 3
9 15 8
9 25 2
9 57 2
9 76 4
9 40 4
9 13 10
9 46 2
9 10 3
9 50 9
9 70 3
9 39 6
9 97 7
9 73 9
9 96 10
9 62 4
9 16 10
9 59 5
9 30 10
9 66 7
9 78 10
9 42 9
9 32 4
9 86 7
9 91 8
9 88 8
9 75 5
9 81 2
9 20 10
9 60 4
9 43 10
9 21 7
9 65 4
9 58 1
9 33 5
9 61 6
9 45 9
9 77 3
9 69 8
9 89 2
9 94 3
9 44 6
9 48 3
9 37 1
9 18 10
9 98 7
9 93 9
9 67 4
9 38 8
9 55 3
9 11 9
10 60 4
10 17 8
10 55 4
10 79 10
10 70 9
10 37 4
10 49 8
10 90 3
10 11 3
10 21 4
10 84 4
10 42 10
10 16 7
10 32 8
10 77 8
10 54 4
10 31 2
10 99 6
10 80 4
10 34 7
10 92 4
10 41 2
10 67 1
10 25 3
10 64 9
10 58 2
10 20 1
10 27 3
10 52 5
10 71 5
10 65 3
10 29 8
10 48 10
10 95 9
10 46 7
10 57 3
10 89 7
10 33 10
10 72 4
10 98 1
10 53 6
10 82 4
10 40 5
10 73 8
10 50 5
10 47 2
10 100 8
10 93 3
10 62 2
10 43 8
10 94 4
10 22 3
10 18 2
10 14 4
10 30 1
10 85 5
10 76 9
10 78 1
10 91 7
10 75 5
10 13 3
10 28 2
10 51 10
10 69 1
10 97 9
10 63 9
10 12 6
10 19 6
10 61 8
10 23 9
10 59 6
10 45 10
10 36 6
10 35 9
10 86 6
10 15 7
10 39 8
10 87 9
10 56 2
10 38 3
10 68 8
10 26 4
10 66 4
11 25 3
11 62 2
11 55 5
11 90 4
11 48 3
11 18 6
11 22 6
11 60 3
11 54 2
11 40 1
11 80 10
11 79 9
11 68 1
11 94 9
11 45 6
11 37 10
11 21 6
11 73 3
11 69 3
11 38 2
11 86 5
11 81 3
11 13 8
11 46 10
11 78 1
11 31 2
11 98 9
11 14 5
11 61 6
11 77 8
11 93 7
11 16 4
11 84 5
11 87 3
11 34 9
11 67 9
11 30 4
11 53 10
11 97 8
11 39 5
11 74 7
11 28 9
11 51 8
11 41 6
11 76 4
11 88 7
11 27 2
11 47 9
11 96 4
11 44 10
11 64 10
11 12 2
11 70 2
11 43 2
11 59 1
11 95 2
11 35 7
11 52 10
11 92 2
11 42 3
11 17 4
11 63 8
11 33 7
11 56 10
11 100 10
11 20 1
11 72 7
11 89 3
11 32 1
11 15 1
11 66 5
11 82 9
11 83 5
11 24 8
11 58 3
11 23 10
11 50 5
11 85 1
11 49 2
11 26 2
11 65 4
11 91 6
11 57 1
12 17 1
12 19 4
12 48 8
12 31 1
12 33 1
12 15 10
12 24 7
12 20 4
12 44 8
12 47 9
12 98 5
12 88 10
12 43 10
12 89 7
12 58 2
12 83 7
12 53 5
12 26 6
12 38 4
12 66 7
12 99 6
12 55 10
12 36 3
12 56 8
12 52 6
12 23 3
12 65 8
12 18 2
12 92 3
12 39 2
12 74 3
12 22 6
12 86 5
12 30 2
12 73 4
12 13 6
12 69 8
12 49 1
12 87 7
12 70 10
12 16 10
12 84 2
12 79 9
12 14 3
12 51 7
12 25 9
12 76 6
12 27 5
12 54 7
12 72 8
12 80 4
12 62 9
12 71 5
12 64 7
12 95 10
12 96 7
12 40 6
12 29 10
12 82 3
12 81 10
12 37 1
12 63 7
12 91 9
12 21 7
12 32 7
12 59 2
12 41 3
12 61 2
12 75 3
12 94 7
12 77 5
12 85 4
12 68 9
12 42 3
12 93 4
12 50 6
12 97 3
12 28 4
12 100 6
12 45 5
12 78 9
12 46 9
13 34 9
13 77 10
13 96 8
13 67 1
13 53 4
13 33 10
13 65 3
13 74 2
13 22 6
13 43 7
13 19 5
13 87 4
13 31 1
13 64 10
13 66 8
13 71 10
13 17 2
13 72 1
13 68 8
13 75 10
13 48 1
13 62 2
13 69 5
13 98 8
13 95 4
13 61 4
13 54 5
13 46 1
13 82 4
13 27 10
13 93 4
13 90 1
13 57 10
13 44 3
13 70 2
13 15 2
13 88 3
13 84 4
13 76 3
13 51 9
13 25 6
13 83 5
13 30 4
13 16 3
13 35 1
13 60 5
13 73 8
13 14 4
13 32 8
13 100 2
13 18 9
13 80 9
13 37 2
13 99 7
13 50 5
13 86 1
13 45 9
13 52 7
13 56 6
13 47 8
13 23 3
13 28 4
13 94 10
13 91 5
13 40 5
13 49 7
13 29 4
13 81 3
13 79 4
13 38 5
13 89 6
13 42 1
13 26 7
13 20 10
13 58 4
13 39 6
13 97 2
13 63 3
13 21 5
13 92 7
14 18 10
14 72 10
14 90 4
14 83 10
14 59 9
14 78 9
14 100 10
14 44 10
14 23 6
14 65 10
14 91 8
14 61 10
14 73 4
14 37 4
14 89 4
14 43 6
14 95 8
14 17 10
14 48 3
14 54 1
14 60 3
14 16 9
14 93 1
14 57 6
14 82 6
14 58 8
14 35 2
14 79 5
14 46 10
14 32 6
14 71 2
14 67 1
14 69 8
14 27 1
14 55 3
14 21 4
14 99 1
14 85 8
14 74 4
14 40 1
14 63 6
14 52 3
14 81 9
14 33 1
14 28 1
14 97 8
14 64 4
14 80 3
14 92 7
14 42 2
14 49 6
14 22 8
14 84 6
14 50 10
14 53 10
14 34 7
14 68 10
14 94 6
14 56 9
14 77 3
14 38 3
14 86 1
14 75 9
14 96 1
14 45 2
14 29 5
14 98 7
14 24 2
14 20 6
14 76 10
14 30 9
14 19 4
15 72 7
15 81 2
15 62 4
15 17 6
15 25 7
15 68 1
15 82 3
15 43 1
15 34 9
15 75 7
15 88 10
15 48 5
15 87 5
15 73 8
15 67 10
15 20 4
15 60 9
15 22 4
15 38 4
15 86 1
15 26 9
15 77 5
15 58 6
15 24 5
15 95 4
15 29 10
15 90 6
15 61 6
15 83 3
15 100 9
15 76 4
15 49 6
15 80 10
15 21 6
15 30 4
15 16 6
15 93 10
15 84 3
15 99 2
15 19 3
15 78 3
15 98 6
15 70 6
15 57 8
15 91 6
15 23 1
15 32 2
15 33 10
15 56 10
15 55 6
15 45 4
15 53 8
15 54 4
15 96 6
15 18 1
15 92 6
15 40 9
15 69 10
15 71 4
15 52 4
15 65 3
15 85 3
15 36 10
15 46 1
15 37 3
15 28 4
15 94 8
15 35 6
15 51 6
15 42 9
15 63 10
15 59 1
15 41 6
15 47 10
15 89 9
15 27 7
15 44 7
15 31 4
16 84 2
16 68 10
16 41 4
16 79 5
16 58 1
16 57 4
16 90 9
16 86 9
16 92 10
16 74 7
16 60 3
16 28 7
16 25 8
16 38 8
16 94 1
16 26 2
16 96 5
16 61 7
16 77 4
16 54 1
16 39 6
16 17 7
16 89 3
16 20 3
16 97 2
16 65 8
16 23 2
16 59 3
16 51 7
16 30 8
16 75 4
16 37 9
16 48 6
16 76 3
16 53 7
16 100 1
16 85 4
16 62 2
16 44 3
16 70 6
16 98 5
16 64 10
16 43 1
16 22 4
16 32 1
16 45 8
16 33 7
16 95 8
16 18 9
16 91 1
16 50 5
16 36 2
16 66 2
16 42 5
16 88 3
16 47 1
16 21 1
16 99 7
16 93 2
16 73 4
16 63 1
16 87 2
16 81 9
16 72 3
16 78 7
16 49 4
16 31 2
16 71 3
16 56 4
16 69 9
16 80 1
16 27 3
16 83 3
16 40 5
16 35 5
16 19 6
16 29 6
17 43 10
17 44 2
17 78 5
17 74 3
17 45 6
17 18 7
17 58 2
17 20 4
17 97 4
17 77 8
17 62 3
17 92 6
17 72 8
17 53 6
17 86 1
17 59 4
17 41 3
17 55 9
17 57 9
17 48 3
17 26 10
17 25 5
17 99 9
17 22 2
17 73 2
17 40 10
17 52 6
17 56 6
17 50 5
17 64 5
17 49 4
17 66 3
17 19 9
17 21 10
17 82 2
17 33 6
17 93 10
17 27 6
17 91 2
17 68 7
17 98 1
17 81 8
17 61 5
17 23 6
17 24 10
17 39 10
17 88 3
17 65 5
17 37 4
17 96 7
17 32 4
17 67 10
17 75 8
17 31 7
17 80 5
17 28 4
17 60 9
17 47 1
17 69 2
17 71 8
17 29 6
17 30 4
17 34 3
17 95 7
17 35 5
17 90 4
17 70 6
17 38 5
17 84 2
17 87 3
17 46 1
17 51 10
17 63 4
17 36 10
18 96 5
18 82 4
18 23 8
18 58 10
18 75 10
18 69 7
18 27 2
18 26 5
18 90 2
18 47 9
18 85 10
18 42 9
18 89 2
18 33 8
18 81 4
18 32 10
18 48 9
18 80 2
18 74 3
18 57 9
18 60 4
18 66 2
18 40 4
18 21 10
18 71 7
18 20 5
18 34 8
18 65 10
18 54 3
18 64 6
18 68 9
18 97 10
18 56 2
18 24 6
18 72 7
18 30 7
18 35 8
18 83 5
18 38 10
18 51 10
18 44 7
18 31 5
18 84 2
18 73 5
18 19 8
18 22 10
18 49 4
18 77 5
18 63 1
18 39 1
18 86 7
18 76 2
18 67 3
18 100 4
18 53 6
18 25 5
18 88 9
18 93 3
18 37 9
18 36 9
18 55 7
18 99 3
18 92 10
18 94 1
18 91 2
18 43 2
18 61 3
19 88 7
19 32 8
19 82 4
19 72 9
19 90 2
19 78 5
19 28 10
19 57 5
19 42 8
19 85 8
19 89 1
19 98 3
19 51 1
19 29 4
19 76 4
19 40 10
19 25 2
19 24 1
19 60 8
19 71 4
19 39 5
19 55 1
19 34 5
19 65 8
19 36 9
19 94 5
19 81 10
19 46 1
19 35 1
19 49 10
19 91 6
19 92 6
19 33 3
19 77 8
19 83 7
19 58 2
19 53 9
19 87 3
19 84 7
19 43 2
19 50 5
19 22 9
19 47 8
19 86 3
19 59 6
19 96 4
19 61 3
19 21 8
19 52 10
19 37 1
19 31 1
19 30 8
19 69 7
19 68 4
19 70 5
19 56 10
19 80 4
19 79 3
19 66 8
19 75 4
19 95 1
19 99 9
19 100 1
19 64 1
19 27 7
19 74 6
19 67 9
19 97 1
19 23 4
19 62 8
19 63 7
20 32 10
20 27 6
20 92 3
20 81 10
20 95 1
20 43 7
20 54 8
20 42 4
20 83 7
20 50 6
20 35 7
20 30 8
20 91 5
20 52 1
20 21 9
20 53 5
20 38 4
20 63 3
20 97 10
20 57 9
20 60 10
20 40 10
20 67 2
20 82 6
20 47 4
20 72 10
20 41 1
20 34 1
20 62 5
20 37 3
20 77 8
20 31 5
20 78 3
20 51 8
20 74 4
20 94 2
20 90 5
20 39 10
20 84 8
20 24 2
20 88 10
20 98 4
20 56 6
20 68 2
20 58 10
20 23 4
20 75 4
20 79 7
20 46 10
20 49 10
20 33 8
20 44 3
20 48 10
20 99 2
20 87 6
20 96 4
20 25 8
20 93 4
20 59 8
20 71 5
20 29 3
20 61 9
20 86 10
20 66 3
20 76 2
20 26 9
20 89 7
20 65 7
20 70 9
20 69 5
20 64 10
20 100 2
21 61 6
21 41 2
21 81 10
21 98 1
21 49 5
21 89 1
21 62 3
21 26 7
21 95 10
21 73 2
21 39 8
21 24 5
21 83 5
21 69 8
21 60 3
21 42 3
21 93 5
21 38 7
21 55 2
21 53 9
21 34 3
21 94 3
21 71 4
21 48 3
21 33 6
21 78 7
21 79 8
21 30 8
21 25 4
21 68 10
21 57 2
21 59 8
21 76 9
21 28 8
21 52 4
21 80 1
21 43 9
21 96 9
21 75 1
21 70 9
21 31 4
21 84 6
21 87 7
21 86 7
21 63 8
21 100 10
21 35 8
21 44 10
21 65 1
21 50 10
21 58 9
21 85 5
21 82 4
21 56 7
21 67 1
21 32 9
21 37 2
21 92 9
21 91 2
21 90 6
21 40 1
21 88 1
21 72 7
21 99 3
21 46 4
21 97 5
21 29 9
21 54 7
21 64 10
21 36 1
21 77 4
21 22 3
21 27 9
21 74 6
21 66 7
22 72 3
22 67 2
22 36 2
22 85 10
22 47 6
22 74 1
22 64 2
22 35 10
22 34 10
22 59 1
22 88 1
22 99 1
22 26 6
22 29 9
22 79 2
22 30 5
22 31 7
22 37 7
22 75 3
22 76 8
22 95 1
22 63 9
22 49 8
22 82 7
22 69 3
22 24 6
22 23 8
22 94 3
22 56 7
22 65 1
22 66 9
22 54 10
22 27 10
22 40 3
22 93 1
22 28 4
22 58 1
22 71 8
22 87 7
22 48 10
22 53 9
22 89 3
22 25 7
22 50 9
22 39 6
22 97 3
22 42 10
22 57 9
22 92 6
22 84 3
22 46 9
22 38 6
22 91 5
22 55 10
22 86 1
22 45 6
22 73 3
22 44 5
22 70 1
22 60 6
22 96 10
22 90 2
22 77 4
22 43 5
22 98 3
22 83 9
22 51 1
22 61 5
22 32 9
23 32 1
23 68 10
23 88 7
23 71 5
23 91 7
23 37 6
23 86 8
23 82 3
23 84 9
23 52 5
23 36 10
23 95 4
23 99 5
23 63 10
23 73 3
23 46 9
23 41 5
23 35 9
23 28 5
23 26 6
23 47 3
23 69 7
23 62 10
23 51 5
23 89 5
23 33 5
23 98 9
23 83 5
23 81 10
23 94 5
23 58 5
23 60 9
23 90 10
23 56 1
23 78 4
23 48 3
23 61 2
23 92 4
23 72 5
23 29 1
23 49 3
23 66 2
23 64 6
23 34 6
23 55 7
23 30 8
23 70 10
23 97 2
23 76 3
23 39 4
23 25 9
23 77 9
23 67 6
23 80 3
23 65 10
23 38 3
23 43 9
23 75 7
23 59 3
23 45 1
23 79 6
23 53 1
23 31 9
23 54 2
23 50 1
23 74 5
23 57 9
23 44 5
23 24 3
24 79 9
24 89 7
24 92 7
24 52 5
24 75 3
24 65 5
24 96 6
24 66 2
24 39 9
24 37 10
24 54 9
24 81 6
24 95 6
24 40 9
24 76 1
24 32 2
24 77 10
24 57 1
24 97 6
24 80 3
24 87 4
24 53 4
24 51 1
24 59 8
24 26 5
24 72 3
24 25 9
24 58 3
24 94 3
24 44 10
24 56 8
24 63 6
24 85 10
24 61 6
24 78 5
24 70 10
24 28 4
24 27 5
24 34 8
24 91 4
24 99 4
24 41 9
24 47 3
24 71 9
24 33 9
24 30 10
24 84 2
24 98 7
24 48 1
24 69 4
24 55 2
24 88 10
24 68 5
24 73 3
24 67 3
24 50 3
24 83 6
24 31 9
24 36 7
24 29 9
24 62 10
24 35 9
24 42 5
24 60 6
24 100 9
24 93 9
24 45 9
24 90 9
25 48 10
25 36 5
25 74 9
25 59 4
25 78 1
25 63 7
25 95 10
25 93 6
25 82 5
25 77 1
25 73 1
25 57 5
25 35 10
25 39 7
25 55 9
25 72 3
25 83 6
25 45 6
25 66 8
25 26 4
25 76 10
25 40 9
25 30 8
25 28 8
25 96 10
25 97 7
25 65 4
25 71 5
25 27 9
25 29 8
25 98 4
25 53 9
25 99 8
25 64 1
25 60 8
25 68 9
25 94 7
25 69 8
25 81 2
25 52 4
25 49 5
25 47 5
25 44 9
25 42 10
25 85 2
25 37 8
25 91 1
25 89 7
25 87 6
25 92 10
25 62 6
25 100 8
25 51 7
25 86 10
25 54 9
25 50 1
25 31 1
25 38 9
25 80 8
25 90 1
25 32 8
25 70 5
25 33 7
25 46 10
25 75 9
25 58 7
25 84 5
25 67 7
26 83 6
26 28 10
26 97 9
26 98 2
26 34 4
26 40 4
26 70 9
26 75 2
26 62 3
26 91 8
26 92 9
26 56 10
26 30 3
26 36 9
26 81 7
26 45 9
26 85 10
26 39 6
26 31 8
26 32 4
26 50 1
26 51 3
26 37 9
26 90 8
26 46 9
26 42 3
26 68 8
26 76 9
26 99 2
26 38 1
26 59 10
26 48 4
26 93 10
26 100 6
26 27 8
26 47 7
26 61 5
26 94 7
26 41 8
26 52 10
26 64 3
26 49 7
26 44 9
26 82 8
26 29 8
26 35 9
26 71 9
26 87 8
26 88 8
26 33 8
26 55 7
26 63 7
26 43 2
26 69 7
26 79 1
26 77 9
26 54 7
26 73 4
26 95 8
26 96 10
26 80 6
26 86 10
26 58 9
26 74 6
27 30 8
27 65 1
27 95 3
27 89 2
27 86 2
27 41 10
27 73 3
27 36 9
27 58 6
27 35 8
27 93 4
27 79 3
27 42 6
27 71 9
27 97 5
27 43 7
27 78 3
27 49 4
27 28 6
27 52 6
27 54 5
27 72 7
27 32 6
27 64 8
27 55 10
27 50 9
27 34 1
27 84 2
27 29 7
27 38 5
27 81 6
27 51 3
27 74 6
27 83 3
27 67 1
27 82 3
27 85 7
27 60 6
27 53 2
27 57 1
27 98 9
27 59 3
27 39 2
27 66 5
27 31 7
27 62 2
27 100 9
27 90 3
27 96 7
27 33 10
27 44 7
27 80 4
27 48 9
27 68 4
27 99 5
27 45 1
27 75 2
27 70 5
27 76 8
27 69 6
27 46 1
27 56 2
27 92 7
27 37 8
27 77 10
28 42 5
28 54 4
28 72 6
28 85 9
28 61 8
28 90 9
28 32 10
28 84 6
28 33 6
28 93 9
28 82 10
28 43 8
28 75 4
28 36 10
28 74 7
28 67 5
28 98 10
28 46 3
28 50 5
28 41 7
28 86 9
28 78 2
28 34 1
28 91 7
28 45 7
28 70 4
28 52 3
28 99 8
28 88 8
28 58 9
28 87 4
28 65 9
28 40 9
28 48 6
28 89 4
28 30 8
28 100 1
28 47 9
28 60 2
28 62 3
28 57 10
28 31 10
28 97 3
28 35 7
28 77 6
28 64 10
28 68 4
28 83 5
28 39 5
28 69 8
28 81 5
28 55 7
28 76 5
28 63 3
28 29 6
28 95 3
28 37 2
28 80 8
28 92 4
28 94 2
28 71 1
28 79 6
28 96 4
28 56 6
28 44 9
28 66 3
29 98 8
29 62 2
29 97 1
29 58 1
29 47 8
29 73 1
29 37 3
29 89 10
29 50 4
29 90 1
29 30 9
29 87 4
29 56 4
29 82 3
29 84 1
29 85 3
29 71 10
29 64 5
29 99 7
29 57 5
29 78 1
29 63 1
29 76 1
29 44 8
29 59 1
29 66 3
29 67 8
29 75 7
29 52 6
29 55 10
29 53 9
29 43 4
29 91 4
29 70 7
29 39 2
29 34 8
29 36 4
29 42 3
29 69 4
29 40 9
29 94 9
29 35 2
29 68 1
29 77 8
29 51 7
29 88 9
29 100 6
29 81 5
29 49 1
29 65 2
29 86 8
29 38 6
29 54 2
29 79 2
29 60 9
29 48 9
29 92 2
29 61 9
29 46 8
29 45 8
29 74 10
29 41 7
29 72 4
29 33 2
29 31 5
29 80 8
29 83 4
30 100 9
30 52 5
30 64 7
30 70 8
30 92 4
30 45 2
30 48 10
30 34 9
30 35 7
30 46 3
30 61 8
30 98 3
30 81 10
30 77 1
30 97 1
30 83 2
30 43 1
30 57 10
30 36 5
30 91 7
30 89 1
30 39 5
30 47 2
30 96 9
30 76 4
30 85 9
30 41 3
30 55 6
30 59 7
30 68 4
30 50 8
30 63 5
30 72 3
30 82 9
30 73 4
30 71 4
30 79 4
30 32 5
30 75 4
30 99 8
30 67 10
30 74 1
30 33 5
30 62 10
30 44 3
30 51 6
30 87 2
30 31 9
30 66 2
30 88 1
30 78 4
30 69 3
30 53 9
30 65 6
30 42 3
30 58 5
30 94 3
30 60 6
30 49 4
30 56 2
30 54 6
30 40 6
30 80 3
30 38 7
30 86 1
31 80 2
31 41 3
31 56 10
31 42 8
31 93 4
31 32 7
31 78 10
31 58 9
31 91 7
31 36 9
31 54 10
31 45 5
31 72 3
31 97 2
31 90 3
31 60 1
31 94 10
31 47 3
31 100 1
31 35 5
31 74 3
31 33 7
31 84 9
31 99 1
31 44 5
31 64 1
31 77 8
31 51 10
31 83 2
31 37 8
31 57 5
31 70 1
31 38 10
31 53 4
31 34 2
31 59 6
31 46 5
31 96 9
31 69 4
31 49 1
31 76 5
31 95 8
31 85 10
31 71 5
31 39 10
31 87 4
31 65 3
31 81 10
31 50 4
31 55 2
31 48 5
31 61 6
31 40 3
31 68 1
31 73 6
31 98 1
31 86 6
31 62 5
31 88 2
31 92 9
31 82 8
32 93 9
32 94 7
32 51 1
32 67 10
32 42 6
32 53 10
32 56 10
32 77 4
32 45 2
32 54 1
32 96 5
32 46 9
32 91 1
32 100 10
32 70 1
32 64 1
32 61 7
32 33 6
32 99 10
32 37 8
32 66 7
32 38 6
32 75 5
32 55 2
32 44 2
32 89 7
32 78 1
32 62 7
32 95 8
32 98 9
32 73 5
32 85 5
32 34 8
32 47 10
32 49 1
32 63 4
32 68 4
32 87 10
32 88 5
32 57 6
32 80 1
32 81 10
32 83 3
32 65 9
32 36 10
32 86 3
32 92 6
32 72 5
32 35 2
32 74 5
32 59 10
32 69 8
32 60 3
32 39 8
32 90 9
32 82 3
32 71 7
32 58 10
32 48 5
32 40 5
32 79 5
32 52 4
33 87 4
33 91 7
33 62 1
33 43 1
33 65 2
33 77 2
33 60 6
33 40 2
33 46 6
33 63 5
33 99 5
33 75 7
33 55 5
33 84 2
33 61 9
33 88 8
33 39 10
33 80 6
33 52 5
33 78 6
33 96 6
33 98 3
33 93 6
33 53 8
33 74 4
33 83 6
33 54 9
33 70 1
33 100 7
33 49 8
33 81 1
33 42 8
33 69 7
33 94 10
33 45 10
33 71 3
33 51 1
33 36 6
33 67 8
33 41 8
33 48 1
33 57 7
33 38 1
33 34 4
33 66 10
33 35 6
33 85 2
33 72 8
33 89 2
33 44 1
33 97 10
33 92 9
33 47 6
33 68 7
33 79 8
33 59 8
33 95 10
33 90 10
33 37 9
33 56 9
33 50 7
33 64 5
34 63 6
34 56 9
34 74 3
34 93 4
34 37 5
34 86 7
34 87 1
34 83 10
34 94 3
34 40 3
34 42 4
34 46 7
34 95 7
34 49 8
34 61 6
34 85 2
34 67 2
34 77 10
34 35 2
34 66 7
34 59 8
34 92 4
34 43 9
34 41 1
34 72 4
34 99 5
34 60 9
34 97 2
34 89 1
34 57 2
34 90 2
34 55 8
34 54 6
34 47 8
34 39 1
34 96 9
34 58 10
34 65 7
34 70 8
34 81 3
34 80 7
34 51 5
34 91 5
34 38 3
34 78 2
34 53 2
34 84 10
34 64 1
34 69 3
34 68 3
34 73 2
34 48 9
34 75 1
34 44 10
34 82 3
34 71 9
34 52 3
34 36 4
35 44 5
35 46 1
35 52 5
35 79 10
35 93 6
35 51 6
35 47 7
35 92 7
35 40 9
35 81 1
35 62 10
35 56 8
35 99 2
35 77 8
35 69 1
35 59 4
35 42 1
35 68 4
35 53 8
35 67 3
35 82 4
35 43 1
35 71 4
35 91 4
35 75 1
35 100 4
35 48 3
35 49 10
35 80 5
35 70 8
35 97 5
35 65 8
35 94 9
35 37 7
35 83 7
35 36 7
35 84 1
35 50 5
35 72 10
35 41 7
35 60 5
35 55 5
35 39 7
35 45 7
35 90 8
35 74 2
35 76 10
35 85 6
35 63 10
35 89 8
35 57 10
35 64 3
35 54 4
35 96 7
35 95 4
35 98 4
35 66 1
35 88 2
35 86 10
36 56 5
36 92 4
36 83 3
36 73 9
36 68 6
36 72 2
36 55 5
36 54 7
36 91 7
36 76 2
36 45 8
36 75 4
36 67 5
36 58 1
36 69 1
36 66 8
36 78 4
36 60 10
36 57 8
36 38 9
36 61 7
36 88 6
36 87 4
36 81 1
36 74 2
36 97 3
36 49 3
36 80 7
36 98 2
36 52 8
36 77 6
36 99 2
36 85 4
36 95 7
36 59 4
36 39 9
36 40 5
36 89 4
36 63 8
36 48 4
36 100 9
36 86 2
36 79 7
36 70 4
36 43 5
36 44 9
36 46 8
36 71 10
36 90 4
36 93 4
36 47 1
36 94 2
36 51 6
36 62 8
36 65 6
36 50 8
36 82 8
36 42 3
37 39 8
37 52 7
37 57 7
37 76 7
37 100 2
37 69 5
37 47 8
37 84 3
37 68 3
37 72 2
37 77 2
37 44 2
37 60 1
37 75 5
37 54 4
37 49 5
37 65 10
37 59 3
37 63 8
37 73 4
37 40 5
37 90 8
37 51 5
37 95 1
37 83 2
37 99 10
37 71 6
37 58 7
37 45 6
37 78 1
37 56 3
37 87 4
37 38 2
37 46 4
37 67 10
37 97 10
37 48 8
37 64 8
37 82 5
37 98 2
37 86 10
37 70 3
37 50 7
37 91 1
37 89 5
37 74 3
37 43 7
37 96 3
37 79 4
37 61 1
37 42 3
37 53 10
37 41 10
37 62 4
37 80 4
37 94 6
37 55 9
37 66 1
37 93 6
37 81 2
37 92 2
37 85 8
38 95 7
38 91 6
38 65 5
38 60 1
38 87 4
38 96 10
38 100 5
38 42 2
38 45 6
38 73 2
38 83 2
38 48 1
38 98 4
38 97 5
38 92 7
38 81 3
38 53 8
38 80 1
38 39 7
38 69 7
38 93 10
38 79 9
38 70 4
38 90 1
38 58 7
38 47 6
38 84 8
38 86 2
38 66 9
38 41 2
38 62 1
38 89 3
38 40 10
38 94 7
38 99 2
38 88 6
38 46 9
38 51 1
38 71 10
38 78 1
38 85 4
38 56 2
38 82 4
38 77 10
38 63 10
38 68 2
38 52 7
38 57 7
38 50 6
38 72 6
38 43 9
38 54 6
38 75 5
38 44 4
38 67 9
38 76 8
38 55 9
38 64 8
38 49 7
39 52 7
39 74 10
39 59 2
39 73 6
39 64 4
39 97 10
39 92 1
39 71 7
39 79 5
39 40 1
39 88 9
39 44 8
39 77 6
39 72 1
39 42 4
39 100 1
39 90 1
39 61 8
39 51 9
39 57 8
39 82 10
39 70 6
39 41 8
39 46 5
39 78 6
39 65 9
39 49 2
39 58 5
39 91 3
39 95 3
39 69 2
39 63 3
39 45 10
39 80 5
39 56 9
39 86 6
39 99 1
39 75 1
39 62 2
39 53 5
39 85 3
39 67 3
39 98 2
39 76 3
39 81 6
39 54 8
39 48 7
39 47 5
39 43 7
39 87 2
39 93 10
39 66 6
39 55 9
39 94 9
39 84 8
40 86 8
40 75 5
40 85 9
40 66 9
40 69 10
40 47 3
40 93 6
40 78 3
40 64 3
40 83 8
40 80 8
40 68 6
40 52 5
40 88 1
40 58 9
40 42 1
40 96 10
40 59 7
40 71 1
40 87 10
40 56 3
40 44 1
40 49 8
40 81 8
40 77 10
40 62 4
40 95 4
40 97 8
40 46 3
40 70 6
40 60 4
40 76 5
40 98 1
40 61 2
40 89 2
40 67 3
40 55 2
40 45 1
40 53 6
40 79 1
40 92 7
40 43 7
40 57 8
40 73 8
40 63 1
40 90 1
40 48 3
40 41 8
40 74 3
40 54 3
40 84 3
41 54 9
41 76 8
41 53 6
41 81 5
41 71 5
41 96 3
41 89 5
41 67 9
41 69 8
41 92 8
41 77 8
41 88 4
41 47 9
41 44 5
41 84 7
41 62 3
41 50 6
41 51 6
41 86 6
41 49 5
41 75 8
41 65 5
41 87 10
41 95 6
41 78 6
41 90 2
41 66 2
41 56 2
41 43 4
41 42 1
41 100 3
41 70 1
41 60 3
41 61 6
41 83 7
41 52 8
41 97 5
41 99 4
41 79 2
41 98 2
41 74 8
41 45 4
41 46 2
41 63 7
41 80 10
41 48 4
41 93 8
41 57 3
41 59 2
41 68 4
41 58 5
41 73 5
41 91 5
42 82 3
42 45 3
42 73 6
42 49 7
42 98 7
42 61 1
42 83 4
42 99 5
42 89 5
42 52 5
42 77 1
42 70 6
42 97 8
42 78 1
42 62 7
42 66 8
42 68 4
42 87 9
42 43 4
42 72 10
42 48 8
42 53 7
42 84 2
42 92 7
42 59 1
42 91 9
42 63 4
42 57 10
42 67 10
42 80 5
42 69 10
42 58 9
42 44 1
42 95 3
42 65 6
42 56 1
42 96 1
42 76 4
42 51 1
42 55 8
42 46 4
42 60 5
42 54 1
42 71 5
42 79 9
42 86 7
42 50 4
42 75 8
42 94 2
42 64 5
42 90 10
42 100 5
42 93 7
43 93 5
43 51 2
43 87 10
43 90 9
43 53 2
43 74 1
43 99 2
43 61 1
43 54 1
43 67 9
43 59 9
43 44 8
43 94 2
43 50 4
43 98 8
43 97 1
43 47 1
43 71 5
43 45 7
43 63 5
43 79 9
43 68 1
43 65 10
43 100 7
43 86 1
43 48 4
43 76 2
43 62 5
43 92 3
43 55 5
43 91 4
43 70 9
43 46 4
43 58 5
43 72 7
43 75 8
43 60 10
43 89 3
43 57 1
43 78 9
43 83 5
43 80 2
43 96 8
43 82 3
43 66 4
43 69 8
43 85 9
43 84 9
43 64 3
43 49 10
43 81 9
43 88 7
44 66 8
44 89 2
44 83 7
44 56 8
44 72 4
44 51 10
44 68 9
44 88 1
44 82 1
44 93 5
44 95 5
44 57 9
44 92 4
44 75 1
44 63 4
44 85 3
44 87 5
44 47 10
44 78 3
44 52 5
44 86 2
44 90 7
44 98 4
44 99 9
44 94 3
44 84 2
44 73 9
44 55 6
44 45 7
44 77 1
44 71 1
44 46 2
44 100 1
44 81 8
44 65 5
44 50 3
44 64 6
44 80 9
44 54 5
44 67 8
44 69 10
44 61 9
44 76 9
44 70 7
44 79 4
44 59 9
44 48 2
44 97 1
44 91 9
44 96 7
44 53 7
45 98 7
45 82 5
45 75 3
45 97 5
45 83 5
45 70 5
45 52 9
45 80 3
45 71 7
45 64 8
45 47 3
45 74 7
45 51 2
45 58 6
45 93 8
45 63 2
45 61 6
45 50 9
45 86 2
45 88 6
45 96 10
45 87 6
45 89 3
45 94 2
45 91 7
45 55 4
45 62 7
45 90 1
45 69 2
45 84 8
45 53 7
45 66 4
45 77 8
45 76 1
45 99 5
45 100 5
45 95 8
45 48 10
45 65 8
45 73 8
45 79 7
45 59 1
45 56 3
45 72 8
45 68 4
45 60 3
45 81 9
45 57 2
45 92 4
45 67 4
46 88 8
46 90 7
46 86 10
46 67 3
46 73 3
46 49 4
46 54 4
46 96 7
46 56 10
46 66 8
46 57 6
46 85 2
46 61 6
46 48 4
46 87 8
46 69 5
46 92 7
46 78 9
46 100 5
46 74 3
46 51 1
46 62 9
46 55 3
46 58 4
46 63 10
46 82 10
46 47 1
46 91 4
46 89 6
46 72 2
46 81 2
46 77 5
46 53 4
46 52 8
46 80 8
46 68 8
46 64 6
46 50 2
46 83 9
46 65 9
46 70 9
46 60 4
46 75 10
46 94 4
46 97 10
47 94 8
47 92 7
47 71 7
47 90 5
47 98 9
47 89 6
47 97 8
47 86 7
47 91 4
47 60 3
47 84 1
47 74 8
47 73 5
47 77 1
47 83 10
47 66 2
47 61 2
47 79 4
47 53 3
47 58 3
47 52 6
47 55 7
47 100 4
47 64 6
47 81 6
47 93 4
47 95 6
47 99 3
47 63 7
47 65 5
47 49 3
47 56 7
47 96 1
47 59 4
47 62 6
47 68 6
47 82 8
47 70 5
47 78 8
47 75 3
47 88 3
47 87 4
47 54 8
47 85 4
47 80 1
47 48 6
47 72 3
47 51 9
48 92 3
48 55 10
48 93 2
48 78 7
48 63 7
48 98 7
48 100 7
48 67 1
48 71 3
48 56 9
48 79 5
48 72 3
48 65 4
48 66 8
48 49 9
48 68 10
48 73 8
48 90 2
48 52 7
48 61 3
48 89 6
48 86 3
48 84 7
48 81 2
48 70 7
48 76 5
48 87 5
48 94 5
48 99 5
48 69 1
48 59 9
48 82 9
48 80 5
48 95 7
48 97 10
48 74 7
48 88 10
48 60 2
48 91 4
48 64 4
48 53 1
48 50 2
48 54 2
48 62 9
48 83 10
48 75 8
48 57 4
48 51 9
49 73 8
49 84 7
49 83 7
49 89 10
49 53 1
49 70 2
49 61 8
49 88 8
49 79 8
49 81 8
49 58 2
49 74 1
49 75 4
49 72 2
49 68 4
49 65 8
49 86 4
49 63 3
49 50 5
49 76 8
49 66 6
49 77 1
49 87 8
49 69 5
49 52 5
49 78 10
49 55 6
49 56 2
49 93 4
49 82 8
49 94 8
49 91 3
49 62 7
49 97 6
49 100 6
49 60 1
49 59 6
49 67 3
49 80 6
49 54 2
49 64 4
49 51 3
49 98 1
49 96 7
50 93 9
50 57 7
50 66 1
50 58 2
50 86 9
50 75 2
50 61 1
50 83 6
50 88 1
50 62 8
50 72 5
50 92 5
50 52 7
50 80 10
50 70 10
50 51 5
50 73 6
50 96 5
50 79 2
50 54 4
50 67 4
50 94 6
50 78 5
50 82 4
50 91 4
50 87 6
50 65 2
50 56 8
50 99 2
50 84 9
50 89 9
50 68 3
50 77 8
50 60 5
50 63 3
50 64 4
50 53 9
50 95 8
50 59 1
50 76 7
50 71 5
50 69 3
50 97 2
50 90 6
50 81 4
50 85 10
51 80 1
51 82 10
51 83 6
51 77 7
51 85 7
51 70 6
51 88 3
51 57 5
51 53 7
51 93 8
51 66 7
51 68 1
51 87 8
51 56 10
51 55 4
51 95 9
51 71 2
51 94 2
51 90 4
51 65 4
51 72 10
51 67 10
51 86 3
51 81 5
51 92 9
51 91 7
51 52 8
51 96 10
51 69 6
51 76 7
51 62 1
51 74 5
51 84 9
51 58 10
51 79 9
51 54 1
51 89 5
51 60 10
51 78 9
51 75 1
51 61 5
51 99 10
51 63 5
51 59 2
51 64 4
52 83 8
52 86 8
52 88 4
52 81 5
52 70 4
52 80 2
52 96 7
52 62 9
52 58 9
52 82 8
52 79 6
52 99 8
52 95 1
52 93 9
52 94 7
52 56 3
52 71 2
52 69 1
52 91 8
52 98 4
52 84 5
52 53 7
52 100 9
52 77 3
52 73 2
52 59 5
52 65 7
52 68 9
52 92 10
52 60 2
52 55 4
52 57 8
52 72 4
52 87 3
52 64 6
52 61 1
52 97 4
52 74 7
52 67 9
52 85 4
52 75 10
52 63 5
52 90 8
52 76 5
52 54 3
52 66 3
52 78 8
53 76 6
53 57 3
53 99 3
53 98 6
53 74 2
53 73 3
53 75 3
53 86 5
53 79 3
53 61 8
53 69 1
53 97 4
53 70 1
53 91 3
53 54 4
53 65 3
53 78 7
53 90 8
53 80 4
53 56 1
53 94 9
53 92 1
53 82 5
53 67 8
53 89 8
53 81 2
53 88 8
53 66 10
53 87 1
53 93 9
53 83 4
53 71 9
53 59 2
53 60 10
53 62 5
53 84 2
53 58 4
53 72 8
53 63 4
53 64 7
53 77 1
53 95 9
54 82 1
54 80 6
54 83 3
54 69 9
54 57 1
54 71 4
54 90 3
54 88 10
54 61 1
54 92 5
54 70 3
54 100 7
54 94 6
54 66 5
54 60 1
54 97 4
54 62 1
54 84 8
54 93 7
54 76 3
54 67 1
54 79 2
54 58 2
54 95 5
54 96 4
54 81 4
54 72 5
54 98 5
54 55 5
54 86 9
54 63 8
54 65 8
54 78 6
54 75 9
54 87 6
54 77 7
54 85 1
54 59 3
54 68 8
54 56 8
54 73 2
54 64 7
55 100 9
55 94 4
55 83 2
55 92 5
55 98 4
55 99 2
55 84 5
55 61 6
55 70 9
55 58 10
55 80 7
55 97 9
55 59 9
55 57 7
55 75 6
55 89 9
55 95 4
55 93 9
55 86 6
55 90 6
55 73 5
55 68 9
55 60 7
55 62 3
55 85 1
55 72 9
55 82 6
55 87 8
55 65 7
55 78 2
55 64 8
55 76 7
55 88 10
55 69 3
55 91 9
55 77 3
56 57 9
56 67 3
56 90 7
56 96 9
56 95 7
56 65 3
56 68 10
56 99 5
56 94 10
56 61 4
56 62 5
56 63 5
56 80 3
56 92 4
56 86 5
56 66 1
56 77 3
56 78 6
56 89 8
56 71 5
56 91 8
56 83 7
56 64 5
56 85 5
56 100 4
56 88 4
56 79 8
56 60 5
56 81 7
56 84 3
56 93 10
56 76 4
56 70 7
56 82 1
56 87 5
56 75 10
56 74 3
56 73 8
56 98 7
56 97 8
57 64 4
57 66 7
57 94 8
57 63 5
57 92 7
57 88 4
57 60 9
57 68 10
57 72 9
57 84 10
57 93 9
57 82 5
57 59 2
57 58 5
57 98 10
57 100 6
57 73 9
57 67 2
57 85 2
57 95 4
57 97 9
57 69 6
57 70 4
57 75 7
57 99 8
57 61 9
57 80 2
57 79 3
57 76 6
57 65 3
57 77 1
57 74 3
57 86 2
57 96 5
57 90 3
57 62 5
57 89 8
57 91 5
57 71 8
58 59 9
58 91 2
58 89 4
58 68 8
58 76 4
58 86 3
58 71 5
58 92 10
58 64 2
58 72 5
58 87 5
58 97 2
58 65 1
58 62 7
58 99 3
58 60 9
58 73 1
58 66 3
58 69 4
58 80 1
58 70 2
58 83 8
58 63 9
58 82 6
58 81 4
58 78 1
58 67 3
58 100 6
58 98 4
58 75 9
58 77 6
58 61 3
58 88 6
58 74 7
58 90 4
58 94 7
58 96 1
58 84 8
58 95 9
59 88 8
59 82 5
59 91 6
59 81 4
59 69 1
59 98 5
59 65 4
59 68 1
59 72 2
59 76 10
59 100 5
59 89 5
59 75 9
59 64 3
59 71 9
59 77 5
59 97 7
59 99 8
59 94 4
59 90 7
59 80 8
59 60 9
59 74 7
59 78 6
59 92 10
59 61 4
59 63 4
59 66 9
59 70 1
59 84 2
59 86 8
59 96 1
59 85 2
59 83 3
59 93 1
59 73 9
59 62 7
60 76 6
60 64 7
60 91 2
60 68 1
60 61 5
60 85 1
60 79 2
60 74 5
60 65 5
60 62 7
60 93 5
60 99 3
60 97 8
60 100 1
60 75 2
60 89 7
60 86 2
60 83 2
60 82 2
60 67 10
60 95 8
60 71 2
60 88 9
60 81 1
60 73 3
60 84 6
60 87 5
60 78 1
60 94 8
60 92 7
60 90 7
61 86 9
61 99 1
61 74 5
61 68 4
61 89 8
61 63 10
61 70 4
61 85 4
61 71 3
61 98 7
61 96 8
61 97 5
61 92 6
61 82 9
61 64 1
61 69 1
61 77 3
61 84 10
61 90 4
61 81 6
61 76 8
61 73 6
61 94 9
61 72 1
61 100 3
61 65 7
61 62 1
61 79 2
61 80 1
61 95 5
61 78 2
61 67 3
61 66 5
61 88 1
61 83 7
62 82 4
62 96 7
62 68 3
62 81 3
62 90 9
62 72 2
62 86 8
62 95 4
62 97 4
62 89 10
62 76 3
62 65 7
62 78 8
62 88 5
62 93 4
62 64 1
62 67 1
62 94 4
62 85 7
62 77 7
62 79 1
62 84 2
62 69 9
62 70 3
62 74 7
62 92 2
62 63 9
62 80 10
62 99 9
62 75 1
62 83 3
62 91 7
62 73 7
62 71 7
62 100 8
63 69 3
63 99 2
63 71 9
63 66 1
63 78 5
63 93 1
63 83 3
63 84 9
63 75 1
63 72 9
63 91 10
63 65 5
63 94 10
63 87 2
63 64 9
63 85 6
63 88 3
63 100 5
63 81 7
63 89 4
63 82 7
63 90 6
63 80 2
63 86 6
63 67 4
63 74 8
63 96 5
63 77 8
63 70 4
64 90 4
64 74 8
64 78 3
64 83 8
64 93 6
64 85 7
64 70 10
64 75 10
64 80 4
64 91 5
64 88 6
64 98 7
64 100 6
64 96 5
64 89 4
64 99 9
64 92 10
64 69 10
64 77 6
64 67 4
64 84 3
64 81 4
64 68 7
64 87 9
64 95 5
64 73 6
64 76 3
64 66 1
64 86 10
64 82 8
64 94 10
64 79 2
64 72 1
65 72 3
65 84 2
65 96 3
65 100 5
65 87 5
65 88 10
65 95 7
65 76 1
65 99 8
65 97 3
65 70 4
65 80 7
65 69 10
65 86 1
65 74 3
65 71 3
65 90 7
65 67 7
65 68 6
65 92 8
65 77 4
65 83 1
65 85 9
65 93 8
65 79 4
65 73 5
65 89 9
65 91 9
65 94 4
65 78 2
65 81 1
66 67 3
66 82 2
66 77 8
66 96 8
66 69 10
66 72 4
66 90 8
66 83 4
66 78 8
66 81 10
66 98 6
66 94 1
66 68 6
66 84 5
66 91 4
66 75 4
66 97 9
66 99 8
66 93 4
66 76 6
66 70 9
66 100 7
66 79 7
66 92 2
66 86 1
66 73 3
66 95 8
66 80 7
66 71 4
66 89 9
66 85 2
66 87 7
67 78 1
67 96 7
67 68 7
67 74 3
67 89 7
67 72 1
67 76 10
67 97 3
67 73 5
67 85 1
67 77 7
67 80 6
67 95 5
67 87 10
67 71 8
67 83 4
67 91 3
67 79 9
67 92 3
67 81 4
67 84 10
67 82 4
67 99 7
67 86 8
67 93 4
67 100 1
67 75 8
67 90 2
67 94 7
67 69 7
67 98 2
68 82 9
68 91 1
68 69 7
68 79 10
68 89 3
68 77 10
68 99 10
68 81 2
68 76 3
68 88 10
68 85 7
68 96 7
68 86 4
68 74 5
68 84 9
68 73 5
68 87 6
68 95 9
68 70 8
68 93 9
68 94 9
68 75 6
68 90 10
68 83 3
68 80 10
68 97 8
68 71 10
68 78 2
68 98 2
68 100 4
68 92 6
69 100 9
69 75 2
69 99 7
69 85 6
69 94 7
69 90 1
69 95 10
69 71 9
69 92 6
69 96 4
69 86 7
69 74 10
69 98 3
69 97 5
69 93 3
69 91 6
69 89 5
69 79 4
69 87 4
69 76 3
69 72 1
70 98 5
70 88 4
70 76 5
70 78 5
70 94 4
70 87 5
70 71 10
70 81 8
70 72 3
70 93 1
70 100 8
70 96 9
70 95 10
70 86 1
70 75 2
70 73 10
70 80 4
70 77 10
70 84 10
70 79 2
70 99 9
70 74 6
70 83 6
70 82 10
70 85 3
70 91 4
70 90 6
70 92 5
71 95 8
71 78 3
71 80 1
71 100 6
71 81 6
71 84 1
71 96 4
71 73 1
71 92 3
71 88 5
71 89 9
71 74 1
71 79 5
71 98 8
71 86 9
71 82 3
71 75 4
71 85 5
71 93 4
71 77 1
71 83 2
71 97 10
71 94 5
71 99 2
71 72 6
72 92 10
72 83 4
72 98 5
72 89 4
72 84 4
72 73 4
72 96 10
72 85 5
72 81 10
72 93 7
72 88 9
72 76 6
72 97 10
72 91 6
72 95 2
72 86 4
72 94 6
72 87 10
72 80 3
72 100 2
72 74 5
72 90 9
72 75 3
72 82 7
72 78 2
73 80 6
73 81 9
73 75 9
73 95 2
73 83 10
73 96 5
73 99 9
73 100 9
73 93 10
73 76 3
73 94 1
73 85 9
73 98 9
73 87 8
73 90 9
73 91 6
73 77 10
73 78 10
73 89 2
73 92 4
73 88 4
73 97 5
73 84 10
73 79 3
73 74 3
74 79 6
74 76 6
74 97 1
74 87 3
74 90 4
74 99 2
74 88 1
74 98 8
74 91 7
74 81 9
74 94 6
74 86 3
74 75 6
74 92 5
74 96 2
74 95 2
74 82 4
74 93 5
74 78 6
74 84 8
74 85 10
74 80 6
74 100 10
75 79 9
75 95 5
75 92 5
75 99 5
75 87 8
75 89 3
75 94 9
75 96 4
75 82 8
75 84 8
75 78 6
75 86 9
75 88 8
75 93 10
75 80 4
75 100 4
75 83 8
75 90 8
75 81 10
75 76 9
75 97 9
75 98 8
76 100 1
76 93 10
76 84 7
76 99 6
76 92 7
76 87 2
76 94 4
76 85 10
76 89 3
76 95 4
76 86 5
76 90 3
76 82 8
76 80 10
76 77 1
76 91 6
76 98 8
76 97 6
76 79 3
76 78 4
76 88 10
76 96 1
76 83 8
77 97 2
77 86 6
77 92 9
77 79 2
77 82 5
77 98 6
77 81 1
77 93 10
77 84 9
77 83 9
77 91 8
77 95 2
77 99 2
77 88 2
77 89 4
77 78 4
77 80 5
77 87 2
77 100 1
77 90 3
77 94 6
77 96 5
78 99 3
78 79 9
78 89 4
78 88 7
78 90 2
78 100 1
78 94 6
78 83 9
78 95 5
78 85 3
78 98 7
78 97 1
78 84 3
78 92 1
78 96 8
78 91 10
78 81 4
78 87 4
78 86 4
78 80 5
79 93 9
79 97 10
79 98 8
79 85 10
79 82 9
79 86 4
79 81 10
79 95 10
79 83 5
79 90 6
79 94 5
79 92 9
79 88 5
79 96 6
79 87 5
79 80 10
79 89 5
79 84 6
79 91 8
79 99 1
80 85 1
80 93 7
80 91 10
80 88 10
80 82 5
80 81 4
80 86 9
80 94 9
80 90 3
80 89 3
80 83 7
80 87 7
80 95 9
80 96 7
80 92 6
80 100 1
81 88 2
81 91 7
81 99 10
81 82 10
81 90 3
81 97 6
81 85 1
81 93 1
81 96 3
81 89 3
81 94 7
81 92 7
81 98 9
81 86 7
81 87 4
81 100 4
81 84 2
82 92 7
82 84 8
82 99 5
82 86 2
82 96 9
82 89 3
82 88 10
82 91 5
82 97 8
82 95 4
82 93 4
82 98 9
82 87 9
82 83 9
82 100 5
82 85 9
83 92 3
83 85 5
83 100 5
83 98 1
83 97 10
83 96 7
83 90 9
83 93 1
83 87 8
83 86 8
83 95 5
83 94 7
83 99 10
83 91 6
83 89 10
83 84 8
83 88 3
84 85 7
84 91 10
84 96 8
84 98 7
84 100 1
84 92 9
84 99 6
84 87 1
84 90 6
84 88 4
84 97 10
84 95 4
84 93 9
84 94 1
85 92 8
85 98 5
85 91 7
85 97 4
85 99 8
85 95 6
85 100 8
85 89 6
85 88 8
85 87 9
85 86 9
85 93 4
85 90 3
85 94 1
85 96 2
86 99 4
86 88 3
86 97 2
86 92 6
86 96 8
86 87 5
86 100 6
86 94 1
86 98 3
86 90 6
86 89 3
86 91 1
86 93 4
87 97 10
87 93 7
87 100 5
87 96 7
87 94 10
87 95 10
87 88 5
87 99 9
87 98 7
87 89 1
87 91 7
88 96 10
88 94 4
88 98 1
88 100 7
88 91 10
88 95 3
88 90 2
88 99 5
88 89 7
89 90 8
89 91 1
89 92 6
89 97 6
89 99 7
89 96 8
89 95 1
89 100 7
89 93 6
89 94 8
90 94 10
90 100 2
90 95 10
90 91 4
90 99 7
90 98 3
90 92 6
90 96 8
91 96 3
91 92 2
91 93 8
91 98 1
91 99 2
91 100 8
91 97 10
91 94 5
91 95 9
92 99 5
92 93 6
92 95 10
92 100 9
92 96 2
92 98 8
92 94 8
92 97 3
93 95 7
93 100 7
93 96 5
93 97 10
93 99 4
94 97 4
94 95 2
94 99 2
94 100 10
94 96 4
94 98 2
95 96 3
95 97 6
95 100 3
95 98 2
95 99 8
96 99 1
96 98 9
96 97 10
97 98 3
97 99 5
97 100 4
98 99 2
