100 2475 
1 99 -2
1 16 -2
1 46 6
1 19 -8
1 42 1
1 77 7
1 98 -7
1 9 0
1 71 -4
1 82 -8
1 53 -8
1 56 6
1 100 1
1 74 6
1 60 2
1 12 -1
1 65 -3
1 52 -2
1 31 -3
1 73 -5
1 87 -1
1 67 5
1 94 0
1 13 -1
1 5 7
1 6 8
1 88 5
1 81 -6
1 96 -5
1 57 -7
1 64 -7
1 45 3
1 38 -6
1 22 10
1 85 4
1 2 -4
1 36 -2
1 79 -2
1 54 -5
1 8 4
1 40 10
1 10 -8
1 7 -5
1 41 1
1 33 0
1 25 7
1 95 -10
1 93 9
2 36 10
2 28 -10
2 59 3
2 45 10
2 42 -10
2 56 -4
2 31 -6
2 17 -7
2 78 -4
2 73 -1
2 77 -1
2 75 2
2 72 0
2 8 10
2 82 -5
2 71 0
2 23 9
2 49 3
2 19 -10
2 57 10
2 21 -1
2 61 7
2 53 10
2 30 -2
2 85 0
2 41 10
2 51 -5
2 13 5
2 38 0
2 52 9
2 29 8
2 44 -5
2 97 -6
2 83 -3
2 54 4
2 32 10
2 100 -3
2 95 -6
2 86 -3
2 48 7
3 55 -6
3 25 2
3 11 8
3 21 4
3 53 -3
3 76 6
3 13 0
3 83 10
3 79 -10
3 66 0
3 47 -8
3 9 7
3 87 -3
3 98 4
3 15 4
3 17 2
3 99 6
3 12 -2
3 95 1
3 23 -2
3 50 7
3 8 3
3 28 -10
3 5 -10
3 38 -5
3 27 2
3 24 1
3 42 -7
3 16 8
3 58 -9
3 81 8
3 41 -7
3 39 0
3 63 7
3 36 6
3 59 -9
3 43 -4
3 44 10
3 34 -1
3 62 -10
3 84 0
3 14 -8
3 45 -3
3 52 10
3 57 -6
3 48 2
3 97 -7
3 78 -2
3 70 -4
4 52 8
4 45 -7
4 49 -1
4 77 -8
4 71 -6
4 13 3
4 90 8
4 58 -7
4 27 -4
4 96 -6
4 16 0
4 48 3
4 61 -8
4 92 -9
4 22 0
4 53 0
4 38 -5
4 39 -2
4 75 3
4 7 5
4 44 -4
4 47 -8
4 8 7
4 65 -7
4 41 9
4 91 9
4 21 -10
4 23 -10
4 98 -9
4 24 -9
4 30 -10
4 29 -4
4 54 -1
4 73 3
4 9 0
4 82 8
4 80 -5
4 55 -1
4 20 9
4 60 -9
4 63 3
4 78 1
4 5 5
5 32 5
5 88 -1
5 49 -10
5 25 7
5 38 5
5 83 -10
5 7 3
5 51 1
5 15 5
5 31 -9
5 34 -9
5 86 -5
5 96 -2
5 35 -8
5 92 3
5 97 0
5 33 -6
5 54 5
5 30 5
5 45 2
5 24 8
5 44 -7
5 18 3
5 53 2
5 90 -5
5 29 -10
5 13 -8
5 21 6
5 8 0
5 91 -1
5 65 -1
5 79 6
5 27 10
5 93 -6
5 89 -1
5 55 -9
5 20 2
5 80 -9
5 67 7
5 87 7
5 82 -4
5 17 3
5 56 -6
5 46 2
5 98 8
5 41 -2
5 62 -10
6 78 3
6 40 2
6 24 7
6 8 3
6 15 3
6 50 -8
6 64 -2
6 44 9
6 48 5
6 27 10
6 53 7
6 35 -8
6 43 8
6 71 -10
6 76 9
6 9 0
6 31 -6
6 58 8
6 49 -1
6 33 7
6 80 7
6 85 4
6 79 -5
6 94 0
6 13 -5
6 91 6
6 59 5
6 82 -2
6 98 -1
6 61 3
6 99 -7
6 95 7
6 55 -8
6 93 2
6 96 -6
6 34 5
6 7 8
6 90 -10
6 10 5
6 73 -9
6 77 1
6 19 -4
6 88 3
6 83 -1
6 42 4
6 18 1
6 89 -2
6 70 -6
6 68 9
7 23 5
7 59 -9
7 91 1
7 94 9
7 42 -7
7 80 -3
7 48 4
7 39 -1
7 67 -4
7 99 7
7 14 -9
7 89 8
7 13 -5
7 43 7
7 21 -6
7 87 -6
7 36 -7
7 69 -8
7 92 -8
7 32 -2
7 29 -8
7 54 -9
7 62 3
7 57 -2
7 55 9
7 19 -5
7 35 -7
7 97 10
7 88 -3
7 68 4
7 81 -9
7 46 -7
7 75 1
7 100 7
7 84 4
7 73 -5
7 85 -5
7 18 -6
7 41 1
7 60 6
7 24 4
7 82 -8
7 53 8
7 98 5
7 79 9
8 33 -1
8 75 2
8 77 0
8 21 1
8 70 4
8 24 4
8 88 5
8 85 -10
8 16 -9
8 64 10
8 48 -3
8 32 0
8 44 4
8 36 2
8 69 6
8 35 8
8 11 1
8 96 -8
8 58 7
8 55 1
8 42 -2
8 13 4
8 28 -3
8 76 -4
8 80 -8
8 78 5
8 41 -2
8 34 -9
8 68 -6
8 54 9
8 50 -10
8 73 9
8 27 -5
8 67 -9
8 43 0
8 79 4
8 81 10
8 82 -3
8 25 -2
8 45 2
8 97 -7
9 97 -1
9 73 0
9 96 -2
9 62 6
9 16 -6
9 59 9
9 30 1
9 66 -6
9 78 2
9 42 8
9 32 -9
9 86 -10
9 91 0
9 88 -8
9 75 -5
9 81 0
9 20 -3
9 60 1
9 43 4
9 21 -4
9 65 5
9 58 10
9 33 2
9 61 10
9 45 1
9 77 -2
9 69 -8
9 89 10
9 94 1
9 44 -1
9 48 -3
9 37 -10
9 18 7
9 98 5
9 93 -6
9 67 -5
9 38 -2
9 55 -4
9 11 -10
10 82 -9
10 40 -9
10 73 -4
10 50 8
10 47 6
10 100 -6
10 93 4
10 62 0
10 43 -8
10 94 9
10 22 -6
10 18 2
10 14 5
10 30 -3
10 85 1
10 76 -4
10 78 -8
10 91 -8
10 75 7
10 13 -6
10 28 1
10 51 -9
10 69 -8
10 97 -8
10 63 6
10 12 -1
10 19 6
10 61 -3
10 23 -5
10 59 9
10 45 -5
10 36 6
10 35 -9
10 86 2
10 15 2
10 39 -2
10 87 5
10 56 -7
10 38 9
10 68 10
10 26 9
10 66 9
11 39 -5
11 74 8
11 28 4
11 51 0
11 41 -10
11 76 -1
11 88 -8
11 27 -8
11 47 8
11 96 -7
11 44 4
11 64 1
11 12 9
11 70 -8
11 43 -1
11 59 5
11 95 6
11 35 9
11 52 2
11 92 1
11 42 6
11 17 -10
11 63 3
11 33 0
11 56 10
11 100 -6
11 20 8
11 72 -9
11 89 -1
11 32 4
11 15 5
11 66 5
11 82 -3
11 83 -8
11 24 5
11 58 6
11 23 -6
11 50 10
11 85 5
11 49 4
11 26 -6
11 65 8
11 91 3
11 57 -5
12 13 7
12 69 -8
12 49 -4
12 87 5
12 70 5
12 16 3
12 84 0
12 79 10
12 14 3
12 51 10
12 25 0
12 76 -6
12 27 5
12 54 6
12 72 -3
12 80 1
12 62 4
12 71 -4
12 64 3
12 95 -2
12 96 5
12 40 -1
12 29 6
12 82 -7
12 81 -7
12 37 7
12 63 9
12 91 7
12 21 5
12 32 0
12 59 -8
12 41 -9
12 61 -3
12 75 -9
12 94 1
12 77 -7
12 85 -5
12 68 9
12 42 -7
12 93 0
12 50 6
12 97 9
12 28 0
12 100 2
12 45 1
12 78 -3
12 46 8
13 44 8
13 70 10
13 15 3
13 88 7
13 84 -9
13 76 -4
13 51 -8
13 25 -1
13 83 7
13 30 6
13 16 4
13 35 -9
13 60 7
13 73 -9
13 14 -9
13 32 2
13 100 -5
13 18 6
13 80 -6
13 37 -7
13 99 -9
13 50 7
13 86 -9
13 45 4
13 52 10
13 56 8
13 47 -5
13 23 1
13 28 10
13 94 -1
13 91 -1
13 40 10
13 49 0
13 29 5
13 81 0
13 79 0
13 38 8
13 89 -7
13 42 5
13 26 -2
13 20 -2
13 58 -4
13 39 -4
13 97 -9
13 63 4
13 21 -9
13 92 -4
14 32 10
14 71 7
14 67 -1
14 69 -2
14 27 10
14 55 6
14 21 -8
14 99 -3
14 85 -6
14 74 6
14 40 -8
14 63 1
14 52 -3
14 81 10
14 33 -1
14 28 -2
14 97 4
14 64 -9
14 80 6
14 92 -5
14 42 -6
14 49 2
14 22 10
14 84 -2
14 50 -6
14 53 6
14 34 4
14 68 1
14 94 7
14 56 -8
14 77 -3
14 38 -9
14 86 7
14 75 1
14 96 -10
14 45 3
14 29 -10
14 98 -2
14 24 8
14 20 5
14 76 4
14 30 8
14 19 0
15 30 -8
15 16 -3
15 93 -7
15 84 -2
15 99 -4
15 19 -7
15 78 -10
15 98 1
15 70 5
15 57 -5
15 91 7
15 23 7
15 32 5
15 33 -7
15 56 -3
15 55 -5
15 45 9
15 53 -9
15 54 -9
15 96 4
15 18 -3
15 92 9
15 40 10
15 69 -10
15 71 -2
15 52 1
15 65 -10
15 85 -1
15 36 -6
15 46 -3
15 37 -4
15 28 8
15 94 -3
15 35 -1
15 51 -5
15 42 5
15 63 3
15 59 4
15 41 7
15 47 9
15 89 8
15 27 -5
15 44 9
15 31 1
16 64 -1
16 43 10
16 22 -4
16 32 -1
16 45 10
16 33 6
16 95 -7
16 18 -4
16 91 -4
16 50 -10
16 36 -8
16 66 5
16 42 -6
16 88 -10
16 47 4
16 21 4
16 99 4
16 93 -6
16 73 8
16 63 3
16 87 10
16 81 8
16 72 1
16 78 1
16 49 -2
16 31 4
16 71 7
16 56 -6
16 69 -9
16 80 5
16 27 5
16 83 1
16 40 -2
16 35 10
16 19 0
16 29 0
17 49 -7
17 66 -5
17 19 7
17 21 3
17 82 2
17 33 7
17 93 6
17 27 -8
17 91 -2
17 68 10
17 98 -2
17 81 3
17 61 -4
17 23 -8
17 24 -4
17 39 -2
17 88 4
17 65 -8
17 37 3
17 96 5
17 32 -8
17 67 0
17 75 -8
17 31 -7
17 80 10
17 28 -9
17 60 -6
17 47 6
17 69 -3
17 71 10
17 29 -6
17 30 5
17 34 9
17 95 -7
17 35 -3
17 90 -8
17 70 -2
17 38 7
17 84 5
17 87 2
17 46 2
17 51 7
17 63 -10
17 36 7
18 97 8
18 56 9
18 24 -3
18 72 9
18 30 7
18 35 -6
18 83 -8
18 38 1
18 51 4
18 44 -7
18 31 1
18 84 0
18 73 -8
18 19 1
18 22 -1
18 49 2
18 77 7
18 63 -9
18 39 -10
18 86 0
18 76 -2
18 67 5
18 100 8
18 53 8
18 25 -7
18 88 8
18 93 0
18 37 -1
18 36 4
18 55 -5
18 99 -6
18 92 -5
18 94 8
18 91 -5
18 43 -10
18 61 -5
19 92 0
19 33 7
19 77 -3
19 83 -9
19 58 -10
19 53 7
19 87 -4
19 84 8
19 43 7
19 50 4
19 22 6
19 47 1
19 86 10
19 59 -1
19 96 -10
19 61 -3
19 21 1
19 52 0
19 37 1
19 31 8
19 30 3
19 69 10
19 68 -5
19 70 7
19 56 2
19 80 -2
19 79 1
19 66 -4
19 75 -9
19 95 0
19 99 1
19 100 -7
19 64 -3
19 27 4
19 74 -3
19 67 10
19 97 10
19 23 -4
19 62 4
19 63 -5
20 77 0
20 31 -2
20 78 -4
20 51 -3
20 74 -1
20 94 -2
20 90 3
20 39 8
20 84 3
20 24 -1
20 88 1
20 98 -10
20 56 4
20 68 -8
20 58 -8
20 23 -7
20 75 3
20 79 -9
20 46 3
20 49 -6
20 33 -3
20 44 9
20 48 -6
20 99 -4
20 87 -3
20 96 0
20 25 2
20 93 9
20 59 -1
20 71 -6
20 29 7
20 61 7
20 86 3
20 66 6
20 76 7
20 26 8
20 89 2
20 65 9
20 70 -7
20 69 -1
20 64 -4
20 100 -4
21 28 1
21 52 9
21 80 2
21 43 -2
21 96 4
21 75 3
21 70 -1
21 31 -4
21 84 10
21 87 -7
21 86 -8
21 63 7
21 100 1
21 35 1
21 44 4
21 65 0
21 50 -3
21 58 -6
21 85 9
21 82 -9
21 56 -1
21 67 -2
21 32 10
21 37 -9
21 92 4
21 91 2
21 90 7
21 40 7
21 88 -1
21 72 8
21 99 -2
21 46 -8
21 97 10
21 29 8
21 54 5
21 64 4
21 36 -2
21 77 -9
21 22 7
21 27 7
21 74 -10
21 66 -3
22 54 0
22 27 2
22 40 -1
22 93 -3
22 28 2
22 58 2
22 71 -1
22 87 -6
22 48 -4
22 53 -2
22 89 7
22 25 8
22 50 6
22 39 1
22 97 -5
22 42 0
22 57 -4
22 92 1
22 84 -10
22 46 -2
22 38 6
22 91 8
22 55 9
22 86 -6
22 45 5
22 73 -3
22 44 2
22 70 3
22 60 4
22 96 -2
22 90 -1
22 77 0
22 43 -1
22 98 -1
22 83 5
22 51 8
22 61 7
22 32 -1
23 94 -4
23 58 2
23 60 6
23 90 -10
23 56 8
23 78 2
23 48 -7
23 61 -4
23 92 -4
23 72 -5
23 29 2
23 49 -7
23 66 10
23 64 -7
23 34 9
23 55 -9
23 30 8
23 70 1
23 97 3
23 76 -10
23 39 6
23 25 -8
23 77 -5
23 67 -5
23 80 -4
23 65 -3
23 38 -9
23 43 -1
23 75 -10
23 59 7
23 45 10
23 79 4
23 53 4
23 31 2
23 54 -6
23 50 -5
23 74 -8
23 57 6
23 44 9
23 24 -9
24 51 0
24 59 -9
24 26 10
24 72 -7
24 25 -8
24 58 -4
24 94 -8
24 44 -10
24 56 1
24 63 3
24 85 -10
24 61 2
24 78 -3
24 70 10
24 28 5
24 27 0
24 34 4
24 91 -5
24 99 -4
24 41 5
24 47 2
24 71 5
24 33 9
24 30 -6
24 84 -1
24 98 -2
24 48 8
24 69 -1
24 55 1
24 88 -2
24 68 -4
24 73 1
24 67 -9
24 50 7
24 83 1
24 31 -5
24 36 1
24 29 10
24 62 7
24 35 9
24 42 9
24 60 3
24 100 7
24 93 -5
24 45 -10
24 90 1
25 98 0
25 53 -8
25 99 7
25 64 -6
25 60 -2
25 68 1
25 94 3
25 69 3
25 81 6
25 52 -3
25 49 0
25 47 9
25 44 6
25 42 0
25 85 5
25 37 0
25 91 0
25 89 4
25 87 8
25 92 3
25 62 -1
25 100 -8
25 51 -8
25 86 7
25 54 -8
25 50 -2
25 31 1
25 38 10
25 80 7
25 90 -1
25 32 7
25 70 9
25 33 6
25 46 8
25 75 0
25 58 -6
25 84 0
25 67 3
26 99 4
26 38 5
26 59 3
26 48 10
26 93 6
26 100 -2
26 27 -5
26 47 -5
26 61 8
26 94 9
26 41 0
26 52 -2
26 64 5
26 49 -3
26 44 9
26 82 -7
26 29 9
26 35 -10
26 71 1
26 87 4
26 88 -10
26 33 6
26 55 -9
26 63 9
26 43 5
26 69 4
26 79 -10
26 77 -6
26 54 -7
26 73 9
26 95 10
26 96 10
26 80 4
26 86 -10
26 58 1
26 74 -7
27 55 -10
27 50 4
27 34 2
27 84 5
27 29 -2
27 38 -6
27 81 10
27 51 1
27 74 -9
27 83 -10
27 67 -2
27 82 7
27 85 9
27 60 3
27 53 5
27 57 -1
27 98 -3
27 59 8
27 39 3
27 66 6
27 31 7
27 62 0
27 100 -7
27 90 7
27 96 5
27 33 6
27 44 1
27 80 0
27 48 1
27 68 9
27 99 1
27 45 -8
27 75 -10
27 70 7
27 76 -7
27 69 -8
27 46 -10
27 56 -7
27 92 -7
27 37 -9
27 77 10
28 70 3
28 52 -8
28 99 9
28 88 9
28 58 -5
28 87 7
28 65 10
28 40 -2
28 48 7
28 89 -6
28 30 -5
28 100 -7
28 47 6
28 60 -9
28 62 -6
28 57 6
28 31 -10
28 97 9
28 35 8
28 77 9
28 64 0
28 68 -3
28 83 7
28 39 6
28 69 10
28 81 -10
28 55 -6
28 76 -3
28 63 -10
28 29 -1
28 95 -2
28 37 3
28 80 -5
28 92 8
28 94 1
28 71 10
28 79 8
28 96 -8
28 56 7
28 44 9
28 66 4
29 55 7
29 53 1
29 43 -2
29 91 0
29 70 -6
29 39 -3
29 34 -3
29 36 1
29 42 7
29 69 7
29 40 -4
29 94 5
29 35 -10
29 68 10
29 77 -3
29 51 -2
29 88 -10
29 100 -2
29 81 1
29 49 -2
29 65 5
29 86 -5
29 38 -9
29 54 -7
29 79 4
29 60 5
29 48 8
29 92 -4
29 61 6
29 46 4
29 45 1
29 74 -3
29 41 0
29 72 -6
29 33 -9
29 31 -1
29 80 -5
29 83 -1
30 68 -1
30 50 -9
30 63 -6
30 72 1
30 82 5
30 73 -5
30 71 -4
30 79 -7
30 32 6
30 75 -9
30 99 2
30 67 -1
30 74 9
30 33 8
30 62 -1
30 44 -6
30 51 0
30 87 4
30 31 -2
30 66 5
30 88 1
30 78 -10
30 69 2
30 53 -3
30 65 3
30 42 10
30 58 -10
30 94 9
30 60 -2
30 49 -4
30 56 -6
30 54 0
30 40 0
30 80 9
30 38 -9
30 86 1
31 57 10
31 70 -3
31 38 -5
31 53 7
31 34 9
31 59 5
31 46 -6
31 96 8
31 69 2
31 49 4
31 76 1
31 95 -6
31 85 -3
31 71 7
31 39 -3
31 87 7
31 65 -6
31 81 -5
31 50 5
31 55 -7
31 48 2
31 61 -4
31 40 6
31 68 6
31 73 -8
31 98 1
31 86 -8
31 62 -3
31 88 -3
31 92 -9
31 82 3
32 62 -8
32 95 5
32 98 -6
32 73 -7
32 85 -3
32 34 -10
32 47 6
32 49 8
32 63 -3
32 68 -5
32 87 -10
32 88 7
32 57 -4
32 80 0
32 81 9
32 83 8
32 65 -9
32 36 -7
32 86 6
32 92 -7
32 72 1
32 35 7
32 74 1
32 59 9
32 69 7
32 60 -7
32 39 -7
32 90 1
32 82 -6
32 71 -1
32 58 7
32 48 2
32 40 2
32 79 3
32 52 -4
33 49 6
33 81 -9
33 42 -3
33 69 -3
33 94 -7
33 45 3
33 71 8
33 51 -8
33 36 -8
33 67 9
33 41 5
33 48 5
33 57 9
33 38 -4
33 34 0
33 66 -8
33 35 -2
33 85 7
33 72 -4
33 89 0
33 44 -2
33 97 -8
33 92 -9
33 47 -3
33 68 1
33 79 -2
33 59 2
33 95 -8
33 90 6
33 37 4
33 56 0
33 50 3
33 64 -9
34 72 6
34 99 4
34 60 -9
34 97 8
34 89 9
34 57 -7
34 90 -8
34 55 10
34 54 1
34 47 8
34 39 -5
34 96 7
34 58 3
34 65 -9
34 70 -4
34 81 -6
34 80 -2
34 51 4
34 91 7
34 38 3
34 78 5
34 53 -2
34 84 1
34 64 -8
34 69 0
34 68 7
34 73 8
34 48 2
34 75 4
34 44 -5
34 82 -8
34 71 0
34 52 -2
34 36 7
35 49 4
35 80 -5
35 70 -1
35 97 -6
35 65 -5
35 94 -10
35 37 -7
35 83 -7
35 36 8
35 84 10
35 50 9
35 72 9
35 41 -3
35 60 10
35 55 8
35 39 1
35 45 -4
35 90 -9
35 74 -4
35 76 10
35 85 -8
35 63 -1
35 89 -3
35 57 -10
35 64 -3
35 54 -9
35 96 -7
35 95 -10
35 98 -7
35 66 7
35 88 -7
35 86 -3
36 97 1
36 49 -5
36 80 4
36 98 5
36 52 3
36 77 4
36 99 -4
36 85 -3
36 95 2
36 59 8
36 39 6
36 40 -4
36 89 -1
36 63 -4
36 48 -8
36 100 -4
36 86 -3
36 79 6
36 70 5
36 43 -6
36 44 1
36 46 10
36 71 4
36 90 9
36 93 8
36 47 -1
36 94 -2
36 51 2
36 62 4
36 65 5
36 50 -2
36 82 2
36 42 -7
37 95 10
37 83 3
37 99 -5
37 71 4
37 58 -4
37 45 7
37 78 4
37 56 -3
37 87 9
37 38 1
37 46 -10
37 67 -9
37 97 1
37 48 -7
37 64 6
37 82 0
37 98 -10
37 86 9
37 70 6
37 50 -1
37 91 -1
37 89 6
37 74 -2
37 43 9
37 96 -8
37 79 -2
37 61 1
37 42 5
37 53 6
37 41 -4
37 62 9
37 80 2
37 94 8
37 55 4
37 66 -1
37 93 -4
37 81 5
37 92 -8
37 85 6
38 40 1
38 94 2
38 99 3
38 88 6
38 46 1
38 51 7
38 71 -2
38 78 -7
38 85 -5
38 56 4
38 82 -1
38 77 -8
38 63 -9
38 68 1
38 52 -9
38 57 4
38 50 -2
38 72 9
38 43 5
38 54 -8
38 75 -10
38 44 0
38 67 -6
38 76 2
38 55 -5
38 64 -5
38 49 2
39 46 6
39 78 -1
39 65 10
39 49 1
39 58 5
39 91 -4
39 95 5
39 69 -5
39 63 2
39 45 6
39 80 10
39 56 1
39 86 0
39 99 1
39 75 1
39 62 0
39 53 5
39 85 7
39 67 7
39 98 0
39 76 -4
39 81 -3
39 54 0
39 48 -9
39 47 -9
39 43 1
39 87 9
39 93 6
39 66 -7
39 55 9
39 94 0
39 84 -4
40 59 5
40 71 -9
40 87 3
40 56 10
40 44 1
40 49 2
40 81 10
40 77 -9
40 62 -10
40 95 10
40 97 2
40 46 -1
40 70 -2
40 60 3
40 76 -6
40 98 -2
40 61 -5
40 89 -6
40 67 -4
40 55 -8
40 45 0
40 53 4
40 79 -7
40 92 2
40 43 7
40 57 8
40 73 6
40 63 -6
40 90 5
40 48 -6
40 41 0
40 74 -9
40 54 -9
40 84 2
41 65 0
41 87 -5
41 95 6
41 78 8
41 90 8
41 66 5
41 56 7
41 43 6
41 42 8
41 100 -1
41 70 -5
41 60 6
41 61 -2
41 83 3
41 52 -9
41 97 -8
41 99 10
41 79 -8
41 98 5
41 74 -2
41 45 8
41 46 -1
41 63 -8
41 80 3
41 48 9
41 93 5
41 57 8
41 59 4
41 68 5
41 58 -8
41 73 -8
41 91 -9
42 57 5
42 67 8
42 80 -8
42 69 5
42 58 6
42 44 1
42 95 0
42 65 9
42 56 9
42 96 -7
42 76 -4
42 51 -6
42 55 1
42 46 -2
42 60 10
42 54 -8
42 71 -7
42 79 7
42 86 5
42 50 -4
42 75 -1
42 94 -10
42 64 10
42 90 1
42 100 7
42 93 -5
43 76 3
43 62 -7
43 92 3
43 55 -7
43 91 -3
43 70 -5
43 46 -3
43 58 -8
43 72 9
43 75 -5
43 60 -10
43 89 -3
43 57 -9
43 78 0
43 83 -6
43 80 -6
43 96 2
43 82 10
43 66 -6
43 69 -7
43 85 0
43 84 8
43 64 3
43 49 1
43 81 -5
43 88 7
44 90 -8
44 98 6
44 99 -1
44 94 3
44 84 -6
44 73 -5
44 55 10
44 45 -7
44 77 5
44 71 7
44 46 -7
44 100 0
44 81 9
44 65 1
44 50 7
44 64 9
44 80 -3
44 54 10
44 67 -5
44 69 -9
44 61 -6
44 76 -1
44 70 1
44 79 -10
44 59 -10
44 48 -1
44 97 5
44 91 -8
44 96 2
44 53 10
45 55 -5
45 62 -2
45 90 -1
45 69 8
45 84 -8
45 53 -2
45 66 0
45 77 -8
45 76 7
45 99 -1
45 100 8
45 95 -7
45 48 -3
45 65 -4
45 73 2
45 79 -10
45 59 10
45 56 -8
45 72 -7
45 68 5
45 60 9
45 81 5
45 57 4
45 92 6
45 67 9
46 100 -3
46 74 7
46 51 2
46 62 -7
46 55 10
46 58 3
46 63 7
46 82 1
46 47 2
46 91 0
46 89 9
46 72 -5
46 81 9
46 77 5
46 53 4
46 52 -10
46 80 -8
46 68 -10
46 64 6
46 50 10
46 83 -10
46 65 8
46 70 2
46 60 9
46 75 8
46 94 10
46 97 8
47 63 2
47 65 6
47 49 9
47 56 -7
47 96 6
47 59 10
47 62 -5
47 68 7
47 82 -10
47 70 7
47 78 -1
47 75 2
47 88 -4
47 87 -5
47 54 -5
47 85 2
47 80 8
47 48 8
47 72 -7
47 51 -2
48 84 8
48 81 -4
48 70 -4
48 76 -5
48 87 -4
48 94 7
48 99 -7
48 69 -8
48 59 3
48 82 2
48 80 3
48 95 -4
48 97 0
48 74 6
48 88 4
48 60 -5
48 91 -5
48 64 5
48 53 9
48 50 8
48 54 1
48 62 5
48 83 10
48 75 4
48 57 -5
48 51 10
49 86 1
49 63 6
49 50 1
49 76 10
49 66 5
49 77 7
49 87 5
49 69 -3
49 52 -9
49 78 10
49 55 8
49 56 -6
49 93 -10
49 82 6
49 94 -1
49 91 -1
49 62 -6
49 97 -4
49 100 10
49 60 -10
49 59 -8
49 67 -10
49 80 6
49 54 -7
49 64 5
49 51 -9
49 98 4
49 96 6
50 87 -10
50 65 8
50 56 2
50 99 -3
50 84 -3
50 89 3
50 68 -10
50 77 7
50 60 -5
50 63 -8
50 64 1
50 53 7
50 95 3
50 59 5
50 76 8
50 71 1
50 69 0
50 97 -2
50 90 0
50 81 -8
50 85 10
51 72 7
51 67 -4
51 86 -2
51 81 -2
51 92 -8
51 91 7
51 52 10
51 96 -10
51 69 4
51 76 9
51 62 -3
51 74 10
51 84 1
51 58 -9
51 79 7
51 54 4
51 89 -10
51 60 5
51 78 10
51 75 3
51 61 5
51 99 -8
51 63 5
51 59 -1
51 64 -4
52 84 0
52 53 -2
52 100 -9
52 77 7
52 73 -5
52 59 -9
52 65 -4
52 68 -2
52 92 0
52 60 1
52 55 1
52 57 9
52 72 -10
52 87 0
52 64 3
52 61 10
52 97 0
52 74 -9
52 67 -7
52 85 7
52 75 -3
52 63 2
52 90 10
52 76 6
52 54 1
52 66 7
52 78 10
53 92 -9
53 82 9
53 67 4
53 89 8
53 81 -2
53 88 -4
53 66 0
53 87 -3
53 93 4
53 83 -3
53 71 10
53 59 -8
53 60 -7
53 62 -3
53 84 -6
53 58 -9
53 72 5
53 63 0
53 64 -7
53 77 5
53 95 -9
54 84 4
54 93 3
54 76 3
54 67 8
54 79 2
54 58 0
54 95 -3
54 96 9
54 81 -6
54 72 7
54 98 8
54 55 -9
54 86 9
54 63 5
54 65 0
54 78 2
54 75 -6
54 87 9
54 77 2
54 85 7
54 59 7
54 68 9
54 56 -4
54 73 4
54 64 -2
55 75 -8
55 89 -8
55 95 -3
55 93 -7
55 86 10
55 90 -9
55 73 2
55 68 -6
55 60 -3
55 62 10
55 85 -4
55 72 -5
55 82 2
55 87 9
55 65 -10
55 78 -1
55 64 3
55 76 -1
55 88 -4
55 69 4
55 91 7
55 77 4
56 63 7
56 80 6
56 92 -7
56 86 7
56 66 -8
56 77 1
56 78 3
56 89 -8
56 71 -7
56 91 -8
56 83 1
56 64 9
56 85 -7
56 100 -5
56 88 -3
56 79 -10
56 60 3
56 81 -6
56 84 6
56 93 -3
56 76 -7
56 70 0
56 82 2
56 87 6
56 75 2
56 74 -9
56 73 -6
56 98 -3
56 97 8
57 67 2
57 85 -6
57 95 -9
57 97 3
57 69 1
57 70 -8
57 75 -9
57 99 1
57 61 -5
57 80 -10
57 79 -10
57 76 4
57 65 5
57 77 -8
57 74 5
57 86 6
57 96 -3
57 90 -10
57 62 7
57 89 5
57 91 8
57 71 0
58 62 0
58 99 10
58 60 -3
58 73 -6
58 66 5
58 69 8
58 80 2
58 70 -10
58 83 -4
58 63 3
58 82 10
58 81 -2
58 78 -1
58 67 -7
58 100 -6
58 98 -2
58 75 4
58 77 3
58 61 -3
58 88 -9
58 74 -9
58 90 -10
58 94 0
58 96 4
58 84 3
58 95 -2
59 94 0
59 90 0
59 80 10
59 60 10
59 74 -9
59 78 -10
59 92 -2
59 61 7
59 63 6
59 66 7
59 70 7
59 84 -9
59 86 -1
59 96 3
59 85 0
59 83 5
59 93 -10
59 73 10
59 62 2
60 100 -6
60 75 -4
60 89 4
60 86 3
60 83 -8
60 82 -8
60 67 -4
60 95 3
60 71 -6
60 88 -7
60 81 -3
60 73 2
60 84 8
60 87 -1
60 78 -5
60 94 7
60 92 0
60 90 6
61 69 1
61 77 -7
61 84 -7
61 90 8
61 81 2
61 76 1
61 73 1
61 94 -10
61 72 3
61 100 10
61 65 5
61 62 -1
61 79 3
61 80 -10
61 95 2
61 78 4
61 67 3
61 66 3
61 88 -1
61 83 -5
62 93 -1
62 64 -3
62 67 0
62 94 -4
62 85 -8
62 77 1
62 79 7
62 84 1
62 69 8
62 70 3
62 74 6
62 92 0
62 63 -7
62 80 6
62 99 5
62 75 3
62 83 1
62 91 -8
62 73 -10
62 71 -10
62 100 -10
63 87 8
63 64 -7
63 85 -3
63 88 3
63 100 5
63 81 2
63 89 7
63 82 -4
63 90 -2
63 80 10
63 86 -4
63 67 10
63 74 1
63 96 6
63 77 -5
63 70 -3
64 89 -7
64 99 -4
64 92 -3
64 69 10
64 77 -5
64 67 4
64 84 -4
64 81 -3
64 68 8
64 87 -2
64 95 3
64 73 -1
64 76 0
64 66 -4
64 86 2
64 82 0
64 94 7
64 79 1
64 72 5
65 86 -8
65 74 4
65 71 -8
65 90 1
65 67 2
65 68 -8
65 92 4
65 77 -5
65 83 4
65 85 -4
65 93 -3
65 79 -3
65 73 3
65 89 8
65 91 -7
65 94 -10
65 78 4
65 81 -8
66 91 0
66 75 -7
66 97 -7
66 99 5
66 93 7
66 76 5
66 70 -5
66 100 9
66 79 -6
66 92 4
66 86 10
66 73 7
66 95 10
66 80 5
66 71 -9
66 89 0
66 85 -7
66 87 9
67 87 -3
67 71 8
67 83 3
67 91 6
67 79 -1
67 92 10
67 81 -2
67 84 8
67 82 -6
67 99 2
67 86 2
67 93 -10
67 100 -9
67 75 -8
67 90 6
67 94 -6
67 69 0
67 98 -3
68 74 -1
68 84 -1
68 73 10
68 87 0
68 95 -3
68 70 -3
68 93 7
68 94 -1
68 75 5
68 90 -4
68 83 9
68 80 5
68 97 -10
68 71 0
68 78 4
68 98 9
68 100 -7
68 92 -1
69 71 1
69 92 -4
69 96 7
69 86 -2
69 74 -1
69 98 -6
69 97 -2
69 93 6
69 91 5
69 89 5
69 79 -6
69 87 -5
69 76 -4
69 72 -5
70 96 3
70 95 0
70 86 -2
70 75 3
70 73 -1
70 80 2
70 77 -3
70 84 -6
70 79 -10
70 99 1
70 74 1
70 83 2
70 82 5
70 85 -2
70 91 -4
70 90 -6
70 92 -10
71 74 0
71 79 -6
71 98 9
71 86 -10
71 82 3
71 75 3
71 85 -9
71 93 5
71 77 -3
71 83 3
71 97 -3
71 94 2
71 99 8
71 72 3
72 97 1
72 91 8
72 95 -10
72 86 -1
72 94 9
72 87 -7
72 80 9
72 100 -4
72 74 -2
72 90 -10
72 75 2
72 82 9
72 78 10
73 90 -6
73 91 10
73 77 5
73 78 -2
73 89 7
73 92 5
73 88 10
73 97 -8
73 84 8
73 79 -9
73 74 9
74 96 -6
74 95 1
74 82 -10
74 93 -2
74 78 -8
74 84 -7
74 85 2
74 80 -5
74 100 -3
75 94 9
75 96 -7
75 82 -4
75 84 -7
75 78 5
75 86 -6
75 88 5
75 93 1
75 80 -1
75 100 6
75 83 4
75 90 -8
75 81 10
75 76 -8
75 97 4
75 98 -2
76 82 7
76 80 2
76 77 -5
76 91 -5
76 98 1
76 97 6
76 79 10
76 78 4
76 88 3
76 96 -2
76 83 -4
77 95 4
77 99 4
77 88 -6
77 89 0
77 78 2
77 80 -7
77 87 -1
77 100 -5
77 90 9
77 94 4
77 96 3
78 90 -2
78 100 -3
78 94 1
78 83 -7
78 95 -6
78 85 -3
78 98 -1
78 97 8
78 84 2
78 92 -6
78 96 -2
78 91 -7
78 81 3
78 87 -9
78 86 -10
78 80 2
79 83 -9
79 90 -4
79 94 4
79 92 -2
79 88 3
79 96 5
79 87 -5
79 80 2
79 89 8
79 84 -1
79 91 3
79 99 0
80 96 9
80 92 2
80 100 -6
81 89 7
81 94 0
81 92 -7
81 98 -8
81 86 -7
81 87 10
81 100 -6
81 84 4
82 89 6
82 88 -2
82 91 5
82 97 0
82 95 9
82 93 1
82 98 -8
82 87 10
82 83 -5
82 100 6
82 85 -10
83 97 -5
83 96 -6
83 90 -6
83 93 0
83 87 -10
83 86 10
83 95 -10
83 94 6
83 99 0
83 91 -8
83 89 -2
83 84 -3
83 88 -6
84 92 -4
84 99 -2
84 87 9
84 90 9
84 88 0
84 97 -8
84 95 7
84 93 5
84 94 -10
85 88 -2
85 87 -9
85 86 -8
85 93 -7
85 90 1
85 94 8
85 96 -2
86 100 -2
86 94 -6
86 98 8
86 90 -10
86 89 -1
86 91 -3
86 93 6
87 99 3
87 98 9
87 89 -10
87 91 -8
88 100 -9
88 91 -7
88 95 10
88 90 -6
88 99 8
88 89 -7
89 95 9
89 100 5
89 93 -2
89 94 2
90 99 -6
90 98 0
90 92 -6
90 96 0
91 97 -3
91 94 8
91 95 2
92 96 2
92 98 -5
92 94 1
92 97 -6
93 96 2
93 97 -5
93 99 -8
94 98 -6
95 97 9
95 100 -5
95 98 0
95 99 9
96 98 -3
96 97 9
97 98 6
97 99 1
97 100 3
