100 495 
1 40 1
1 10 1
1 7 -1
1 41 1
1 33 1
1 25 1
1 95 -1
1 93 -1
2 13 -1
2 38 -1
2 52 1
2 29 1
2 44 -1
2 97 -1
2 83 -1
2 54 -1
2 32 -1
2 100 1
2 95 -1
2 86 1
2 48 1
3 36 1
3 59 -1
3 43 -1
3 44 1
3 34 1
3 62 -1
3 84 1
3 14 1
3 45 1
3 52 1
3 57 -1
3 48 -1
3 97 -1
3 78 1
3 70 1
4 80 -1
4 55 1
4 20 1
4 60 1
4 63 1
4 78 1
4 5 1
5 87 -1
5 82 1
5 17 1
5 56 1
5 46 1
5 98 -1
5 41 1
5 62 -1
6 83 -1
6 42 1
6 18 1
6 89 -1
6 70 1
6 68 1
7 100 1
7 84 1
7 73 -1
7 85 1
7 18 -1
7 41 1
7 60 1
7 24 -1
7 82 1
7 53 1
7 98 1
7 79 1
8 50 1
8 73 1
8 27 1
8 67 1
8 43 -1
8 79 1
8 81 -1
8 82 -1
8 25 1
8 45 1
8 97 -1
9 89 -1
9 94 1
9 44 -1
9 48 1
9 37 -1
9 18 -1
9 98 1
9 93 1
9 67 -1
9 38 -1
9 55 -1
9 11 1
10 35 1
10 86 1
10 15 1
10 39 1
10 87 -1
10 56 -1
10 38 -1
10 68 1
10 26 1
10 66 1
11 23 1
11 50 1
11 85 1
11 49 1
11 26 1
11 65 -1
11 91 1
11 57 1
12 42 1
12 93 -1
12 50 -1
12 97 -1
12 28 1
12 100 1
12 45 -1
12 78 1
12 46 1
13 20 1
13 58 -1
13 39 1
13 97 1
13 63 -1
13 21 1
13 92 1
14 96 -1
14 45 -1
14 29 1
14 98 -1
14 24 -1
14 20 -1
14 76 1
14 30 1
14 19 -1
15 59 1
15 41 1
15 47 1
15 89 1
15 27 -1
15 44 -1
15 31 -1
16 71 -1
16 56 1
16 69 1
16 80 -1
16 27 -1
16 83 1
16 40 -1
16 35 -1
16 19 1
16 29 1
17 70 1
17 38 1
17 84 -1
17 87 -1
17 46 -1
17 51 -1
17 63 -1
17 36 1
18 99 -1
18 92 1
18 94 -1
18 91 -1
18 43 -1
18 61 1
19 99 1
19 100 1
19 64 -1
19 27 -1
19 74 -1
19 67 1
19 97 -1
19 23 1
19 62 -1
19 63 1
20 89 -1
20 65 -1
20 70 1
20 69 -1
20 64 -1
20 100 -1
21 22 1
21 27 1
21 74 -1
21 66 -1
22 51 1
22 61 -1
22 32 1
23 50 -1
23 74 1
23 57 1
23 44 -1
23 24 1
24 31 1
24 36 1
24 29 1
24 62 -1
24 35 1
24 42 1
24 60 1
24 100 1
24 93 1
24 45 1
24 90 1
25 32 -1
25 70 1
25 33 -1
25 46 -1
25 75 -1
25 58 1
25 84 1
25 67 -1
26 95 -1
26 96 -1
26 80 -1
26 86 1
26 58 -1
26 74 1
27 45 1
27 75 -1
27 70 1
27 76 -1
27 69 1
27 46 -1
27 56 -1
27 92 -1
27 37 -1
27 77 -1
28 63 -1
28 29 -1
28 95 1
28 37 1
28 80 1
28 92 1
28 94 -1
28 71 -1
28 79 1
28 96 1
28 56 -1
28 44 1
28 66 -1
29 41 1
29 72 1
29 33 1
29 31 -1
29 80 1
29 83 1
30 49 -1
30 56 -1
30 54 1
30 40 -1
30 80 1
30 38 -1
30 86 1
31 62 1
31 88 1
31 92 -1
31 82 1
32 58 -1
32 48 -1
32 40 -1
32 79 -1
32 52 -1
33 92 1
33 47 1
33 68 1
33 79 -1
33 59 1
33 95 1
33 90 -1
33 37 1
33 56 1
33 50 1
33 64 -1
34 69 1
34 68 1
34 73 1
34 48 -1
34 75 1
34 44 -1
34 82 -1
34 71 -1
34 52 -1
34 36 -1
35 96 -1
35 95 -1
35 98 -1
35 66 1
35 88 -1
35 86 -1
36 90 -1
36 93 1
36 47 -1
36 94 1
36 51 1
36 62 -1
36 65 -1
36 50 1
36 82 1
36 42 -1
37 53 1
37 41 1
37 62 1
37 80 -1
37 94 -1
37 55 -1
37 66 -1
37 93 -1
37 81 -1
37 92 1
37 85 1
38 55 -1
38 64 1
38 49 -1
39 93 -1
39 66 -1
39 55 1
39 94 1
39 84 -1
40 90 -1
40 48 1
40 41 -1
40 74 -1
40 54 -1
40 84 -1
41 48 -1
41 93 1
41 57 -1
41 59 1
41 68 1
41 58 1
41 73 1
41 91 -1
42 50 1
42 75 -1
42 94 -1
42 64 1
42 90 1
42 100 1
42 93 -1
43 64 -1
43 49 1
43 81 1
43 88 1
44 97 -1
44 91 -1
44 96 1
44 53 1
45 56 -1
45 72 -1
45 68 -1
45 60 1
45 81 1
45 57 -1
45 92 -1
45 67 -1
46 75 -1
46 94 -1
46 97 -1
48 54 -1
48 62 1
48 83 1
48 75 1
48 57 -1
48 51 -1
49 98 1
49 96 -1
50 97 1
50 90 -1
50 81 -1
50 85 -1
51 78 1
51 75 1
51 61 1
51 99 -1
51 63 1
51 59 -1
51 64 1
52 63 -1
52 90 1
52 76 1
52 54 1
52 66 -1
52 78 -1
53 84 1
53 58 -1
53 72 -1
53 63 1
53 64 -1
53 77 1
53 95 1
54 77 1
54 85 1
54 59 1
54 68 -1
54 56 1
54 73 -1
54 64 1
55 76 1
55 88 1
55 69 1
55 91 1
55 77 -1
56 73 -1
56 98 -1
56 97 1
57 89 -1
57 91 1
57 71 -1
58 84 1
58 95 1
59 73 1
59 62 1
60 87 1
60 78 1
60 94 -1
60 92 -1
60 90 -1
61 78 -1
61 67 1
61 66 1
61 88 -1
61 83 -1
62 91 1
62 73 1
62 71 -1
62 100 1
63 77 -1
63 70 -1
64 82 1
64 94 1
64 79 -1
64 72 -1
65 91 1
65 94 1
65 78 1
65 81 1
66 71 1
66 89 -1
66 85 -1
66 87 -1
67 90 -1
67 94 1
67 69 1
67 98 1
68 71 -1
68 78 -1
68 98 1
68 100 1
68 92 1
69 87 -1
69 76 -1
69 72 -1
70 90 -1
70 92 1
71 99 1
71 72 1
72 82 -1
72 78 -1
73 74 1
74 80 1
74 100 -1
75 76 -1
75 97 1
75 98 -1
77 94 -1
77 96 -1
78 80 1
79 99 -1
81 100 1
81 84 1
82 87 -1
82 83 -1
82 100 1
82 85 1
83 91 -1
83 89 1
83 84 1
83 88 -1
84 94 -1
85 96 -1
86 89 -1
86 91 -1
86 93 1
87 89 -1
87 91 -1
88 89 1
90 96 1
91 95 1
92 97 1
93 99 1
95 98 -1
95 99 1
96 97 -1
