100 4455 
1 3 -2
1 61 -2
1 62 6
1 43 -8
1 23 1
1 47 7
1 76 -7
1 39 0
1 83 -4
1 92 -8
1 32 -8
1 89 6
1 69 1
1 24 6
1 37 2
1 80 -1
1 86 -3
1 4 -2
1 59 -3
1 26 -5
1 30 -1
1 48 5
1 90 0
1 63 -1
1 14 7
1 49 8
1 27 5
1 20 -6
1 44 -5
1 34 -7
1 70 -7
1 11 3
1 84 -6
1 58 10
1 78 4
1 55 -4
1 66 -2
1 97 -2
1 68 -5
1 17 4
1 29 10
1 99 -8
1 16 -5
1 46 1
1 19 0
1 42 7
1 77 -10
1 98 9
1 9 10
1 71 -10
1 82 3
1 53 10
1 56 -10
1 100 -4
1 74 -6
1 60 -7
1 12 -4
1 65 -1
1 52 -1
1 31 2
1 73 0
1 87 10
1 67 -5
1 94 0
1 13 9
1 5 3
1 6 -10
1 88 10
1 81 -1
1 96 7
1 57 10
1 64 -2
1 45 0
1 38 10
1 22 -5
1 85 5
1 2 0
1 36 9
1 79 8
1 54 -5
1 8 -6
1 40 -3
1 10 4
1 7 10
1 41 -3
1 33 -6
1 25 -3
1 95 7
1 93 -6
2 91 2
2 98 8
2 25 4
2 24 -3
2 62 6
2 88 0
2 92 10
2 68 -10
2 67 0
2 15 -8
2 94 7
2 60 -3
2 20 4
2 90 4
2 93 2
2 4 6
2 16 -2
2 22 1
2 96 -2
2 18 7
2 27 3
2 7 -10
2 6 -10
2 84 -5
2 70 2
2 63 1
2 39 -7
2 76 8
2 55 -9
2 79 8
2 26 -7
2 37 0
2 89 7
2 33 6
2 5 -9
2 80 -4
2 64 10
2 11 -1
2 46 -10
2 58 0
2 3 -8
2 35 -3
2 10 10
2 43 -6
2 65 2
2 36 -7
2 28 -2
2 59 -4
2 45 8
2 42 -7
2 56 -1
2 31 -8
2 17 -6
2 78 3
2 73 8
2 77 -7
2 75 -4
2 72 -6
2 8 0
2 82 3
2 71 -8
2 23 -9
2 49 0
2 19 0
2 57 -5
2 21 -2
2 61 3
2 53 5
2 30 -4
2 85 -8
2 41 7
2 51 -7
2 13 9
2 38 9
2 52 -10
2 29 -10
2 44 -9
2 97 -9
2 83 -10
2 54 -4
2 32 -1
2 100 3
2 95 0
2 86 8
2 48 -5
3 80 -1
3 46 9
3 10 -9
3 67 3
3 35 1
3 7 5
3 88 5
3 71 -1
3 77 -10
3 93 7
3 72 5
3 40 -10
3 18 3
3 85 1
3 74 5
3 65 -9
3 49 -9
3 56 -5
3 92 -2
3 68 -8
3 73 3
3 22 0
3 29 -6
3 51 5
3 89 5
3 91 2
3 100 8
3 20 -7
3 26 3
3 94 2
3 30 -5
3 6 -10
3 4 -8
3 19 6
3 54 0
3 64 -1
3 61 -1
3 33 6
3 55 10
3 25 -6
3 11 -1
3 21 -9
3 53 2
3 76 -9
3 13 7
3 83 7
3 79 -4
3 66 3
3 47 -6
3 9 2
3 87 8
3 98 -2
3 15 -10
3 17 3
3 99 2
3 12 7
3 95 3
3 23 3
3 50 -8
3 8 -2
3 28 9
3 5 5
3 38 10
3 27 7
3 24 -8
3 42 8
3 16 -10
3 58 9
3 81 0
3 41 -6
3 39 8
3 63 -1
3 36 7
3 59 7
3 43 4
3 44 -5
3 34 0
3 62 -5
3 84 6
3 14 5
3 45 -2
3 52 -1
3 57 3
3 48 -7
3 97 7
3 78 -8
3 70 2
4 10 -6
4 12 5
4 66 8
4 89 -10
4 68 5
4 95 -9
4 56 1
4 59 -4
4 72 3
4 34 -1
4 17 4
4 94 1
4 85 -2
4 6 -6
4 42 9
4 79 5
4 11 -9
4 87 1
4 93 9
4 31 -7
4 99 -3
4 76 4
4 69 -1
4 15 -4
4 84 7
4 18 -9
4 28 8
4 86 -5
4 51 7
4 83 -6
4 26 -6
4 64 -7
4 97 -8
4 67 -8
4 88 -2
4 46 -8
4 32 -9
4 74 3
4 81 -2
4 70 9
4 52 -5
4 45 -7
4 49 10
4 77 -3
4 71 4
4 13 -9
4 90 -7
4 58 1
4 27 7
4 96 4
4 16 -5
4 48 -5
4 61 -6
4 92 1
4 22 6
4 53 4
4 38 -8
4 39 8
4 75 5
4 7 9
4 44 -1
4 47 2
4 8 0
4 65 1
4 41 4
4 91 4
4 21 5
4 23 -10
4 98 -9
4 24 10
4 30 -3
4 29 0
4 54 4
4 73 2
4 9 6
4 82 8
4 80 1
4 55 -8
4 20 7
4 60 1
4 63 -2
4 78 4
4 5 -3
5 100 -4
5 10 -8
5 81 5
5 63 -2
5 48 -9
5 94 -6
5 50 9
5 60 -10
5 11 9
5 76 -5
5 64 -9
5 95 0
5 69 4
5 99 10
5 9 -3
5 36 -2
5 59 2
5 73 -7
5 85 -1
5 28 0
5 23 -2
5 39 6
5 12 -6
5 61 9
5 19 1
5 43 -6
5 66 2
5 6 8
5 74 -9
5 70 -10
5 58 0
5 71 -8
5 57 -5
5 47 0
5 52 -3
5 77 1
5 42 4
5 14 -4
5 22 5
5 72 10
5 78 2
5 32 10
5 88 1
5 49 -2
5 25 -8
5 38 10
5 83 1
5 7 -1
5 51 -3
5 15 -10
5 31 7
5 34 5
5 86 -6
5 96 -5
5 35 -2
5 92 -4
5 97 -10
5 33 -9
5 54 -9
5 30 -4
5 45 8
5 24 6
5 44 -6
5 18 4
5 53 0
5 90 -8
5 29 9
5 13 -6
5 21 2
5 8 5
5 91 -3
5 65 1
5 79 -4
5 27 -8
5 93 -8
5 89 7
5 55 -6
5 20 1
5 80 -9
5 67 -8
5 87 -8
5 82 6
5 17 -1
5 56 6
5 46 -3
5 98 -5
5 41 9
5 62 -5
6 23 6
6 41 -9
6 72 2
6 60 2
6 92 -2
6 16 5
6 65 -7
6 81 9
6 87 10
6 51 9
6 17 9
6 46 -5
6 86 8
6 52 4
6 47 0
6 30 -10
6 100 -1
6 56 -8
6 39 -8
6 20 8
6 26 -7
6 84 4
6 45 1
6 21 9
6 69 -8
6 75 -1
6 14 5
6 74 6
6 54 9
6 57 2
6 63 1
6 97 6
6 25 -10
6 37 3
6 38 0
6 22 10
6 11 -6
6 28 8
6 62 -9
6 67 -1
6 32 4
6 78 5
6 40 5
6 24 -3
6 8 -8
6 15 5
6 50 6
6 64 -6
6 44 10
6 48 5
6 27 4
6 53 -6
6 35 8
6 43 3
6 71 -5
6 76 7
6 9 -8
6 31 -4
6 58 5
6 49 5
6 33 3
6 80 0
6 85 10
6 79 3
6 94 10
6 13 0
6 91 -6
6 59 5
6 82 6
6 98 -3
6 61 1
6 99 4
6 95 -4
6 55 3
6 93 -2
6 96 5
6 34 -1
6 7 6
6 90 -7
6 10 -7
6 73 7
6 77 9
6 19 7
6 88 5
6 83 0
6 42 -8
6 18 -9
6 89 -3
6 70 -9
6 68 1
7 76 -7
7 34 -5
7 16 9
7 65 -7
7 44 0
7 52 6
7 49 9
7 33 0
7 11 2
7 20 1
7 31 -3
7 15 8
7 12 8
7 95 10
7 83 3
7 30 7
7 71 -9
7 61 -4
7 9 -8
7 10 -1
7 66 7
7 25 6
7 70 4
7 17 -9
7 8 7
7 45 -9
7 58 -9
7 38 2
7 56 -5
7 26 6
7 50 -6
7 37 -7
7 27 -9
7 40 7
7 74 -9
7 78 4
7 23 10
7 59 8
7 91 -5
7 94 1
7 42 10
7 80 -1
7 48 -1
7 39 10
7 67 0
7 99 5
7 14 0
7 89 0
7 13 8
7 43 -7
7 21 5
7 87 -2
7 36 -2
7 69 -4
7 92 -4
7 32 -9
7 29 4
7 54 -9
7 62 -4
7 57 10
7 55 7
7 19 -1
7 35 -2
7 97 10
7 88 6
7 68 -8
7 81 -3
7 46 -6
7 75 6
7 100 -8
7 84 1
7 73 -3
7 85 10
7 18 -1
7 41 -2
7 60 4
7 24 -9
7 82 6
7 53 -5
7 98 -6
7 79 2
8 39 10
8 62 -2
8 86 -6
8 89 6
8 12 4
8 38 1
8 10 7
8 57 -8
8 95 -3
8 83 -9
8 91 7
8 99 1
8 71 -10
8 98 3
8 63 -10
8 29 -2
8 94 8
8 49 5
8 93 4
8 46 8
8 47 0
8 9 -8
8 65 -3
8 53 -7
8 51 -2
8 72 -4
8 90 -7
8 14 -10
8 84 1
8 60 5
8 37 -5
8 22 7
8 66 7
8 87 5
8 23 -7
8 19 -3
8 15 -5
8 74 9
8 30 -9
8 61 -9
8 26 4
8 56 -3
8 17 9
8 33 10
8 75 -10
8 77 -2
8 21 1
8 70 -10
8 24 -1
8 88 -6
8 85 -3
8 16 -4
8 64 8
8 48 -3
8 32 -1
8 44 -5
8 36 5
8 69 3
8 35 4
8 11 7
8 96 9
8 58 8
8 55 -5
8 42 9
8 13 1
8 28 -1
8 76 10
8 80 -4
8 78 -1
8 41 10
8 34 6
8 68 -7
8 54 -4
8 50 -4
8 73 -10
8 27 -8
8 67 5
8 43 -6
8 79 -10
8 81 4
8 82 4
8 25 4
8 45 -6
8 97 8
9 47 3
9 90 10
9 29 8
9 99 1
9 35 1
9 68 -2
9 79 4
9 31 7
9 22 -6
9 83 -9
9 27 5
9 92 5
9 19 1
9 87 -2
9 84 10
9 56 0
9 72 0
9 12 -7
9 23 -5
9 71 7
9 100 3
9 49 2
9 24 7
9 52 6
9 14 -8
9 51 -2
9 85 10
9 64 -2
9 17 3
9 28 -4
9 26 -8
9 15 -4
9 25 -2
9 57 4
9 76 -8
9 40 3
9 13 5
9 46 -8
9 10 0
9 50 -8
9 70 -7
9 39 10
9 97 -9
9 73 -6
9 96 6
9 62 -3
9 16 10
9 59 -6
9 30 5
9 66 9
9 78 -7
9 42 -3
9 32 -8
9 86 -2
9 91 7
9 88 5
9 75 2
9 81 2
9 20 7
9 60 -10
9 43 7
9 21 8
9 65 9
9 58 -3
9 33 9
9 61 7
9 45 -6
9 77 -8
9 69 1
9 89 4
9 94 -7
9 44 1
9 48 0
9 37 -8
9 18 1
9 98 -1
9 93 2
9 67 7
9 38 -9
9 55 -10
9 11 0
10 60 -2
10 17 5
10 55 8
10 79 8
10 70 -7
10 37 8
10 49 0
10 90 -1
10 11 4
10 21 -5
10 84 -6
10 42 -5
10 16 8
10 32 -5
10 77 -10
10 54 -5
10 31 0
10 99 7
10 80 -3
10 34 -9
10 92 -10
10 41 7
10 67 -4
10 25 8
10 64 7
10 58 4
10 20 6
10 27 1
10 52 10
10 71 -1
10 65 -10
10 29 -3
10 48 1
10 95 0
10 46 1
10 57 8
10 89 3
10 33 10
10 72 -5
10 98 7
10 53 2
10 82 -2
10 40 1
10 73 -4
10 50 -9
10 47 0
10 100 1
10 93 -7
10 62 -3
10 43 4
10 94 -3
10 22 10
10 18 10
10 14 -4
10 30 4
10 85 -5
10 76 0
10 78 -2
10 91 -4
10 75 -3
10 13 -1
10 28 -2
10 51 3
10 69 8
10 97 3
10 63 -1
10 12 1
10 19 -10
10 61 4
10 23 -8
10 59 -8
10 45 -7
10 36 3
10 35 -9
10 86 3
10 15 -6
10 39 -3
10 87 9
10 56 -6
10 38 -4
10 68 -3
10 26 0
10 66 2
11 25 9
11 62 -1
11 55 -6
11 90 7
11 48 7
11 18 3
11 22 6
11 60 7
11 54 8
11 40 2
11 80 9
11 79 -7
11 68 -1
11 94 -4
11 45 -4
11 37 1
11 21 9
11 73 2
11 69 -2
11 38 4
11 86 3
11 81 -1
11 13 -4
11 46 10
11 78 -7
11 31 -8
11 98 7
11 14 1
11 61 1
11 77 4
11 93 0
11 16 -3
11 84 -6
11 87 9
11 34 -9
11 67 -1
11 30 -2
11 53 10
11 97 -9
11 39 4
11 74 2
11 28 7
11 51 7
11 41 -1
11 76 8
11 88 -2
11 27 -8
11 47 10
11 96 8
11 44 5
11 64 4
11 12 -2
11 70 -9
11 43 7
11 59 7
11 95 -10
11 35 -3
11 52 0
11 92 2
11 42 -1
11 17 -3
11 63 2
11 33 2
11 56 -1
11 100 -6
11 20 -4
11 72 -2
11 89 7
11 32 8
11 15 6
11 66 1
11 82 -5
11 83 0
11 24 -4
11 58 1
11 23 -10
11 50 -2
11 85 6
11 49 8
11 26 9
11 65 -6
11 91 5
11 57 -3
12 17 2
12 19 3
12 48 4
12 31 -2
12 33 -1
12 15 0
12 24 -1
12 20 -1
12 44 5
12 47 8
12 98 7
12 88 -1
12 43 -4
12 89 2
12 58 6
12 83 -10
12 53 8
12 26 2
12 38 -7
12 66 -4
12 99 -4
12 55 -5
12 36 2
12 56 -7
12 52 10
12 23 -7
12 65 9
12 18 -9
12 92 8
12 39 1
12 74 3
12 22 -10
12 86 6
12 30 -8
12 73 -5
12 13 -5
12 69 -4
12 49 -3
12 87 -9
12 70 -1
12 16 -10
12 84 7
12 79 10
12 14 4
12 51 4
12 25 2
12 76 -6
12 27 -5
12 54 -8
12 72 6
12 80 9
12 62 -9
12 71 0
12 64 -9
12 95 10
12 96 -7
12 40 -8
12 29 -4
12 82 -8
12 81 -10
12 37 1
12 63 3
12 91 -10
12 21 2
12 32 -3
12 59 10
12 41 5
12 61 0
12 75 4
12 94 -5
12 77 -4
12 85 5
12 68 2
12 42 5
12 93 9
12 50 -6
12 97 -1
12 28 -2
12 100 8
12 45 -1
12 78 1
12 46 -2
13 34 -4
13 77 1
13 96 -9
13 67 7
13 53 1
13 33 -5
13 65 1
13 74 10
13 22 7
13 43 9
13 19 9
13 87 3
13 31 7
13 64 -5
13 66 -10
13 71 1
13 17 0
13 72 -8
13 68 7
13 75 -6
13 48 -2
13 62 1
13 69 3
13 98 3
13 95 6
13 61 -3
13 54 0
13 46 9
13 82 6
13 27 0
13 93 5
13 90 0
13 57 0
13 44 4
13 70 8
13 15 3
13 88 -1
13 84 -8
13 76 -8
13 51 7
13 25 -8
13 83 -2
13 30 1
13 16 10
13 35 7
13 60 -1
13 73 7
13 14 9
13 32 6
13 100 8
13 18 0
13 80 -6
13 37 0
13 99 3
13 50 4
13 86 5
13 45 3
13 52 10
13 56 6
13 47 -2
13 23 -5
13 28 -5
13 94 8
13 91 9
13 40 0
13 49 -2
13 29 5
13 81 -3
13 79 9
13 38 -7
13 89 9
13 42 -10
13 26 1
13 20 4
13 58 -10
13 39 6
13 97 -9
13 63 9
13 21 5
13 92 4
14 18 -10
14 72 -6
14 90 -7
14 83 9
14 59 10
14 78 10
14 100 4
14 44 -10
14 23 1
14 65 -7
14 91 -10
14 61 4
14 73 2
14 37 5
14 89 -2
14 43 -6
14 95 10
14 17 1
14 48 -9
14 54 -10
14 60 -2
14 16 7
14 93 9
14 57 3
14 82 5
14 58 -1
14 35 -3
14 79 8
14 46 3
14 32 6
14 71 7
14 67 0
14 69 -7
14 27 7
14 55 5
14 21 6
14 99 1
14 85 0
14 74 1
14 40 9
14 63 1
14 52 -8
14 81 -10
14 33 7
14 28 -7
14 97 -8
14 64 -10
14 80 -7
14 92 -7
14 42 -9
14 49 10
14 22 3
14 84 -8
14 50 9
14 53 9
14 34 -5
14 68 7
14 94 10
14 56 -2
14 77 7
14 38 -6
14 86 -5
14 75 -7
14 96 6
14 45 -9
14 29 -6
14 98 6
14 24 -10
14 20 9
14 76 8
14 30 9
14 19 0
15 72 -3
15 81 7
15 62 6
15 17 10
15 25 -10
15 68 -6
15 82 -3
15 43 -10
15 34 -1
15 75 -2
15 88 3
15 48 -5
15 87 8
15 73 1
15 67 10
15 20 8
15 60 -8
15 22 7
15 38 9
15 86 4
15 26 7
15 77 1
15 58 -2
15 24 0
15 95 -6
15 29 -3
15 90 -3
15 61 1
15 83 7
15 100 7
15 76 -4
15 49 5
15 80 -10
15 21 10
15 30 -3
15 16 -2
15 93 -10
15 84 -2
15 99 1
15 19 -2
15 78 5
15 98 -5
15 70 -9
15 57 -7
15 91 4
15 23 5
15 32 8
15 33 -4
15 56 6
15 55 4
15 45 1
15 53 -3
15 54 0
15 96 -6
15 18 -9
15 92 -1
15 40 -5
15 69 -1
15 71 -1
15 52 -9
15 65 -6
15 85 1
15 36 5
15 46 -5
15 37 -4
15 28 -7
15 94 6
15 35 -9
15 51 2
15 42 -1
15 63 9
15 59 8
15 41 -1
15 47 -6
15 89 0
15 27 4
15 44 -2
15 31 5
16 84 1
16 68 -10
16 41 2
16 79 -3
16 58 3
16 57 10
16 90 -10
16 86 9
16 92 -2
16 74 -4
16 60 -6
16 28 0
16 25 0
16 38 9
16 94 -9
16 26 1
16 96 10
16 61 -3
16 77 -5
16 54 7
16 39 9
16 17 5
16 89 -6
16 20 8
16 97 2
16 65 4
16 23 1
16 59 -6
16 51 -3
16 30 7
16 75 -3
16 37 7
16 48 -6
16 76 -5
16 53 5
16 100 -7
16 85 2
16 62 -4
16 44 6
16 70 6
16 98 -8
16 64 1
16 43 -8
16 22 -3
16 32 -3
16 45 -9
16 33 3
16 95 -8
16 18 5
16 91 -6
16 50 -7
16 36 -3
16 66 -10
16 42 6
16 88 8
16 47 -3
16 21 -5
16 99 -10
16 93 7
16 73 -4
16 63 0
16 87 9
16 81 8
16 72 -9
16 78 -7
16 49 6
16 31 -7
16 71 1
16 56 7
16 69 1
16 80 9
16 27 7
16 83 -7
16 40 -7
16 35 1
16 19 -6
16 29 -1
17 43 7
17 44 2
17 78 2
17 74 3
17 45 -4
17 18 6
17 58 -9
17 20 -3
17 97 -3
17 77 -7
17 62 3
17 92 8
17 72 -8
17 53 -8
17 86 9
17 59 5
17 41 5
17 55 9
17 57 -4
17 48 0
17 26 -8
17 25 -2
17 99 7
17 22 -4
17 73 0
17 40 -2
17 52 -8
17 56 -9
17 50 -3
17 64 1
17 49 -2
17 66 2
17 19 -8
17 21 6
17 82 4
17 33 0
17 93 3
17 27 -9
17 91 6
17 68 4
17 98 -9
17 81 8
17 61 9
17 23 -7
17 24 -8
17 39 10
17 88 1
17 65 8
17 37 -5
17 96 7
17 32 3
17 67 -9
17 75 -4
17 31 -6
17 80 -2
17 28 4
17 60 7
17 47 3
17 69 5
17 71 -2
17 29 1
17 30 -8
17 34 0
17 95 7
17 35 8
17 90 2
17 70 4
17 38 -5
17 84 -8
17 87 0
17 46 -2
17 51 7
17 63 4
17 36 -5
18 96 -1
18 82 -6
18 23 -5
18 58 -10
18 75 -7
18 69 -7
18 27 8
18 26 10
18 90 9
18 47 9
18 85 -3
18 42 10
18 89 8
18 33 1
18 81 -4
18 32 -9
18 48 -4
18 80 10
18 74 -8
18 57 -1
18 60 -3
18 66 -10
18 40 -3
18 21 -9
18 71 -7
18 20 -10
18 34 -7
18 65 7
18 54 -7
18 64 -3
18 68 1
18 97 -5
18 56 4
18 24 5
18 72 3
18 30 4
18 35 -4
18 83 -3
18 38 2
18 51 8
18 44 6
18 31 -4
18 84 -1
18 73 -4
18 19 -8
18 22 -4
18 49 -3
18 77 6
18 63 5
18 39 -6
18 86 1
18 76 10
18 67 4
18 100 9
18 53 8
18 25 -1
18 88 -2
18 93 2
18 37 4
18 36 5
18 55 -2
18 99 2
18 92 -7
18 94 10
18 91 3
18 43 -5
18 61 4
19 88 -4
19 32 7
19 82 4
19 72 -3
19 90 9
19 78 1
19 28 -10
19 57 -9
19 42 1
19 85 -7
19 89 6
19 98 0
19 51 -10
19 29 9
19 76 6
19 40 -1
19 25 -1
19 24 6
19 60 -2
19 71 9
19 39 -8
19 55 -2
19 34 1
19 65 5
19 36 6
19 94 -4
19 81 9
19 46 2
19 35 8
19 49 4
19 91 -1
19 92 -4
19 33 5
19 77 -8
19 83 6
19 58 1
19 53 2
19 87 3
19 84 6
19 43 1
19 50 7
19 22 -2
19 47 -7
19 86 -5
19 59 4
19 96 -1
19 61 -8
19 21 -9
19 52 1
19 37 -9
19 31 4
19 30 -2
19 69 9
19 68 5
19 70 -8
19 56 -10
19 80 0
19 79 -6
19 66 2
19 75 -5
19 95 -5
19 99 2
19 100 6
19 64 -1
19 27 10
19 74 1
19 67 5
19 97 -4
19 23 5
19 62 -5
19 63 2
20 32 6
20 27 10
20 92 1
20 81 0
20 95 1
20 43 1
20 54 0
20 42 5
20 83 7
20 50 7
20 35 0
20 30 -4
20 91 -3
20 52 0
20 21 -9
20 53 -9
20 38 1
20 63 9
20 97 6
20 57 -7
20 60 9
20 40 0
20 67 -4
20 82 5
20 47 -9
20 72 3
20 41 10
20 34 1
20 62 2
20 37 10
20 77 -9
20 31 -10
20 78 10
20 51 2
20 74 -1
20 94 -2
20 90 3
20 39 -6
20 84 -2
20 24 -5
20 88 -6
20 98 -4
20 56 -8
20 68 0
20 58 4
20 23 -7
20 75 2
20 79 7
20 46 8
20 49 6
20 33 -6
20 44 5
20 48 -6
20 99 0
20 87 -9
20 96 -9
20 25 2
20 93 0
20 59 -5
20 71 6
20 29 8
20 61 8
20 86 5
20 66 7
20 76 6
20 26 8
20 89 -1
20 65 -5
20 70 6
20 69 -2
20 64 3
20 100 -9
21 61 -8
21 41 10
21 81 -8
21 98 5
21 49 -2
21 89 8
21 62 -1
21 26 -8
21 95 3
21 73 9
21 39 5
21 24 8
21 83 4
21 69 5
21 60 -8
21 42 -8
21 93 -9
21 38 5
21 55 8
21 53 -8
21 34 5
21 94 6
21 71 1
21 48 0
21 33 9
21 78 9
21 79 -7
21 30 -4
21 25 -6
21 68 1
21 57 -2
21 59 10
21 76 -8
21 28 -7
21 52 7
21 80 5
21 43 -4
21 96 -1
21 75 -10
21 70 10
21 31 1
21 84 7
21 87 -5
21 86 3
21 63 -7
21 100 3
21 35 -7
21 44 -3
21 65 -5
21 50 -3
21 58 -8
21 85 9
21 82 -5
21 56 -10
21 67 -3
21 32 -9
21 37 0
21 92 -6
21 91 -6
21 90 2
21 40 10
21 88 -6
21 72 -7
21 99 0
21 46 8
21 97 3
21 29 1
21 54 -5
21 64 7
21 36 -8
21 77 6
21 22 -1
21 27 3
21 74 -6
21 66 -5
22 72 10
22 67 -7
22 36 5
22 85 7
22 47 -7
22 74 0
22 64 9
22 35 1
22 34 7
22 59 9
22 88 -3
22 99 10
22 26 -5
22 29 -9
22 79 -6
22 30 -1
22 31 1
22 37 -10
22 75 -10
22 76 -1
22 95 5
22 63 -8
22 49 2
22 82 10
22 69 -5
22 24 -2
22 23 -1
22 94 8
22 56 -8
22 65 -2
22 66 0
22 54 -8
22 27 7
22 40 -1
22 93 8
22 28 -7
22 58 -3
22 71 -4
22 87 2
22 48 -10
22 53 10
22 89 -8
22 25 -7
22 50 5
22 39 9
22 97 5
22 42 4
22 57 6
22 92 9
22 84 -3
22 46 7
22 38 2
22 91 -7
22 55 10
22 86 3
22 45 7
22 73 1
22 44 2
22 70 0
22 60 9
22 96 -5
22 90 9
22 77 5
22 43 4
22 98 -10
22 83 -8
22 51 -10
22 61 6
22 32 10
23 32 -10
23 68 8
23 88 2
23 71 9
23 91 8
23 37 10
23 86 8
23 82 2
23 84 6
23 52 9
23 36 -7
23 95 6
23 99 10
23 63 -5
23 73 7
23 46 -10
23 41 7
23 35 -1
23 28 2
23 26 -4
23 47 -5
23 69 -5
23 62 2
23 51 8
23 89 8
23 33 -7
23 98 -2
23 83 8
23 81 -4
23 94 -4
23 58 -5
23 60 -4
23 90 7
23 56 -7
23 78 -8
23 48 3
23 61 2
23 92 3
23 72 -4
23 29 0
23 49 6
23 66 4
23 64 -5
23 34 -5
23 55 5
23 30 9
23 70 8
23 97 1
23 76 5
23 39 10
23 25 4
23 77 -5
23 67 10
23 80 1
23 65 6
23 38 1
23 43 10
23 75 5
23 59 7
23 45 5
23 79 -3
23 53 -9
23 31 10
23 54 8
23 50 -6
23 74 -10
23 57 6
23 44 -1
23 24 -1
24 79 -6
24 89 -4
24 92 10
24 52 -10
24 75 -8
24 65 -10
24 96 6
24 66 -7
24 39 5
24 37 -9
24 54 4
24 81 6
24 95 -10
24 40 8
24 76 2
24 32 -3
24 77 -3
24 57 3
24 97 -10
24 80 7
24 87 -5
24 53 -8
24 51 1
24 59 7
24 26 3
24 72 5
24 25 8
24 58 1
24 94 0
24 44 -2
24 56 0
24 63 -8
24 85 10
24 61 7
24 78 -4
24 70 -2
24 28 -2
24 27 -8
24 34 7
24 91 10
24 99 -10
24 41 4
24 47 9
24 71 -3
24 33 10
24 30 1
24 84 -9
24 98 7
24 48 4
24 69 -10
24 55 5
24 88 10
24 68 3
24 73 5
24 67 -8
24 50 5
24 83 -1
24 31 -4
24 36 0
24 29 -2
24 62 -9
24 35 7
24 42 -5
24 60 -9
24 100 -4
24 93 -2
24 45 0
24 90 1
25 48 1
25 36 9
25 74 -10
25 59 0
25 78 3
25 63 10
25 95 0
25 93 -9
25 82 -7
25 77 7
25 73 -3
25 57 2
25 35 10
25 39 6
25 55 1
25 72 7
25 83 10
25 45 -9
25 66 9
25 26 4
25 76 8
25 40 -2
25 30 -4
25 28 0
25 96 -3
25 97 4
25 65 -3
25 71 10
25 27 -8
25 29 -7
25 98 -3
25 53 -6
25 99 -9
25 64 5
25 60 0
25 68 -7
25 94 5
25 69 -9
25 81 4
25 52 3
25 49 3
25 47 8
25 44 2
25 42 0
25 85 -3
25 37 9
25 91 -6
25 89 7
25 87 8
25 92 -9
25 62 9
25 100 5
25 51 0
25 86 2
25 54 -6
25 50 9
25 31 2
25 38 7
25 80 7
25 90 9
25 32 -4
25 70 4
25 33 -2
25 46 -8
25 75 -8
25 58 -3
25 84 -7
25 67 10
26 83 -9
26 28 2
26 97 -6
26 98 -3
26 34 10
26 40 -4
26 70 -5
26 75 2
26 62 9
26 91 -10
26 92 -1
26 56 3
26 30 -1
26 36 -4
26 81 4
26 45 7
26 85 4
26 39 7
26 31 6
26 32 -7
26 50 7
26 51 -8
26 37 1
26 90 3
26 46 -8
26 42 -7
26 68 -8
26 76 1
26 99 9
26 38 -7
26 59 -5
26 48 -3
26 93 -10
26 100 3
26 27 -6
26 47 6
26 61 -3
26 94 -7
26 41 0
26 52 2
26 64 6
26 49 2
26 44 -9
26 82 -6
26 29 -3
26 35 8
26 71 2
26 87 -6
26 88 -9
26 33 3
26 55 1
26 63 -8
26 43 -9
26 69 1
26 79 -5
26 77 -10
26 54 -10
26 73 4
26 95 5
26 96 -8
26 80 5
26 86 6
26 58 -3
26 74 -10
27 30 7
27 65 5
27 95 8
27 89 0
27 86 0
27 41 10
27 73 -3
27 36 -6
27 58 5
27 35 8
27 93 2
27 79 -10
27 42 -4
27 71 3
27 97 10
27 43 -2
27 78 -1
27 49 -7
27 28 -6
27 52 -2
27 54 4
27 72 3
27 32 -3
27 64 -9
27 55 -9
27 50 -10
27 34 0
27 84 4
27 29 3
27 38 -2
27 81 0
27 51 0
27 74 10
27 83 10
27 67 -9
27 82 -10
27 85 -2
27 60 7
27 53 6
27 57 7
27 98 7
27 59 -9
27 39 -1
27 66 3
27 31 0
27 62 5
27 100 -10
27 90 10
27 96 2
27 33 -6
27 44 -4
27 80 4
27 48 3
27 68 -8
27 99 -8
27 45 -4
27 75 3
27 70 -6
27 76 -7
27 69 -3
27 46 2
27 56 8
27 92 -1
27 37 -5
27 77 7
28 42 0
28 54 6
28 72 1
28 85 -7
28 61 -7
28 90 8
28 32 2
28 84 1
28 33 1
28 93 -10
28 82 3
28 43 10
28 75 5
28 36 -1
28 74 3
28 67 -10
28 98 2
28 46 4
28 50 3
28 41 3
28 86 -1
28 78 -5
28 34 -1
28 91 -3
28 45 0
28 70 -4
28 52 -8
28 99 1
28 88 7
28 58 1
28 87 8
28 65 3
28 40 6
28 48 0
28 89 -7
28 30 6
28 100 5
28 47 3
28 60 1
28 62 -8
28 57 -10
28 31 -10
28 97 -10
28 35 8
28 77 -7
28 64 -3
28 68 3
28 83 5
28 39 2
28 69 7
28 81 -4
28 55 -2
28 76 10
28 63 -4
28 29 10
28 95 1
28 37 6
28 80 -5
28 92 -3
28 94 -7
28 71 -4
28 79 -3
28 96 10
28 56 -5
28 44 4
28 66 -4
29 98 -3
29 62 8
29 97 -2
29 58 3
29 47 -1
29 73 0
29 37 -4
29 89 2
29 50 0
29 90 7
29 30 1
29 87 5
29 56 -8
29 82 4
29 84 -8
29 85 1
29 71 2
29 64 -8
29 99 4
29 57 -5
29 78 4
29 63 -4
29 76 -3
29 44 -3
29 59 3
29 66 8
29 67 -7
29 75 -10
29 52 4
29 55 -8
29 53 0
29 43 -7
29 91 -7
29 70 5
29 39 7
29 34 5
29 36 -5
29 42 9
29 69 -6
29 40 4
29 94 10
29 35 7
29 68 10
29 77 5
29 51 -9
29 88 0
29 100 -7
29 81 9
29 49 -3
29 65 8
29 86 3
29 38 6
29 54 -1
29 79 10
29 60 -2
29 48 8
29 92 -6
29 61 2
29 46 2
29 45 -10
29 74 -9
29 41 -8
29 72 6
29 33 -6
29 31 0
29 80 -3
29 83 -1
30 100 -1
30 52 10
30 64 0
30 70 -3
30 92 -3
30 45 7
30 48 -1
30 34 5
30 35 -4
30 46 9
30 61 5
30 98 -10
30 81 0
30 77 4
30 97 9
30 83 -7
30 43 -1
30 57 1
30 36 -4
30 91 7
30 89 -2
30 39 -1
30 47 -6
30 96 -2
30 76 6
30 85 5
30 41 5
30 55 -6
30 59 -5
30 68 -4
30 50 -5
30 63 3
30 72 0
30 82 -2
30 73 3
30 71 -1
30 79 2
30 32 -3
30 75 -6
30 99 -10
30 67 1
30 74 1
30 33 2
30 62 5
30 44 -2
30 51 -4
30 87 -6
30 31 -10
30 66 0
30 88 -6
30 78 9
30 69 -10
30 53 3
30 65 3
30 42 -9
30 58 5
30 94 -3
30 60 3
30 49 -3
30 56 2
30 54 8
30 40 3
30 80 1
30 38 8
30 86 -10
31 80 -1
31 41 9
31 56 -7
31 42 9
31 93 -4
31 32 -2
31 78 -10
31 58 2
31 91 9
31 36 10
31 54 -6
31 45 10
31 72 5
31 97 -2
31 90 7
31 60 5
31 94 10
31 47 -8
31 100 8
31 35 -9
31 74 9
31 33 -6
31 84 1
31 99 -10
31 44 -2
31 64 -8
31 77 -7
31 51 2
31 83 -5
31 37 -3
31 57 9
31 70 -7
31 38 -4
31 53 -7
31 34 5
31 59 -6
31 46 5
31 96 1
31 69 -1
31 49 6
31 76 4
31 95 -8
31 85 10
31 71 -8
31 39 4
31 87 -2
31 65 7
31 81 2
31 50 -5
31 55 -5
31 48 1
31 61 6
31 40 10
31 68 4
31 73 3
31 98 -2
31 86 -4
31 62 4
31 88 4
31 92 -6
31 82 0
32 93 2
32 94 -7
32 51 -1
32 67 -5
32 42 9
32 53 4
32 56 3
32 77 -2
32 45 -3
32 54 1
32 96 -7
32 46 -6
32 91 -3
32 100 -1
32 70 8
32 64 2
32 61 -6
32 33 -2
32 99 -7
32 37 3
32 66 -9
32 38 -10
32 75 2
32 55 -9
32 44 -4
32 89 4
32 78 -2
32 62 3
32 95 5
32 98 -5
32 73 2
32 85 8
32 34 -1
32 47 3
32 49 0
32 63 9
32 68 2
32 87 -6
32 88 7
32 57 0
32 80 -7
32 81 -8
32 83 -7
32 65 10
32 36 -6
32 86 4
32 92 6
32 72 -2
32 35 5
32 74 0
32 59 9
32 69 1
32 60 -8
32 39 10
32 90 -5
32 82 6
32 71 -10
32 58 -5
32 48 -6
32 40 -6
32 79 0
32 52 -10
33 87 10
33 91 -10
33 62 6
33 43 0
33 65 -8
33 77 -2
33 60 -3
33 40 -6
33 46 -4
33 63 -2
33 99 9
33 75 9
33 55 0
33 84 -8
33 61 7
33 88 5
33 39 -10
33 80 -2
33 52 -9
33 78 -8
33 96 -7
33 98 1
33 93 8
33 53 -2
33 74 -2
33 83 -6
33 54 8
33 70 -10
33 100 -1
33 49 -3
33 81 6
33 42 3
33 69 9
33 94 -10
33 45 -8
33 71 -9
33 51 -7
33 36 10
33 67 -6
33 41 8
33 48 -7
33 57 9
33 38 5
33 34 -2
33 66 2
33 35 -6
33 85 0
33 72 -6
33 89 0
33 44 -3
33 97 8
33 92 2
33 47 2
33 68 -5
33 79 1
33 59 -6
33 95 2
33 90 -5
33 37 -8
33 56 -6
33 50 9
33 64 -5
34 63 0
34 56 9
34 74 -3
34 93 9
34 37 6
34 86 1
34 87 3
34 83 0
34 94 8
34 40 -6
34 42 -4
34 46 -9
34 95 -6
34 49 4
34 61 -7
34 85 -8
34 67 -8
34 77 -6
34 35 7
34 66 -10
34 59 2
34 92 -2
34 43 8
34 41 3
34 72 7
34 99 -1
34 60 3
34 97 -10
34 89 -4
34 57 2
34 90 0
34 55 -1
34 54 8
34 47 7
34 39 -6
34 96 -10
34 58 9
34 65 2
34 70 -2
34 81 8
34 80 -4
34 51 -6
34 91 -2
34 38 8
34 78 1
34 53 -7
34 84 0
34 64 -7
34 69 9
34 68 0
34 73 -2
34 48 -8
34 75 8
34 44 2
34 82 2
34 71 8
34 52 -10
34 36 -3
35 44 7
35 46 7
35 52 0
35 79 -6
35 93 -6
35 51 2
35 47 -4
35 92 9
35 40 2
35 81 -6
35 62 7
35 56 -5
35 99 -8
35 77 -10
35 69 -6
35 59 0
35 42 -3
35 68 5
35 53 -2
35 67 -2
35 82 0
35 43 -8
35 71 6
35 91 -5
35 75 0
35 100 7
35 48 6
35 49 1
35 80 -4
35 70 -4
35 97 -10
35 65 -2
35 94 0
35 37 -10
35 83 10
35 36 -10
35 84 -10
35 50 -8
35 72 -10
35 41 -1
35 60 6
35 55 8
35 39 -10
35 45 0
35 90 -7
35 74 7
35 76 6
35 85 -2
35 63 3
35 89 0
35 57 7
35 64 10
35 54 -7
35 96 4
35 95 7
35 98 7
35 66 1
35 88 -10
35 86 -7
36 56 10
36 92 -8
36 83 8
36 73 -9
36 68 9
36 72 1
36 55 10
36 54 -1
36 91 4
36 76 -8
36 45 -8
36 75 5
36 67 8
36 58 2
36 69 1
36 66 -10
36 78 -3
36 60 0
36 57 0
36 38 -6
36 61 0
36 88 3
36 87 -1
36 81 -9
36 74 -5
36 97 0
36 49 1
36 80 10
36 98 6
36 52 6
36 77 8
36 99 7
36 85 1
36 95 9
36 59 -8
36 39 8
36 40 2
36 89 -7
36 63 8
36 48 0
36 100 -5
36 86 3
36 79 -4
36 70 -7
36 43 -10
36 44 -6
36 46 -1
36 71 0
36 90 -9
36 93 9
36 47 2
36 94 -1
36 51 7
36 62 -3
36 65 -5
36 50 -4
36 82 -9
36 42 5
37 39 -9
37 52 -5
37 57 6
37 76 -3
37 100 0
37 69 -3
37 47 -9
37 84 -9
37 68 4
37 72 7
37 77 -2
37 44 -10
37 60 -6
37 75 -4
37 54 -9
37 49 9
37 65 9
37 59 -9
37 63 10
37 73 -10
37 40 9
37 90 4
37 51 -7
37 95 -7
37 83 -10
37 99 4
37 71 6
37 58 5
37 45 10
37 78 -1
37 56 -7
37 87 -7
37 38 -9
37 46 -9
37 67 -6
37 97 1
37 48 7
37 64 -7
37 82 1
37 98 4
37 86 -4
37 70 1
37 50 6
37 91 -1
37 89 -5
37 74 4
37 43 -1
37 96 -2
37 79 -9
37 61 -6
37 42 -10
37 53 -2
37 41 -5
37 62 1
37 80 -7
37 94 -7
37 55 9
37 66 -10
37 93 8
37 81 9
37 92 10
37 85 3
38 95 10
38 91 10
38 65 1
38 60 -1
38 87 10
38 96 3
38 100 -6
38 42 2
38 45 9
38 73 -1
38 83 9
38 48 -4
38 98 6
38 97 10
38 92 -7
38 81 3
38 53 4
38 80 -10
38 39 -1
38 69 6
38 93 2
38 79 4
38 70 -2
38 90 -1
38 58 -8
38 47 7
38 84 -4
38 86 10
38 66 -9
38 41 2
38 62 -8
38 89 0
38 40 -10
38 94 2
38 99 -7
38 88 6
38 46 -3
38 51 10
38 71 3
38 78 3
38 85 0
38 56 -10
38 82 -5
38 77 -10
38 63 -4
38 68 -7
38 52 3
38 57 3
38 50 -5
38 72 -1
38 43 2
38 54 4
38 75 -2
38 44 -10
38 67 -1
38 76 9
38 55 -9
38 64 -5
38 49 -5
39 52 7
39 74 -10
39 59 5
39 73 -9
39 64 6
39 97 -2
39 92 -6
39 71 2
39 79 -9
39 40 -8
39 88 -8
39 44 9
39 77 3
39 72 9
39 42 0
39 100 1
39 90 -6
39 61 1
39 51 10
39 57 -4
39 82 -9
39 70 -10
39 41 -4
39 46 -6
39 78 -5
39 65 5
39 49 2
39 58 3
39 91 -7
39 95 -9
39 69 5
39 63 7
39 45 5
39 80 8
39 56 -9
39 86 5
39 99 -7
39 75 -8
39 62 -9
39 53 -3
39 85 -3
39 67 -5
39 98 4
39 76 6
39 81 -5
39 54 -1
39 48 -1
39 47 6
39 43 -8
39 87 4
39 93 4
39 66 -10
39 55 0
39 94 1
39 84 5
40 86 8
40 75 -4
40 85 2
40 66 -3
40 69 4
40 47 4
40 93 5
40 78 0
40 64 -1
40 83 10
40 80 -10
40 68 10
40 52 8
40 88 -10
40 58 -10
40 42 -5
40 96 -10
40 59 -2
40 71 -1
40 87 6
40 56 9
40 44 2
40 49 7
40 81 3
40 77 10
40 62 7
40 95 -7
40 97 5
40 46 -6
40 70 7
40 60 2
40 76 -8
40 98 5
40 61 -5
40 89 -8
40 67 10
40 55 6
40 45 9
40 53 0
40 79 -4
40 92 -7
40 43 -8
40 57 -8
40 73 -10
40 63 -1
40 90 1
40 48 -7
40 41 -8
40 74 10
40 54 9
40 84 4
41 54 -3
41 76 -5
41 53 -5
41 81 8
41 71 -10
41 96 -7
41 89 -8
41 67 1
41 69 8
41 92 -4
41 77 10
41 88 -3
41 47 9
41 44 -4
41 84 -7
41 62 4
41 50 6
41 51 7
41 86 -10
41 49 -4
41 75 4
41 65 -7
41 87 6
41 95 -8
41 78 6
41 90 -5
41 66 -2
41 56 10
41 43 8
41 42 -5
41 100 2
41 70 7
41 60 7
41 61 -2
41 83 8
41 52 -5
41 97 1
41 99 4
41 79 8
41 98 -2
41 74 -6
41 45 -4
41 46 -8
41 63 10
41 80 1
41 48 -4
41 93 -9
41 57 -7
41 59 10
41 68 -4
41 58 -10
41 73 4
41 91 9
42 82 -7
42 45 4
42 73 9
42 49 1
42 98 -10
42 61 -10
42 83 -8
42 99 7
42 89 -6
42 52 -7
42 77 -2
42 70 -5
42 97 8
42 78 -8
42 62 1
42 66 3
42 68 7
42 87 -7
42 43 10
42 72 0
42 48 -5
42 53 -5
42 84 1
42 92 -7
42 59 6
42 91 -8
42 63 -1
42 57 7
42 67 -5
42 80 8
42 69 -10
42 58 -3
42 44 9
42 95 0
42 65 2
42 56 -7
42 96 -8
42 76 -5
42 51 0
42 55 4
42 46 -3
42 60 1
42 54 9
42 71 -1
42 79 6
42 86 -7
42 50 0
42 75 6
42 94 -7
42 64 8
42 90 -9
42 100 5
42 93 0
43 93 2
43 51 -9
43 87 -1
43 90 3
43 53 1
43 74 -10
43 99 6
43 61 7
43 54 9
43 67 3
43 59 8
43 44 2
43 94 -3
43 50 -10
43 98 6
43 97 10
43 47 8
43 71 -7
43 45 1
43 63 -10
43 79 -4
43 68 -10
43 65 2
43 100 3
43 86 -8
43 48 8
43 76 7
43 62 -9
43 92 0
43 55 3
43 91 -3
43 70 -4
43 46 -6
43 58 -4
43 72 -3
43 75 2
43 60 -9
43 89 -5
43 57 -8
43 78 -5
43 83 6
43 80 2
43 96 -4
43 82 -5
43 66 6
43 69 2
43 85 4
43 84 5
43 64 -9
43 49 -9
43 81 -9
43 88 -3
44 66 10
44 89 10
44 83 7
44 56 10
44 72 -9
44 51 6
44 68 -1
44 88 -10
44 82 -8
44 93 9
44 95 -6
44 57 6
44 92 6
44 75 -7
44 63 -1
44 85 -4
44 87 -1
44 47 -2
44 78 3
44 52 5
44 86 -1
44 90 7
44 98 -8
44 99 1
44 94 -8
44 84 8
44 73 6
44 55 5
44 45 -8
44 77 4
44 71 -6
44 46 1
44 100 9
44 81 8
44 65 5
44 50 -7
44 64 8
44 80 5
44 54 -7
44 67 -7
44 69 2
44 61 -2
44 76 -3
44 70 -7
44 79 5
44 59 7
44 48 9
44 97 6
44 91 9
44 96 7
44 53 10
45 98 -8
45 82 7
45 75 4
45 97 -7
45 83 -2
45 70 -4
45 52 -2
45 80 -2
45 71 -10
45 64 -7
45 47 4
45 74 -1
45 51 -7
45 58 6
45 93 -1
45 63 2
45 61 6
45 50 10
45 86 -6
45 88 -5
45 96 6
45 87 -6
45 89 -9
45 94 -3
45 91 10
45 55 -3
45 62 -2
45 90 -4
45 69 4
45 84 4
45 53 1
45 66 4
45 77 -9
45 76 5
45 99 8
45 100 2
45 95 -9
45 48 -7
45 65 6
45 73 -6
45 79 -8
45 59 -4
45 56 -5
45 72 -9
45 68 6
45 60 -4
45 81 4
45 57 0
45 92 2
45 67 0
46 88 5
46 90 -3
46 86 1
46 67 -4
46 73 -5
46 49 8
46 54 6
46 96 8
46 56 1
46 66 -9
46 57 10
46 85 8
46 61 7
46 48 6
46 87 -6
46 69 8
46 92 -5
46 78 -2
46 100 -10
46 74 -9
46 51 -2
46 62 5
46 55 -5
46 58 0
46 63 -3
46 82 8
46 47 -3
46 91 -9
46 89 3
46 72 -3
46 81 -9
46 77 9
46 53 5
46 52 -3
46 80 -1
46 68 1
46 64 4
46 50 -3
46 83 -9
46 65 7
46 70 -4
46 60 6
46 75 8
46 94 0
46 97 -4
47 94 -9
47 92 5
47 71 7
47 90 -10
47 98 -10
47 89 8
47 97 -8
47 86 5
47 91 5
47 60 -4
47 84 2
47 74 2
47 73 -3
47 77 -5
47 83 -10
47 66 -8
47 61 1
47 79 -6
47 53 3
47 58 7
47 52 5
47 55 7
47 100 -10
47 64 -6
47 81 -10
47 93 4
47 95 -10
47 99 0
47 63 -10
47 65 -2
47 49 10
47 56 10
47 96 -2
47 59 9
47 62 3
47 68 8
47 82 1
47 70 -1
47 78 3
47 75 6
47 88 -5
47 87 4
47 54 9
47 85 -3
47 80 -5
47 48 -9
47 72 7
47 51 2
48 92 -6
48 55 -4
48 93 -5
48 78 9
48 63 -8
48 98 6
48 100 1
48 67 8
48 71 8
48 56 4
48 79 5
48 72 -8
48 65 7
48 66 5
48 49 -10
48 68 2
48 73 9
48 90 -5
48 52 7
48 61 -8
48 89 -4
48 86 0
48 84 3
48 81 -2
48 70 -7
48 76 6
48 87 -9
48 94 -1
48 99 5
48 69 -2
48 59 -7
48 82 9
48 80 -8
48 95 2
48 97 -2
48 74 5
48 88 5
48 60 3
48 91 -10
48 64 -8
48 53 -5
48 50 0
48 54 4
48 62 -8
48 83 4
48 75 0
48 57 2
48 51 -5
49 73 -9
49 84 10
49 83 8
49 89 -2
49 53 -6
49 70 5
49 61 -9
49 88 -8
49 79 4
49 81 1
49 58 -6
49 74 -4
49 75 6
49 72 -3
49 68 10
49 65 -4
49 86 4
49 63 -5
49 50 -6
49 76 1
49 66 6
49 77 -7
49 87 -4
49 69 -10
49 52 5
49 78 -9
49 55 2
49 56 8
49 93 10
49 82 -5
49 94 9
49 91 -3
49 62 -6
49 97 4
49 100 -3
49 60 -10
49 59 -4
49 67 0
49 80 -9
49 54 -6
49 64 -8
49 51 3
49 98 -7
49 96 -3
50 93 -1
50 57 -9
50 66 9
50 58 -5
50 86 3
50 75 -4
50 61 -4
50 83 1
50 88 -3
50 62 0
50 72 0
50 92 7
50 52 4
50 80 -2
50 70 -8
50 51 5
50 73 -8
50 96 6
50 79 10
50 54 9
50 67 0
50 94 8
50 78 4
50 82 -2
50 91 -6
50 87 -9
50 65 -4
50 56 -8
50 99 10
50 84 0
50 89 7
50 68 -5
50 77 -7
50 60 -6
50 63 8
50 64 -5
50 53 -2
50 95 0
50 59 -4
50 76 0
50 71 -9
50 69 -7
50 97 -5
50 90 5
50 81 0
50 85 -8
51 80 1
51 82 -3
51 83 3
51 77 -1
51 85 -2
51 70 -4
51 88 -8
51 57 2
51 53 -3
51 93 5
51 66 -9
51 68 7
51 87 -5
51 56 -4
51 55 10
51 95 7
51 71 5
51 94 -7
51 90 -6
51 65 8
51 72 -6
51 67 2
51 86 -6
51 81 -3
51 92 2
51 91 10
51 52 8
51 96 3
51 69 7
51 76 9
51 62 1
51 74 4
51 84 -8
51 58 7
51 79 -8
51 54 -8
51 89 -10
51 60 -3
51 78 -3
51 75 2
51 61 7
51 99 -6
51 63 -4
51 59 3
51 64 5
52 83 -8
52 86 -6
52 88 8
52 81 -5
52 70 -1
52 80 6
52 96 0
52 62 -2
52 58 6
52 82 9
52 79 -9
52 99 -1
52 95 9
52 93 -9
52 94 -4
52 56 8
52 71 4
52 69 -1
52 91 2
52 98 1
52 84 -2
52 53 -8
52 100 1
52 77 -9
52 73 -8
52 59 2
52 65 1
52 68 -10
52 92 5
52 60 -2
52 55 8
52 57 -3
52 72 7
52 87 -6
52 64 0
52 61 -10
52 97 7
52 74 0
52 67 -6
52 85 -1
52 75 1
52 63 -7
52 90 8
52 76 -6
52 54 4
52 66 7
52 78 7
53 76 -3
53 57 8
53 99 -3
53 98 -6
53 74 -5
53 73 2
53 75 0
53 86 -1
53 79 -5
53 61 0
53 69 -5
53 97 -8
53 70 -6
53 91 -1
53 54 -8
53 65 -6
53 78 10
53 90 1
53 80 6
53 56 8
53 94 8
53 92 10
53 82 2
53 67 -6
53 89 -7
53 81 -3
53 88 -7
53 66 -5
53 87 6
53 93 4
53 83 2
53 71 -2
53 59 2
53 60 7
53 62 8
53 84 -7
53 58 -5
53 72 -1
53 63 -2
53 64 -6
53 77 9
53 95 0
54 82 -2
54 80 4
54 83 -9
54 69 -8
54 57 7
54 71 6
54 90 3
54 88 -8
54 61 -1
54 92 -4
54 70 5
54 100 1
54 94 10
54 66 4
54 60 1
54 97 8
54 62 6
54 84 8
54 93 0
54 76 -9
54 67 0
54 79 -7
54 58 -10
54 95 5
54 96 -6
54 81 8
54 72 0
54 98 5
54 55 4
54 86 -5
54 63 -10
54 65 -3
54 78 -2
54 75 -5
54 87 10
54 77 10
54 85 -2
54 59 -9
54 68 9
54 56 2
54 73 9
54 64 -8
55 100 3
55 94 9
55 83 8
55 92 -4
55 98 -8
55 99 -1
55 84 -9
55 61 -1
55 70 10
55 58 -2
55 80 3
55 97 5
55 59 3
55 57 -1
55 75 0
55 89 5
55 95 -8
55 93 3
55 86 9
55 90 -8
55 73 -1
55 68 4
55 60 -1
55 62 6
55 85 -9
55 72 6
55 82 3
55 87 -4
55 65 5
55 78 1
55 64 -8
55 76 9
55 88 0
55 69 -8
55 91 4
55 77 -6
56 57 10
56 67 -9
56 90 5
56 96 -4
56 95 2
56 65 -1
56 68 3
56 99 -10
56 94 9
56 61 6
56 62 -10
56 63 4
56 80 -10
56 92 5
56 86 10
56 66 7
56 77 -2
56 78 3
56 89 -2
56 71 1
56 91 -1
56 83 -2
56 64 9
56 85 10
56 100 5
56 88 -9
56 79 -7
56 60 -4
56 81 -5
56 84 -5
56 93 3
56 76 -10
56 70 1
56 82 5
56 87 -5
56 75 -2
56 74 -9
56 73 4
56 98 -6
56 97 -8
57 64 -4
57 66 -4
57 94 7
57 63 -8
57 92 0
57 88 2
57 60 0
57 68 -7
57 72 5
57 84 -8
57 93 -4
57 82 4
57 59 -5
57 58 -2
57 98 -8
57 100 3
57 73 -10
57 67 -1
57 85 -5
57 95 -4
57 97 6
57 69 -7
57 70 9
57 75 -1
57 99 8
57 61 -9
57 80 8
57 79 -2
57 76 4
57 65 6
57 77 5
57 74 8
57 86 -1
57 96 -5
57 90 -1
57 62 4
57 89 6
57 91 -3
57 71 -6
58 59 5
58 91 -3
58 89 -2
58 68 -9
58 76 -4
58 86 6
58 71 0
58 92 -6
58 64 2
58 72 -10
58 87 -9
58 97 9
58 65 3
58 62 -7
58 99 -6
58 60 -6
58 73 1
58 66 -4
58 69 -7
58 80 -6
58 70 8
58 83 5
58 63 4
58 82 8
58 81 -8
58 78 7
58 67 8
58 100 -3
58 98 10
58 75 2
58 77 -7
58 61 9
58 88 10
58 74 2
58 90 10
58 94 -6
58 96 -5
58 84 5
58 95 9
59 88 2
59 82 -4
59 91 -5
59 81 -5
59 69 1
59 98 4
59 65 0
59 68 8
59 72 -8
59 76 -8
59 100 8
59 89 3
59 75 0
59 64 7
59 71 -4
59 77 -6
59 97 -9
59 99 4
59 94 10
59 90 -2
59 80 -8
59 60 1
59 74 1
59 78 -10
59 92 8
59 61 2
59 63 7
59 66 3
59 70 10
59 84 -10
59 86 -2
59 96 8
59 85 6
59 83 -3
59 93 -2
59 73 7
59 62 -6
60 76 10
60 64 -9
60 91 -8
60 68 6
60 61 4
60 85 -1
60 79 4
60 74 -4
60 65 -5
60 62 -9
60 93 -6
60 99 5
60 97 1
60 100 6
60 75 2
60 89 6
60 86 -7
60 83 -9
60 82 8
60 67 -6
60 95 -4
60 71 7
60 88 9
60 81 -2
60 73 -8
60 84 4
60 87 3
60 78 -8
60 94 5
60 92 -3
60 90 10
61 86 -1
61 99 -6
61 74 -6
61 68 0
61 89 8
61 63 -9
61 70 -6
61 85 5
61 71 2
61 98 2
61 96 8
61 97 7
61 92 -8
61 82 10
61 64 1
61 69 5
61 77 -2
61 84 0
61 90 -4
61 81 2
61 76 -8
61 73 -5
61 94 -4
61 72 3
61 100 0
61 65 -6
61 62 -10
61 79 4
61 80 7
61 95 9
61 78 -4
61 67 0
61 66 -9
61 88 10
61 83 -5
62 82 -7
62 96 -9
62 68 9
62 81 9
62 90 -9
62 72 -3
62 86 10
62 95 -3
62 97 1
62 89 -8
62 76 8
62 65 8
62 78 -5
62 88 4
62 93 -5
62 64 -7
62 67 -4
62 94 -4
62 85 10
62 77 5
62 79 10
62 84 2
62 69 7
62 70 9
62 74 4
62 92 0
62 63 8
62 80 4
62 99 5
62 75 7
62 83 -6
62 91 3
62 73 4
62 71 -4
62 100 -9
63 69 -9
63 99 -5
63 71 -1
63 66 1
63 78 0
63 93 7
63 83 1
63 84 0
63 75 -5
63 72 0
63 91 3
63 65 0
63 94 4
63 87 -6
63 64 2
63 85 -3
63 88 -7
63 100 8
63 81 6
63 89 6
63 82 -4
63 90 -4
63 80 6
63 86 -1
63 67 3
63 74 2
63 96 5
63 77 -3
63 70 9
64 90 7
64 74 5
64 78 8
64 83 -3
64 93 -8
64 85 -9
64 70 -6
64 75 2
64 80 3
64 91 -3
64 88 3
64 98 -7
64 100 -6
64 96 0
64 89 1
64 99 6
64 92 8
64 69 -5
64 77 2
64 67 1
64 84 8
64 81 -5
64 68 -10
64 87 5
64 95 -2
64 73 -7
64 76 -8
64 66 9
64 86 2
64 82 -6
64 94 -9
64 79 5
64 72 4
65 72 3
65 84 -8
65 96 9
65 100 0
65 87 -3
65 88 -2
65 95 -10
65 76 5
65 99 5
65 97 -6
65 70 -4
65 80 -9
65 69 10
65 86 3
65 74 7
65 71 5
65 90 9
65 67 -4
65 68 -2
65 92 9
65 77 -6
65 83 0
65 85 -4
65 93 -10
65 79 -2
65 73 -10
65 89 -3
65 91 -8
65 94 -9
65 78 4
65 81 4
66 67 4
66 82 8
66 77 -1
66 96 6
66 69 -3
66 72 5
66 90 -4
66 83 0
66 78 -7
66 81 1
66 98 -1
66 94 -4
66 68 9
66 84 -7
66 91 -1
66 75 3
66 97 7
66 99 2
66 93 -3
66 76 8
66 70 10
66 100 -7
66 79 -10
66 92 -9
66 86 6
66 73 8
66 95 7
66 80 1
66 71 -5
66 89 9
66 85 0
66 87 -2
67 78 -6
67 96 -9
67 68 -6
67 74 2
67 89 -1
67 72 10
67 76 -5
67 97 -10
67 73 -8
67 85 -4
67 77 -1
67 80 5
67 95 3
67 87 8
67 71 -2
67 83 -6
67 91 -8
67 79 10
67 92 -4
67 81 -3
67 84 -4
67 82 10
67 99 3
67 86 -6
67 93 -10
67 100 8
67 75 -1
67 90 -9
67 94 0
67 69 0
67 98 4
68 82 7
68 91 9
68 69 -10
68 79 10
68 89 -6
68 77 2
68 99 5
68 81 9
68 76 9
68 88 -2
68 85 -9
68 96 -9
68 86 8
68 74 6
68 84 5
68 73 -9
68 87 0
68 95 8
68 70 2
68 93 -1
68 94 -4
68 75 -3
68 90 9
68 83 7
68 80 -3
68 97 5
68 71 -1
68 78 -3
68 98 7
68 100 4
68 92 -8
69 100 3
69 75 -9
69 99 -4
69 85 8
69 94 10
69 90 -3
69 95 -2
69 71 0
69 92 -2
69 96 -10
69 86 -1
69 74 -9
69 98 -6
69 97 -2
69 93 3
69 91 6
69 89 7
69 79 -8
69 87 4
69 76 -3
69 72 -7
70 98 -8
70 88 -6
70 76 -7
70 78 -2
70 94 -9
70 87 -10
70 71 4
70 81 8
70 72 -2
70 93 0
70 100 -10
70 96 7
70 95 -8
70 86 3
70 75 -3
70 73 -5
70 80 -10
70 77 -1
70 84 10
70 79 0
70 99 -10
70 74 -4
70 83 -8
70 82 -10
70 85 -2
70 91 -4
70 90 3
70 92 -1
71 95 8
71 78 -10
71 80 -4
71 100 -3
71 81 -4
71 84 8
71 96 4
71 73 -4
71 92 10
71 88 -1
71 89 -1
71 74 -9
71 79 -10
71 98 -6
71 86 3
71 82 -8
71 75 2
71 85 4
71 93 -4
71 77 6
71 83 4
71 97 -4
71 94 -1
71 99 1
71 72 1
72 92 -1
72 83 3
72 98 -3
72 89 6
72 84 -3
72 73 -9
72 96 8
72 85 -3
72 81 1
72 93 3
72 88 -2
72 76 -2
72 97 -2
72 91 8
72 95 9
72 86 8
72 94 -2
72 87 9
72 80 5
72 100 10
72 74 2
72 90 0
72 75 2
72 82 -5
72 78 -10
73 80 3
73 81 8
73 75 1
73 95 7
73 83 -1
73 96 -6
73 99 6
73 100 -5
73 93 -3
73 76 -8
73 94 -8
73 85 1
73 98 -6
73 87 10
73 90 3
73 91 9
73 77 -8
73 78 0
73 89 0
73 92 -9
73 88 -7
73 97 -7
73 84 3
73 79 1
73 74 -9
74 79 -10
74 76 -5
74 97 10
74 87 1
74 90 10
74 99 5
74 88 4
74 98 -7
74 91 -1
74 81 8
74 94 -7
74 86 -8
74 75 -10
74 92 9
74 96 3
74 95 10
74 82 3
74 93 7
74 78 2
74 84 -9
74 85 -1
74 80 -9
74 100 8
75 79 5
75 95 6
75 92 -9
75 99 0
75 87 -8
75 89 2
75 94 5
75 96 10
75 82 -6
75 84 -3
75 78 0
75 86 9
75 88 6
75 93 -3
75 80 5
75 100 -8
75 83 -1
75 90 6
75 81 6
75 76 -10
75 97 4
75 98 6
76 100 -5
76 93 -7
76 84 10
76 99 -6
76 92 4
76 87 -7
76 94 -3
76 85 0
76 89 6
76 95 7
76 86 3
76 90 -3
76 82 5
76 80 2
76 77 -10
76 91 1
76 98 8
76 97 10
76 79 -1
76 78 -3
76 88 6
76 96 -6
76 83 -2
77 97 8
77 86 4
77 92 -9
77 79 3
77 82 -2
77 98 0
77 81 -8
77 93 9
77 84 -5
77 83 8
77 91 -3
77 95 -2
77 99 -10
77 88 -3
77 89 10
77 78 10
77 80 -4
77 87 9
77 100 -4
77 90 -8
77 94 1
77 96 0
78 99 9
78 79 3
78 89 -9
78 88 10
78 90 -10
78 100 -3
78 94 9
78 83 7
78 95 -2
78 85 -8
78 98 2
78 97 4
78 84 -8
78 92 2
78 96 -4
78 91 5
78 81 -8
78 87 -2
78 86 -9
78 80 -3
79 93 -1
79 97 9
79 98 1
79 85 10
79 82 -1
79 86 -10
79 81 6
79 95 -4
79 83 2
79 90 1
79 94 8
79 92 -4
79 88 -4
79 96 4
79 87 4
79 80 0
79 89 8
79 84 3
79 91 0
79 99 1
80 85 -5
80 93 -8
80 91 5
80 88 0
80 82 -4
80 81 -1
80 86 -4
80 94 5
80 90 2
80 89 1
80 83 -6
80 87 4
80 95 8
80 96 9
80 92 9
80 100 -10
81 88 -6
81 91 -6
81 99 -8
81 82 2
81 90 -4
81 97 -8
81 85 -6
81 93 -6
81 96 10
81 89 5
81 94 -6
81 92 4
81 98 10
81 86 5
81 87 2
81 100 -9
81 84 10
82 92 9
82 84 10
82 99 5
82 86 8
82 96 10
82 89 -1
82 88 -5
82 91 1
82 97 9
82 95 10
82 93 5
82 98 -9
82 87 9
82 83 3
82 100 -6
82 85 -5
83 92 10
83 85 0
83 100 1
83 98 5
83 97 4
83 96 -7
83 90 -7
83 93 1
83 87 -7
83 86 -2
83 95 5
83 94 -7
83 99 2
83 91 3
83 89 -6
83 84 2
83 88 8
84 85 -3
84 91 10
84 96 0
84 98 10
84 100 4
84 92 -6
84 99 1
84 87 7
84 90 -10
84 88 6
84 97 7
84 95 -10
84 93 6
84 94 -1
85 92 3
85 98 -10
85 91 -3
85 97 -3
85 99 -5
85 95 5
85 100 8
85 89 -9
85 88 8
85 87 -7
85 86 10
85 93 -3
85 90 10
85 94 8
85 96 -10
86 99 8
86 88 -10
86 97 -3
86 92 3
86 96 3
86 87 -2
86 100 -4
86 94 1
86 98 1
86 90 -8
86 89 -6
86 91 -3
86 93 5
87 97 0
87 93 10
87 100 -4
87 96 9
87 94 -9
87 95 7
87 88 8
87 99 1
87 98 -10
87 89 4
87 91 -3
88 96 6
88 94 -10
88 98 5
88 100 -6
88 91 1
88 95 3
88 90 -1
88 99 4
88 89 5
89 90 8
89 91 -2
89 92 3
89 97 -4
89 99 -5
89 96 -7
89 95 5
89 100 -7
89 93 4
89 94 8
90 94 -1
90 100 6
90 95 -1
90 91 -10
90 99 6
90 98 7
90 92 4
90 96 -1
91 96 -9
91 92 4
91 93 -9
91 98 5
91 99 10
91 100 -7
91 97 2
91 94 4
91 95 -7
92 99 1
92 93 8
92 95 5
92 100 7
92 96 0
92 98 -1
92 94 2
92 97 -10
93 95 0
93 100 -4
93 96 8
93 97 -4
93 99 -7
94 97 0
94 95 1
94 99 -4
94 100 -2
94 96 7
94 98 -4
95 96 9
95 97 8
95 100 6
95 98 10
95 99 2
96 99 8
96 98 1
96 97 9
97 98 7
97 99 3
97 100 8
98 99 0
