60 0 0 438
60 0 1 444
60 0 2 385
60 1 0 442
60 1 1 437
60 1 2 436
60 2 0 449
60 2 1 454
60 2 2 418
60 3 0 412
60 3 1 425
60 3 2 433
60 4 0 441
60 4 1 457
60 4 2 442
60 5 0 445
60 5 1 437
60 5 2 439
60 6 0 468
60 6 1 462
60 6 2 444
60 7 0 439
60 7 1 418
60 7 2 444
60 8 0 417
60 8 1 436
60 8 2 400
60 9 0 439
60 9 1 443
60 9 2 446
80 0 0 784
80 0 1 780
80 0 2 770
80 1 0 727
80 1 1 809
80 1 2 748
80 2 0 785
80 2 1 786
80 2 2 778
80 3 0 793
80 3 1 793
80 3 2 804
80 4 0 787
80 4 1 789
80 4 2 733
80 5 0 794
80 5 1 792
80 5 2 815
80 6 0 772
80 6 1 790
80 6 2 780
80 7 0 777
80 7 1 791
80 7 2 741
80 8 0 760
80 8 1 766
80 8 2 813
80 9 0 794
80 9 1 824
80 9 2 743
100 0 0 1224
100 0 1 1213
100 0 2 1221
100 1 0 1223
100 1 1 1176
100 1 2 1253
100 2 0 1193
100 2 1 1252
100 2 2 1222
100 3 0 1247
100 3 1 1201
100 3 2 1190
100 4 0 1247
100 4 1 1224
100 4 2 1211
100 5 0 1259
100 5 1 1224
100 5 2 1262
100 6 0 1226
100 6 1 1218
100 6 2 1236
100 7 0 1178
100 7 1 1187
100 7 2 1249
100 8 0 1219
100 8 1 1249
100 8 2 1244
100 9 0 1167
100 9 1 1223
100 9 2 1227
60 0 3 446
60 0 4 454
60 0 5 413
60 0 6 459
60 0 7 425
60 0 8 426
60 0 9 437
60 0 10 435
60 1 3 424
60 1 4 397
60 1 5 422
60 1 6 416
60 1 7 472
60 1 8 427
60 1 9 433
60 1 10 428
60 2 3 374
60 2 4 440
60 2 5 386
60 2 6 455
60 2 7 432
60 2 8 429
60 2 9 439
60 2 10 444
60 3 3 444
60 3 4 417
60 3 5 441
60 3 6 421
60 3 7 441
60 3 8 423
60 3 9 442
60 3 10 430
60 4 3 415
60 4 4 446
60 4 5 452
60 4 6 416
60 4 7 448
60 4 8 462
60 4 9 447
60 4 10 434
60 5 3 396
60 5 4 437
60 5 5 410
60 5 6 417
60 5 7 438
60 5 8 453
60 5 9 447
60 5 10 435
60 6 3 435
60 6 4 456
60 6 5 439
60 6 6 443
60 6 7 442
60 6 8 439
60 6 9 455
60 6 10 447
60 7 3 407
60 7 4 459
60 7 5 438
60 7 6 387
60 7 7 433
60 7 8 447
60 7 9 462
60 7 10 428
60 8 3 432
60 8 4 433
60 8 5 464
60 8 6 449
60 8 7 454
60 8 8 427
60 8 9 445
60 8 10 443
60 9 3 421
60 9 4 434
60 9 5 450
60 9 6 434
60 9 7 457
60 9 8 431
60 9 9 372
60 9 10 434
80 0 3 805
80 0 4 788
80 0 5 758
80 0 6 774
80 0 7 752
80 0 8 767
80 0 9 792
80 0 10 802
80 1 3 804
80 1 4 791
80 1 5 654
80 1 6 773
80 1 7 788
80 1 8 740
80 1 9 786
80 1 10 807
80 2 3 782
80 2 4 761
80 2 5 782
80 2 6 811
80 2 7 769
80 2 8 769
80 2 9 763
80 2 10 758
80 3 3 776
80 3 4 700
80 3 5 794
80 3 6 784
80 3 7 772
80 3 8 767
80 3 9 792
80 3 10 786
80 4 3 783
80 4 4 799
80 4 5 806
80 4 6 688
80 4 7 811
80 4 8 778
80 4 9 813
80 4 10 790
80 5 3 753
80 5 4 777
80 5 5 806
80 5 6 760
80 5 7 772
80 5 8 760
80 5 9 781
80 5 10 773
80 6 3 745
80 6 4 770
80 6 5 762
80 6 6 810
80 6 7 811
80 6 8 769
80 6 9 795
80 6 10 784
80 7 3 777
80 7 4 780
80 7 5 738
80 7 6 701
80 7 7 767
80 7 8 744
80 7 9 780
80 7 10 767
80 8 3 801
80 8 4 774
80 8 5 780
80 8 6 791
80 8 7 752
80 8 8 803
80 8 9 774
80 8 10 726
80 9 3 777
80 9 4 760
80 9 5 797
80 9 6 795
80 9 7 794
80 9 8 781
80 9 9 800
80 9 10 741
100 0 3 1260
100 0 4 1160
100 0 5 1249
100 0 6 1237
100 0 7 1232
100 0 8 1224
100 0 9 1225
100 0 10 1202
100 1 3 1220
100 1 4 1234
100 1 5 1220
100 1 6 1234
100 1 7 1247
100 1 8 1252
100 1 9 1225
100 1 10 1222
100 2 3 1156
100 2 4 1254
100 2 5 1243
100 2 6 1224
100 2 7 1227
100 2 8 1229
100 2 9 1181
100 2 10 1216
100 3 3 1223
100 3 4 1299
100 3 5 1193
100 3 6 1190
100 3 7 1212
100 3 8 1230
100 3 9 1261
100 3 10 1229
100 4 3 1226
100 4 4 1221
100 4 5 1212
100 4 6 1239
100 4 7 1208
100 4 8 1260
100 4 9 1274
100 4 10 1248
100 5 3 1239
100 5 4 1102
100 5 5 1264
100 5 6 1204
100 5 7 1200
100 5 8 1208
100 5 9 1200
100 5 10 1224
100 6 3 1150
100 6 4 1235
100 6 5 1196
100 6 6 1166
100 6 7 1235
100 6 8 1241
100 6 9 1288
100 6 10 1197
100 7 3 1221
100 7 4 1135
100 7 5 1126
100 7 6 1257
100 7 7 1217
100 7 8 1242
100 7 9 1232
100 7 10 1237
100 8 3 1261
100 8 4 1250
100 8 5 1219
100 8 6 1244
100 8 7 1249
100 8 8 1272
100 8 9 1229
100 8 10 1242
100 9 3 1249
100 9 4 1234
100 9 5 1243
100 9 6 1188
100 9 7 1236
100 9 8 1263
100 9 9 1261
100 9 10 1263
