60 0 0 31
60 0 1 0
60 0 2 29
60 0 3 29
60 0 4 284
60 0 5 284
60 0 6 284
60 0 7 284
60 0 8 31
60 0 9 284
60 1 0 0
60 1 1 32
60 1 2 32
60 1 3 237
60 1 4 237
60 1 5 237
60 1 6 237
60 1 7 27
60 1 8 237
60 1 9 359
60 2 0 414
60 2 1 414
60 2 2 414
60 2 3 414
60 2 4 414
60 2 5 414
60 2 6 414
60 2 7 414
60 2 8 414
60 2 9 414
60 3 0 0
60 3 1 309
60 3 2 163
60 3 3 163
60 3 4 55
60 3 5 326
60 3 6 55
60 3 7 26
60 3 8 163
60 3 9 0
60 4 0 381
60 4 1 381
60 4 2 381
60 4 3 381
60 4 4 381
60 4 5 381
60 4 6 381
60 4 7 381
60 4 8 381
60 4 9 381
60 5 0 182
60 5 1 182
60 5 2 182
60 5 3 29
60 5 4 126
60 5 5 287
60 5 6 188
60 5 7 287
60 5 8 347
60 5 9 29
60 6 0 165
60 6 1 165
60 6 2 165
60 6 3 165
60 6 4 165
60 6 5 165
60 6 6 165
60 6 7 165
60 6 8 165
60 6 9 165
60 7 0 384
60 7 1 384
60 7 2 384
60 7 3 384
60 7 4 384
60 7 5 384
60 7 6 384
60 7 7 384
60 7 8 384
60 7 9 384
60 8 0 375
60 8 1 313
60 8 2 364
60 8 3 313
60 8 4 364
60 8 5 364
60 8 6 375
60 8 7 375
60 8 8 375
60 8 9 375
60 9 0 416
60 9 1 137
60 9 2 416
60 9 3 416
60 9 4 421
60 9 5 137
60 9 6 137
60 9 7 137
60 9 8 421
60 9 9 137
80 0 0 358
80 0 1 358
80 0 2 358
80 0 3 358
80 0 4 358
80 0 5 358
80 0 6 358
80 0 7 358
80 0 8 358
80 0 9 358
80 1 0 448
80 1 1 448
80 1 2 669
80 1 3 448
80 1 4 669
80 1 5 669
80 1 6 669
80 1 7 448
80 1 8 448
80 1 9 669
80 2 0 44
80 2 1 630
80 2 2 250
80 2 3 630
80 2 4 0
80 2 5 630
80 2 6 257
80 2 7 44
80 2 8 630
80 2 9 257
80 3 0 788
80 3 1 412
80 3 2 788
80 3 3 788
80 3 4 788
80 3 5 137
80 3 6 137
80 3 7 788
80 3 8 137
80 3 9 137
80 4 0 581
80 4 1 44
80 4 2 0
80 4 3 44
80 4 4 593
80 4 5 773
80 4 6 79
80 4 7 632
80 4 8 581
80 4 9 0
80 5 0 776
80 5 1 776
80 5 2 776
80 5 3 149
80 5 4 323
80 5 5 776
80 5 6 149
80 5 7 323
80 5 8 776
80 5 9 776
80 6 0 469
80 6 1 469
80 6 2 260
80 6 3 260
80 6 4 469
80 6 5 260
80 6 6 260
80 6 7 469
80 6 8 469
80 6 9 260
80 7 0 0
80 7 1 37
80 7 2 758
80 7 3 0
80 7 4 37
80 7 5 116
80 7 6 0
80 7 7 0
80 7 8 749
80 7 9 37
80 8 0 477
80 8 1 477
80 8 2 477
80 8 3 477
80 8 4 477
80 8 5 477
80 8 6 477
80 8 7 477
80 8 8 477
80 8 9 477
80 9 0 105
80 9 1 309
80 9 2 218
80 9 3 105
80 9 4 619
80 9 5 309
80 9 6 218
80 9 7 218
80 9 8 105
80 9 9 218
100 0 0 227
100 0 1 0
100 0 2 0
100 0 3 227
100 0 4 227
100 0 5 227
100 0 6 227
100 0 7 227
100 0 8 802
100 0 9 802
100 1 0 0
100 1 1 549
100 1 2 1150
100 1 3 1135
100 1 4 1150
100 1 5 1135
100 1 6 1150
100 1 7 1150
100 1 8 1135
100 1 9 0
100 2 0 774
100 2 1 774
100 2 2 774
100 2 3 774
100 2 4 774
100 2 5 774
100 2 6 774
100 2 7 774
100 2 8 774
100 2 9 774
100 3 0 532
100 3 1 532
100 3 2 532
100 3 3 283
100 3 4 532
100 3 5 532
100 3 6 283
100 3 7 532
100 3 8 283
100 3 9 532
100 4 0 0
100 4 1 1072
100 4 2 0
100 4 3 1072
100 4 4 1072
100 4 5 1015
100 4 6 0
100 4 7 0
100 4 8 0
100 4 9 997
100 5 0 330
100 5 1 1093
100 5 2 330
100 5 3 330
100 5 4 1093
100 5 5 773
100 5 6 1093
100 5 7 773
100 5 8 330
100 5 9 0
100 6 0 458
100 6 1 458
100 6 2 458
100 6 3 458
100 6 4 458
100 6 5 458
100 6 6 458
100 6 7 458
100 6 8 458
100 6 9 458
100 7 0 193
100 7 1 193
100 7 2 1243
100 7 3 681
100 7 4 1243
100 7 5 681
100 7 6 681
100 7 7 1243
100 7 8 681
100 7 9 1243
100 8 0 242
100 8 1 242
100 8 2 818
100 8 3 242
100 8 4 818
100 8 5 242
100 8 6 818
100 8 7 242
100 8 8 818
100 8 9 818
100 9 0 1218
100 9 1 0
100 9 2 58
100 9 3 0
100 9 4 1050
100 9 5 0
100 9 6 1050
100 9 7 0
100 9 8 0
100 9 9 1029
