60 0 0 31
60 0 1 0
60 0 2 380
60 0 3 380
60 0 4 215
60 0 5 215
60 0 6 215
60 0 7 215
60 0 8 31
60 0 9 215
60 1 0 0
60 1 1 32
60 1 2 32
60 1 3 219
60 1 4 219
60 1 5 219
60 1 6 219
60 1 7 27
60 1 8 219
60 1 9 424
60 2 0 344
60 2 1 344
60 2 2 344
60 2 3 344
60 2 4 344
60 2 5 344
60 2 6 344
60 2 7 344
60 2 8 344
60 2 9 344
60 3 0 0
60 3 1 442
60 3 2 146
60 3 3 146
60 3 4 55
60 3 5 256
60 3 6 55
60 3 7 286
60 3 8 146
60 3 9 0
60 4 0 254
60 4 1 254
60 4 2 254
60 4 3 254
60 4 4 254
60 4 5 254
60 4 6 254
60 4 7 254
60 4 8 254
60 4 9 254
60 5 0 129
60 5 1 129
60 5 2 129
60 5 3 76
60 5 4 101
60 5 5 253
60 5 6 135
60 5 7 253
60 5 8 424
60 5 9 76
60 6 0 88
60 6 1 88
60 6 2 88
60 6 3 88
60 6 4 88
60 6 5 88
60 6 6 88
60 6 7 88
60 6 8 88
60 6 9 88
60 7 0 318
60 7 1 318
60 7 2 318
60 7 3 318
60 7 4 318
60 7 5 318
60 7 6 318
60 7 7 318
60 7 8 318
60 7 9 318
60 8 0 279
60 8 1 313
60 8 2 413
60 8 3 313
60 8 4 413
60 8 5 413
60 8 6 279
60 8 7 413
60 8 8 279
60 8 9 279
60 9 0 391
60 9 1 114
60 9 2 391
60 9 3 391
60 9 4 383
60 9 5 114
60 9 6 114
60 9 7 114
60 9 8 383
60 9 9 114
80 0 0 244
80 0 1 244
80 0 2 244
80 0 3 244
80 0 4 244
80 0 5 244
80 0 6 244
80 0 7 244
80 0 8 244
80 0 9 244
80 1 0 397
80 1 1 397
80 1 2 561
80 1 3 397
80 1 4 561
80 1 5 561
80 1 6 561
80 1 7 397
80 1 8 397
80 1 9 561
80 2 0 44
80 2 1 433
80 2 2 250
80 2 3 433
80 2 4 35
80 2 5 433
80 2 6 226
80 2 7 44
80 2 8 433
80 2 9 226
80 3 0 604
80 3 1 343
80 3 2 604
80 3 3 604
80 3 4 604
80 3 5 250
80 3 6 250
80 3 7 604
80 3 8 250
80 3 9 250
80 4 0 401
80 4 1 44
80 4 2 275
80 4 3 44
80 4 4 468
80 4 5 586
80 4 6 782
80 4 7 468
80 4 8 401
80 4 9 275
80 5 0 702
80 5 1 702
80 5 2 702
80 5 3 184
80 5 4 293
80 5 5 702
80 5 6 184
80 5 7 293
80 5 8 702
80 5 9 702
80 6 0 421
80 6 1 421
80 6 2 260
80 6 3 260
80 6 4 421
80 6 5 260
80 6 6 260
80 6 7 421
80 6 8 421
80 6 9 260
80 7 0 785
80 7 1 699
80 7 2 690
80 7 3 785
80 7 4 699
80 7 5 767
80 7 6 785
80 7 7 785
80 7 8 541
80 7 9 699
80 8 0 426
80 8 1 426
80 8 2 426
80 8 3 426
80 8 4 426
80 8 5 426
80 8 6 426
80 8 7 426
80 8 8 426
80 8 9 426
80 9 0 105
80 9 1 208
80 9 2 143
80 9 3 105
80 9 4 434
80 9 5 208
80 9 6 143
80 9 7 143
80 9 8 105
80 9 9 143
100 0 0 272
100 0 1 1234
100 0 2 1234
100 0 3 272
100 0 4 272
100 0 5 272
100 0 6 272
100 0 7 272
100 0 8 623
100 0 9 623
100 1 0 89
100 1 1 473
100 1 2 845
100 1 3 819
100 1 4 845
100 1 5 819
100 1 6 845
100 1 7 845
100 1 8 819
100 1 9 89
100 2 0 605
100 2 1 605
100 2 2 605
100 2 3 605
100 2 4 605
100 2 5 605
100 2 6 605
100 2 7 605
100 2 8 605
100 2 9 605
100 3 0 532
100 3 1 532
100 3 2 532
100 3 3 1159
100 3 4 532
100 3 5 532
100 3 6 1159
100 3 7 532
100 3 8 1159
100 3 9 532
100 4 0 1235
100 4 1 746
100 4 2 1235
100 4 3 746
100 4 4 746
100 4 5 1043
100 4 6 1235
100 4 7 1235
100 4 8 1235
100 4 9 1043
100 5 0 289
100 5 1 769
100 5 2 289
100 5 3 289
100 5 4 769
100 5 5 622
100 5 6 769
100 5 7 622
100 5 8 289
100 5 9 1240
100 6 0 415
100 6 1 415
100 6 2 415
100 6 3 415
100 6 4 415
100 6 5 415
100 6 6 415
100 6 7 415
100 6 8 415
100 6 9 415
100 7 0 193
100 7 1 193
100 7 2 988
100 7 3 540
100 7 4 988
100 7 5 540
100 7 6 540
100 7 7 988
100 7 8 540
100 7 9 988
100 8 0 242
100 8 1 242
100 8 2 574
100 8 3 242
100 8 4 574
100 8 5 242
100 8 6 574
100 8 7 242
100 8 8 574
100 8 9 574
100 9 0 891
100 9 1 527
100 9 2 1113
100 9 3 527
100 9 4 778
100 9 5 527
100 9 6 778
100 9 7 527
100 9 8 527
100 9 9 726
