60 0 0 457
60 0 1 437
60 0 2 413
60 1 0 440
60 1 1 440
60 1 2 433
60 2 0 441
60 2 1 381
60 2 2 412
60 3 0 424
60 3 1 453
60 3 2 397
60 4 0 453
60 4 1 425
60 4 2 433
60 5 0 382
60 5 1 454
60 5 2 400
60 6 0 418
60 6 1 436
60 6 2 363
60 7 0 430
60 7 1 307
60 7 2 414
60 8 0 447
60 8 1 445
60 8 2 455
60 9 0 433
60 9 1 439
60 9 2 453
80 0 0 805
80 0 1 787
80 0 2 806
80 1 0 780
80 1 1 758
80 1 2 747
80 2 0 787
80 2 1 779
80 2 2 789
80 3 0 771
80 3 1 798
80 3 2 813
80 4 0 801
80 4 1 794
80 4 2 758
80 5 0 782
80 5 1 794
80 5 2 804
80 6 0 800
80 6 1 793
80 6 2 800
80 7 0 750
80 7 1 761
80 7 2 774
80 8 0 808
80 8 1 797
80 8 2 789
80 9 0 776
80 9 1 737
80 9 2 740
100 0 0 1224
100 0 1 1238
100 0 2 1189
100 1 0 1220
100 1 1 1220
100 1 2 1240
100 2 0 1209
100 2 1 1243
100 2 2 1227
100 3 0 1220
100 3 1 1233
100 3 2 1232
100 4 0 1255
100 4 1 1168
100 4 2 1191
100 5 0 1198
100 5 1 1239
100 5 2 1202
100 6 0 1218
100 6 1 1242
100 6 2 1214
100 7 0 1267
100 7 1 1230
100 7 2 1197
100 8 0 1084
100 8 1 1228
100 8 2 1252
100 9 0 1113
100 9 1 1226
100 9 2 1242
60 0 3 392
60 0 4 415
60 0 5 435
60 0 6 444
60 0 7 444
60 0 8 425
60 0 9 423
60 0 10 449
60 1 3 450
60 1 4 441
60 1 5 385
60 1 6 444
60 1 7 443
60 1 8 350
60 1 9 419
60 1 10 445
60 2 3 439
60 2 4 455
60 2 5 448
60 2 6 440
60 2 7 433
60 2 8 442
60 2 9 423
60 2 10 338
60 3 3 446
60 3 4 427
60 3 5 420
60 3 6 416
60 3 7 423
60 3 8 418
60 3 9 431
60 3 10 433
60 4 3 442
60 4 4 458
60 4 5 403
60 4 6 435
60 4 7 424
60 4 8 400
60 4 9 451
60 4 10 433
60 5 3 436
60 5 4 435
60 5 5 441
60 5 6 429
60 5 7 446
60 5 8 459
60 5 9 417
60 5 10 434
60 6 3 403
60 6 4 438
60 6 5 430
60 6 6 437
60 6 7 427
60 6 8 445
60 6 9 417
60 6 10 447
60 7 3 444
60 7 4 402
60 7 5 420
60 7 6 432
60 7 7 447
60 7 8 451
60 7 9 436
60 7 10 445
60 8 3 451
60 8 4 428
60 8 5 428
60 8 6 418
60 8 7 449
60 8 8 423
60 8 9 449
60 8 10 430
60 9 3 459
60 9 4 429
60 9 5 445
60 9 6 437
60 9 7 452
60 9 8 432
60 9 9 437
60 9 10 440
80 0 3 784
80 0 4 794
80 0 5 812
80 0 6 787
80 0 7 782
80 0 8 769
80 0 9 795
80 0 10 736
80 1 3 726
80 1 4 781
80 1 5 786
80 1 6 738
80 1 7 774
80 1 8 795
80 1 9 730
80 1 10 768
80 2 3 780
80 2 4 749
80 2 5 777
80 2 6 784
80 2 7 758
80 2 8 775
80 2 9 749
80 2 10 778
80 3 3 748
80 3 4 765
80 3 5 779
80 3 6 767
80 3 7 758
80 3 8 784
80 3 9 740
80 3 10 808
80 4 3 799
80 4 4 749
80 4 5 799
80 4 6 806
80 4 7 793
80 4 8 795
80 4 9 760
80 4 10 770
80 5 3 814
80 5 4 713
80 5 5 720
80 5 6 729
80 5 7 779
80 5 8 812
80 5 9 764
80 5 10 772
80 6 3 775
80 6 4 778
80 6 5 758
80 6 6 769
80 6 7 795
80 6 8 787
80 6 9 757
80 6 10 736
80 7 3 770
80 7 4 749
80 7 5 791
80 7 6 765
80 7 7 810
80 7 8 788
80 7 9 800
80 7 10 790
80 8 3 765
80 8 4 815
80 8 5 725
80 8 6 797
80 8 7 800
80 8 8 805
80 8 9 777
80 8 10 804
80 9 3 765
80 9 4 810
80 9 5 805
80 9 6 781
80 9 7 776
80 9 8 797
80 9 9 757
80 9 10 805
100 0 3 1206
100 0 4 1243
100 0 5 1181
100 0 6 1257
100 0 7 1218
100 0 8 1206
100 0 9 1145
100 0 10 1221
100 1 3 1172
100 1 4 1262
100 1 5 1239
100 1 6 1222
100 1 7 1171
100 1 8 1228
100 1 9 1240
100 1 10 1210
100 2 3 1093
100 2 4 1087
100 2 5 1245
100 2 6 1251
100 2 7 1254
100 2 8 1247
100 2 9 1233
100 2 10 1204
100 3 3 1257
100 3 4 1205
100 3 5 1156
100 3 6 1236
100 3 7 1228
100 3 8 1270
100 3 9 1221
100 3 10 1235
100 4 3 1236
100 4 4 1252
100 4 5 1226
100 4 6 1094
100 4 7 1267
100 4 8 1187
100 4 9 1253
100 4 10 1262
100 5 3 1179
100 5 4 1252
100 5 5 1233
100 5 6 1221
100 5 7 1229
100 5 8 1213
100 5 9 1209
100 5 10 1228
100 6 3 1227
100 6 4 1223
100 6 5 1241
100 6 6 1205
100 6 7 1256
100 6 8 1256
100 6 9 1230
100 6 10 1233
100 7 3 1198
100 7 4 1228
100 7 5 1204
100 7 6 1181
100 7 7 1167
100 7 8 1032
100 7 9 1249
100 7 10 1136
100 8 3 1250
100 8 4 1251
100 8 5 1230
100 8 6 1217
100 8 7 1243
100 8 8 1223
100 8 9 1237
100 8 10 1169
100 9 3 1227
100 9 4 1219
100 9 5 1156
100 9 6 1188
100 9 7 1221
100 9 8 1219
100 9 9 1241
100 9 10 1248
