60 0 0 332
60 0 1 425
60 0 2 332
60 1 0 409
60 1 1 299
60 1 2 355
60 2 0 440
60 2 1 254
60 2 2 367
60 3 0 438
60 3 1 404
60 3 2 406
60 4 0 434
60 4 1 414
60 4 2 338
60 5 0 438
60 5 1 440
60 5 2 199
60 6 0 438
60 6 1 308
60 6 2 366
60 7 0 438
60 7 1 442
60 7 2 398
60 8 0 426
60 8 1 233
60 8 2 416
60 9 0 351
60 9 1 206
60 9 2 374
80 0 0 619
80 0 1 670
80 0 2 316
80 1 0 694
80 1 1 780
80 1 2 696
80 2 0 602
80 2 1 525
80 2 2 665
80 3 0 771
80 3 1 703
80 3 2 782
80 4 0 756
80 4 1 751
80 4 2 764
80 5 0 596
80 5 1 737
80 5 2 801
80 6 0 706
80 6 1 789
80 6 2 785
80 7 0 754
80 7 1 574
80 7 2 808
80 8 0 763
80 8 1 711
80 8 2 673
80 9 0 790
80 9 1 705
80 9 2 431
100 0 0 1228
100 0 1 1243
100 0 2 1200
100 1 0 1223
100 1 1 1199
100 1 2 971
100 2 0 1021
100 2 1 1139
100 2 2 942
100 3 0 1124
100 3 1 1212
100 3 2 1165
100 4 0 1118
100 4 1 1140
100 4 2 1159
100 5 0 1128
100 5 1 1211
100 5 2 1202
100 6 0 1091
100 6 1 901
100 6 2 1209
100 7 0 1165
100 7 1 1025
100 7 2 1178
100 8 0 1124
100 8 1 1218
100 8 2 1195
100 9 0 1211
100 9 1 844
100 9 2 872
60 0 3 388
60 0 4 430
60 0 5 459
60 0 6 303
60 0 7 148
60 0 8 437
60 0 9 441
60 0 10 416
60 1 3 436
60 1 4 438
60 1 5 429
60 1 6 431
60 1 7 418
60 1 8 417
60 1 9 293
60 1 10 451
60 2 3 332
60 2 4 422
60 2 5 283
60 2 6 441
60 2 7 369
60 2 8 379
60 2 9 412
60 2 10 437
60 3 3 387
60 3 4 438
60 3 5 362
60 3 6 454
60 3 7 430
60 3 8 367
60 3 9 390
60 3 10 451
60 4 3 423
60 4 4 441
60 4 5 412
60 4 6 419
60 4 7 437
60 4 8 388
60 4 9 423
60 4 10 424
60 5 3 307
60 5 4 415
60 5 5 362
60 5 6 437
60 5 7 259
60 5 8 422
60 5 9 128
60 5 10 436
60 6 3 419
60 6 4 440
60 6 5 415
60 6 6 376
60 6 7 437
60 6 8 448
60 6 9 452
60 6 10 417
60 7 3 343
60 7 4 426
60 7 5 394
60 7 6 450
60 7 7 241
60 7 8 395
60 7 9 386
60 7 10 444
60 8 3 434
60 8 4 380
60 8 5 398
60 8 6 404
60 8 7 424
60 8 8 437
60 8 9 351
60 8 10 326
60 9 3 337
60 9 4 423
60 9 5 365
60 9 6 399
60 9 7 424
60 9 8 449
60 9 9 377
60 9 10 302
80 0 3 750
80 0 4 713
80 0 5 592
80 0 6 834
80 0 7 745
80 0 8 677
80 0 9 626
80 0 10 766
80 1 3 786
80 1 4 773
80 1 5 446
80 1 6 773
80 1 7 810
80 1 8 573
80 1 9 475
80 1 10 772
80 2 3 777
80 2 4 777
80 2 5 510
80 2 6 782
80 2 7 478
80 2 8 739
80 2 9 720
80 2 10 566
80 3 3 525
80 3 4 662
80 3 5 774
80 3 6 778
80 3 7 782
80 3 8 720
80 3 9 806
80 3 10 775
80 4 3 706
80 4 4 600
80 4 5 739
80 4 6 351
80 4 7 704
80 4 8 750
80 4 9 769
80 4 10 760
80 5 3 774
80 5 4 772
80 5 5 672
80 5 6 329
80 5 7 650
80 5 8 642
80 5 9 705
80 5 10 706
80 6 3 665
80 6 4 799
80 6 5 744
80 6 6 795
80 6 7 804
80 6 8 768
80 6 9 650
80 6 10 775
80 7 3 778
80 7 4 455
80 7 5 762
80 7 6 645
80 7 7 752
80 7 8 790
80 7 9 809
80 7 10 774
80 8 3 700
80 8 4 734
80 8 5 758
80 8 6 797
80 8 7 545
80 8 8 815
80 8 9 779
80 8 10 612
80 9 3 601
80 9 4 776
80 9 5 782
80 9 6 667
80 9 7 788
80 9 8 769
80 9 9 757
80 9 10 703
100 0 3 1230
100 0 4 1212
100 0 5 1154
100 0 6 1214
100 0 7 1126
100 0 8 1079
100 0 9 726
100 0 10 1218
100 1 3 906
100 1 4 614
100 1 5 1053
100 1 6 1168
100 1 7 922
100 1 8 1214
100 1 9 1133
100 1 10 1230
100 2 3 1064
100 2 4 1232
100 2 5 1114
100 2 6 1202
100 2 7 1021
100 2 8 1029
100 2 9 1087
100 2 10 595
100 3 3 1063
100 3 4 760
100 3 5 1003
100 3 6 1095
100 3 7 1240
100 3 8 1055
100 3 9 1234
100 3 10 1228
100 4 3 990
100 4 4 1214
100 4 5 812
100 4 6 1177
100 4 7 754
100 4 8 1001
100 4 9 985
100 4 10 1240
100 5 3 1226
100 5 4 1226
100 5 5 1240
100 5 6 997
100 5 7 1189
100 5 8 1233
100 5 9 1148
100 5 10 1144
100 6 3 944
100 6 4 1230
100 6 5 806
100 6 6 1026
100 6 7 849
100 6 8 1183
100 6 9 1195
100 6 10 1276
100 7 3 710
100 7 4 1247
100 7 5 1128
100 7 6 1169
100 7 7 1293
100 7 8 1193
100 7 9 688
100 7 10 938
100 8 3 1226
100 8 4 1237
100 8 5 1152
100 8 6 1137
100 8 7 962
100 8 8 1129
100 8 9 1197
100 8 10 998
100 9 3 1166
100 9 4 1213
100 9 5 1228
100 9 6 1021
100 9 7 1221
100 9 8 1203
100 9 9 1178
100 9 10 998
