60 0 0 450
60 0 1 446
60 0 2 432
60 1 0 435
60 1 1 435
60 1 2 441
60 2 0 455
60 2 1 425
60 2 2 443
60 3 0 448
60 3 1 439
60 3 2 456
60 4 0 339
60 4 1 443
60 4 2 450
60 5 0 448
60 5 1 426
60 5 2 460
60 6 0 435
60 6 1 437
60 6 2 424
60 7 0 435
60 7 1 425
60 7 2 434
60 8 0 450
60 8 1 446
60 8 2 432
60 9 0 461
60 9 1 410
60 9 2 444
80 0 0 765
80 0 1 768
80 0 2 770
80 1 0 775
80 1 1 773
80 1 2 777
80 2 0 798
80 2 1 780
80 2 2 784
80 3 0 795
80 3 1 778
80 3 2 775
80 4 0 774
80 4 1 798
80 4 2 786
80 5 0 795
80 5 1 802
80 5 2 799
80 6 0 802
80 6 1 774
80 6 2 791
80 7 0 807
80 7 1 796
80 7 2 809
80 8 0 786
80 8 1 789
80 8 2 806
80 9 0 809
80 9 1 798
80 9 2 793
100 0 0 1233
100 0 1 1241
100 0 2 1257
100 1 0 1245
100 1 1 1219
100 1 2 1257
100 2 0 1249
100 2 1 1261
100 2 2 1204
100 3 0 1255
100 3 1 1222
100 3 2 1264
100 4 0 1238
100 4 1 1236
100 4 2 1257
100 5 0 1222
100 5 1 1233
100 5 2 1250
100 6 0 1214
100 6 1 1201
100 6 2 1259
100 7 0 1227
100 7 1 1247
100 7 2 1254
100 8 0 1181
100 8 1 1222
100 8 2 1242
100 9 0 1256
100 9 1 1218
100 9 2 1255
60 0 3 458
60 0 4 454
60 0 5 455
60 0 6 424
60 0 7 454
60 0 8 450
60 0 9 427
60 0 10 433
60 1 3 449
60 1 4 455
60 1 5 417
60 1 6 453
60 1 7 425
60 1 8 433
60 1 9 438
60 1 10 426
60 2 3 440
60 2 4 442
60 2 5 443
60 2 6 448
60 2 7 441
60 2 8 412
60 2 9 390
60 2 10 451
60 3 3 447
60 3 4 444
60 3 5 434
60 3 6 441
60 3 7 433
60 3 8 435
60 3 9 454
60 3 10 402
60 4 3 432
60 4 4 444
60 4 5 426
60 4 6 428
60 4 7 438
60 4 8 443
60 4 9 449
60 4 10 442
60 5 3 435
60 5 4 444
60 5 5 435
60 5 6 432
60 5 7 432
60 5 8 446
60 5 9 447
60 5 10 436
60 6 3 456
60 6 4 423
60 6 5 445
60 6 6 425
60 6 7 448
60 6 8 440
60 6 9 448
60 6 10 387
60 7 3 423
60 7 4 410
60 7 5 441
60 7 6 424
60 7 7 300
60 7 8 430
60 7 9 452
60 7 10 419
60 8 3 459
60 8 4 438
60 8 5 457
60 8 6 450
60 8 7 441
60 8 8 436
60 8 9 422
60 8 10 457
60 9 3 440
60 9 4 444
60 9 5 412
60 9 6 450
60 9 7 433
60 9 8 427
60 9 9 458
60 9 10 428
80 0 3 778
80 0 4 768
80 0 5 814
80 0 6 714
80 0 7 785
80 0 8 769
80 0 9 784
80 0 10 767
80 1 3 742
80 1 4 770
80 1 5 824
80 1 6 783
80 1 7 783
80 1 8 806
80 1 9 811
80 1 10 699
80 2 3 775
80 2 4 794
80 2 5 770
80 2 6 799
80 2 7 745
80 2 8 785
80 2 9 797
80 2 10 764
80 3 3 779
80 3 4 772
80 3 5 795
80 3 6 799
80 3 7 807
80 3 8 779
80 3 9 729
80 3 10 725
80 4 3 826
80 4 4 796
80 4 5 788
80 4 6 786
80 4 7 780
80 4 8 791
80 4 9 811
80 4 10 762
80 5 3 714
80 5 4 771
80 5 5 780
80 5 6 753
80 5 7 787
80 5 8 807
80 5 9 769
80 5 10 802
80 6 3 819
80 6 4 783
80 6 5 805
80 6 6 725
80 6 7 771
80 6 8 797
80 6 9 769
80 6 10 825
80 7 3 736
80 7 4 818
80 7 5 809
80 7 6 818
80 7 7 754
80 7 8 725
80 7 9 802
80 7 10 772
80 8 3 799
80 8 4 788
80 8 5 738
80 8 6 828
80 8 7 782
80 8 8 788
80 8 9 802
80 8 10 781
80 9 3 779
80 9 4 780
80 9 5 789
80 9 6 722
80 9 7 806
80 9 8 798
80 9 9 774
80 9 10 615
100 0 3 1253
100 0 4 1234
100 0 5 1217
100 0 6 1214
100 0 7 1247
100 0 8 1270
100 0 9 1238
100 0 10 1194
100 1 3 1230
100 1 4 1229
100 1 5 1232
100 1 6 1229
100 1 7 1231
100 1 8 1239
100 1 9 1217
100 1 10 1263
100 2 3 1263
100 2 4 1235
100 2 5 1237
100 2 6 1245
100 2 7 1226
100 2 8 1225
100 2 9 1158
100 2 10 1159
100 3 3 1242
100 3 4 1165
100 3 5 1230
100 3 6 1209
100 3 7 1242
100 3 8 1232
100 3 9 1242
100 3 10 1256
100 4 3 1233
100 4 4 1207
100 4 5 1218
100 4 6 1257
100 4 7 1282
100 4 8 1218
100 4 9 1242
100 4 10 1241
100 5 3 1244
100 5 4 1246
100 5 5 1015
100 5 6 1234
100 5 7 1177
100 5 8 1190
100 5 9 1207
100 5 10 1223
100 6 3 1236
100 6 4 1194
100 6 5 1220
100 6 6 1241
100 6 7 1216
100 6 8 1214
100 6 9 1127
100 6 10 1220
100 7 3 1091
100 7 4 1245
100 7 5 1188
100 7 6 1195
100 7 7 1203
100 7 8 1228
100 7 9 1236
100 7 10 1229
100 8 3 1158
100 8 4 1266
100 8 5 1257
100 8 6 1189
100 8 7 1228
100 8 8 1254
100 8 9 1263
100 8 10 1233
100 9 3 1220
100 9 4 1214
100 9 5 1210
100 9 6 1233
100 9 7 1216
100 9 8 1276
100 9 9 1224
100 9 10 1215
