60 0 0 441
60 0 1 325
60 0 2 455
60 1 0 344
60 1 1 463
60 1 2 432
60 2 0 457
60 2 1 454
60 2 2 422
60 3 0 437
60 3 1 429
60 3 2 454
60 4 0 434
60 4 1 421
60 4 2 405
60 5 0 427
60 5 1 416
60 5 2 443
60 6 0 468
60 6 1 439
60 6 2 428
60 7 0 437
60 7 1 415
60 7 2 417
60 8 0 444
60 8 1 442
60 8 2 410
60 9 0 413
60 9 1 450
60 9 2 426
80 0 0 778
80 0 1 792
80 0 2 758
80 1 0 777
80 1 1 741
80 1 2 764
80 2 0 803
80 2 1 794
80 2 2 774
80 3 0 802
80 3 1 784
80 3 2 815
80 4 0 778
80 4 1 799
80 4 2 805
80 5 0 762
80 5 1 716
80 5 2 733
80 6 0 783
80 6 1 772
80 6 2 774
80 7 0 784
80 7 1 753
80 7 2 779
80 8 0 770
80 8 1 818
80 8 2 756
80 9 0 753
80 9 1 816
80 9 2 751
100 0 0 1246
100 0 1 1064
100 0 2 1233
100 1 0 1209
100 1 1 1216
100 1 2 1269
100 2 0 1222
100 2 1 1250
100 2 2 1294
100 3 0 1231
100 3 1 1220
100 3 2 1231
100 4 0 857
100 4 1 1242
100 4 2 1244
100 5 0 1246
100 5 1 1219
100 5 2 1214
100 6 0 1260
100 6 1 1244
100 6 2 1227
100 7 0 1264
100 7 1 1207
100 7 2 1174
100 8 0 1243
100 8 1 1244
100 8 2 1190
100 9 0 1197
100 9 1 1246
100 9 2 1134
60 0 3 429
60 0 4 384
60 0 5 439
60 0 6 426
60 0 7 420
60 0 8 438
60 0 9 445
60 0 10 424
60 1 3 373
60 1 4 465
60 1 5 445
60 1 6 447
60 1 7 446
60 1 8 412
60 1 9 414
60 1 10 392
60 2 3 462
60 2 4 456
60 2 5 444
60 2 6 415
60 2 7 448
60 2 8 419
60 2 9 382
60 2 10 415
60 3 3 436
60 3 4 446
60 3 5 427
60 3 6 409
60 3 7 449
60 3 8 434
60 3 9 433
60 3 10 413
60 4 3 443
60 4 4 436
60 4 5 403
60 4 6 422
60 4 7 424
60 4 8 406
60 4 9 429
60 4 10 394
60 5 3 447
60 5 4 452
60 5 5 460
60 5 6 455
60 5 7 369
60 5 8 404
60 5 9 434
60 5 10 423
60 6 3 449
60 6 4 441
60 6 5 403
60 6 6 453
60 6 7 433
60 6 8 463
60 6 9 282
60 6 10 435
60 7 3 448
60 7 4 455
60 7 5 431
60 7 6 408
60 7 7 451
60 7 8 397
60 7 9 456
60 7 10 402
60 8 3 410
60 8 4 438
60 8 5 466
60 8 6 433
60 8 7 439
60 8 8 423
60 8 9 459
60 8 10 437
60 9 3 454
60 9 4 360
60 9 5 440
60 9 6 420
60 9 7 445
60 9 8 438
60 9 9 439
60 9 10 446
80 0 3 794
80 0 4 771
80 0 5 790
80 0 6 768
80 0 7 766
80 0 8 659
80 0 9 800
80 0 10 822
80 1 3 785
80 1 4 790
80 1 5 814
80 1 6 807
80 1 7 780
80 1 8 791
80 1 9 793
80 1 10 798
80 2 3 810
80 2 4 764
80 2 5 797
80 2 6 777
80 2 7 778
80 2 8 789
80 2 9 765
80 2 10 791
80 3 3 715
80 3 4 778
80 3 5 745
80 3 6 813
80 3 7 773
80 3 8 775
80 3 9 798
80 3 10 745
80 4 3 801
80 4 4 812
80 4 5 761
80 4 6 754
80 4 7 782
80 4 8 791
80 4 9 775
80 4 10 777
80 5 3 793
80 5 4 809
80 5 5 800
80 5 6 736
80 5 7 764
80 5 8 757
80 5 9 712
80 5 10 795
80 6 3 778
80 6 4 787
80 6 5 782
80 6 6 786
80 6 7 725
80 6 8 767
80 6 9 813
80 6 10 720
80 7 3 675
80 7 4 738
80 7 5 754
80 7 6 792
80 7 7 799
80 7 8 772
80 7 9 788
80 7 10 686
80 8 3 769
80 8 4 779
80 8 5 778
80 8 6 787
80 8 7 777
80 8 8 696
80 8 9 797
80 8 10 794
80 9 3 766
80 9 4 801
80 9 5 766
80 9 6 771
80 9 7 734
80 9 8 741
80 9 9 795
80 9 10 808
100 0 3 1225
100 0 4 1117
100 0 5 1217
100 0 6 1227
100 0 7 1186
100 0 8 1220
100 0 9 1224
100 0 10 1238
100 1 3 1236
100 1 4 1194
100 1 5 1228
100 1 6 1223
100 1 7 1226
100 1 8 1201
100 1 9 1258
100 1 10 1221
100 2 3 1210
100 2 4 1250
100 2 5 1249
100 2 6 1224
100 2 7 1272
100 2 8 1117
100 2 9 1229
100 2 10 1208
100 3 3 1151
100 3 4 1101
100 3 5 1182
100 3 6 1209
100 3 7 1219
100 3 8 1238
100 3 9 1237
100 3 10 1199
100 4 3 1241
100 4 4 1239
100 4 5 1243
100 4 6 1208
100 4 7 1196
100 4 8 1221
100 4 9 1182
100 4 10 1201
100 5 3 1246
100 5 4 1148
100 5 5 1239
100 5 6 1231
100 5 7 1193
100 5 8 1206
100 5 9 1124
100 5 10 1217
100 6 3 1207
100 6 4 1201
100 6 5 1221
100 6 6 1145
100 6 7 1206
100 6 8 1181
100 6 9 1262
100 6 10 1188
100 7 3 1113
100 7 4 1192
100 7 5 1229
100 7 6 1239
100 7 7 1215
100 7 8 1227
100 7 9 1261
100 7 10 1183
100 8 3 1219
100 8 4 1193
100 8 5 1236
100 8 6 1253
100 8 7 1220
100 8 8 1209
100 8 9 1160
100 8 10 1218
100 9 3 1130
100 9 4 1190
100 9 5 1233
100 9 6 1249
100 9 7 1239
100 9 8 1155
100 9 9 1252
100 9 10 1244
