60 0 0 457
60 0 1 425
60 0 2 453
60 1 0 385
60 1 1 440
60 1 2 425
60 2 0 420
60 2 1 437
60 2 2 439
60 3 0 440
60 3 1 384
60 3 2 438
60 4 0 463
60 4 1 450
60 4 2 444
60 5 0 428
60 5 1 432
60 5 2 463
60 6 0 458
60 6 1 431
60 6 2 438
60 7 0 436
60 7 1 442
60 7 2 429
60 8 0 431
60 8 1 437
60 8 2 439
60 9 0 435
60 9 1 461
60 9 2 435
80 0 0 806
80 0 1 791
80 0 2 783
80 1 0 755
80 1 1 793
80 1 2 748
80 2 0 755
80 2 1 701
80 2 2 795
80 3 0 761
80 3 1 777
80 3 2 787
80 4 0 729
80 4 1 796
80 4 2 785
80 5 0 781
80 5 1 786
80 5 2 790
80 6 0 761
80 6 1 630
80 6 2 768
80 7 0 752
80 7 1 780
80 7 2 715
80 8 0 793
80 8 1 741
80 8 2 794
80 9 0 777
80 9 1 783
80 9 2 764
100 0 0 1225
100 0 1 1269
100 0 2 1230
100 1 0 1248
100 1 1 1246
100 1 2 1258
100 2 0 1270
100 2 1 1172
100 2 2 1216
100 3 0 1226
100 3 1 1234
100 3 2 1248
100 4 0 1180
100 4 1 1116
100 4 2 1225
100 5 0 1166
100 5 1 1239
100 5 2 1243
100 6 0 1241
100 6 1 1279
100 6 2 1241
100 7 0 1242
100 7 1 1177
100 7 2 1259
100 8 0 1208
100 8 1 1252
100 8 2 1258
100 9 0 1219
100 9 1 1208
100 9 2 1240
60 0 3 426
60 0 4 363
60 0 5 446
60 0 6 451
60 0 7 439
60 0 8 435
60 0 9 436
60 0 10 449
60 1 3 429
60 1 4 445
60 1 5 421
60 1 6 430
60 1 7 449
60 1 8 455
60 1 9 438
60 1 10 460
60 2 3 446
60 2 4 398
60 2 5 399
60 2 6 381
60 2 7 454
60 2 8 429
60 2 9 433
60 2 10 432
60 3 3 444
60 3 4 457
60 3 5 438
60 3 6 450
60 3 7 440
60 3 8 396
60 3 9 436
60 3 10 431
60 4 3 450
60 4 4 438
60 4 5 425
60 4 6 415
60 4 7 360
60 4 8 425
60 4 9 437
60 4 10 433
60 5 3 439
60 5 4 454
60 5 5 421
60 5 6 445
60 5 7 442
60 5 8 384
60 5 9 418
60 5 10 439
60 6 3 443
60 6 4 471
60 6 5 426
60 6 6 413
60 6 7 439
60 6 8 381
60 6 9 434
60 6 10 431
60 7 3 438
60 7 4 448
60 7 5 448
60 7 6 451
60 7 7 404
60 7 8 448
60 7 9 421
60 7 10 396
60 8 3 417
60 8 4 431
60 8 5 442
60 8 6 448
60 8 7 453
60 8 8 453
60 8 9 427
60 8 10 420
60 9 3 430
60 9 4 421
60 9 5 425
60 9 6 440
60 9 7 448
60 9 8 428
60 9 9 455
60 9 10 439
80 0 3 810
80 0 4 790
80 0 5 782
80 0 6 806
80 0 7 801
80 0 8 735
80 0 9 806
80 0 10 764
80 1 3 755
80 1 4 790
80 1 5 678
80 1 6 755
80 1 7 776
80 1 8 770
80 1 9 781
80 1 10 786
80 2 3 788
80 2 4 767
80 2 5 792
80 2 6 796
80 2 7 796
80 2 8 802
80 2 9 784
80 2 10 789
80 3 3 762
80 3 4 712
80 3 5 779
80 3 6 773
80 3 7 748
80 3 8 701
80 3 9 760
80 3 10 775
80 4 3 790
80 4 4 778
80 4 5 712
80 4 6 773
80 4 7 769
80 4 8 733
80 4 9 803
80 4 10 739
80 5 3 775
80 5 4 788
80 5 5 781
80 5 6 797
80 5 7 811
80 5 8 784
80 5 9 763
80 5 10 790
80 6 3 787
80 6 4 792
80 6 5 776
80 6 6 758
80 6 7 762
80 6 8 705
80 6 9 790
80 6 10 805
80 7 3 813
80 7 4 749
80 7 5 801
80 7 6 783
80 7 7 805
80 7 8 757
80 7 9 795
80 7 10 739
80 8 3 777
80 8 4 748
80 8 5 727
80 8 6 781
80 8 7 599
80 8 8 780
80 8 9 809
80 8 10 786
80 9 3 785
80 9 4 677
80 9 5 748
80 9 6 807
80 9 7 805
80 9 8 785
80 9 9 812
80 9 10 810
100 0 3 1244
100 0 4 1253
100 0 5 1246
100 0 6 1215
100 0 7 1213
100 0 8 1154
100 0 9 1252
100 0 10 1236
100 1 3 1210
100 1 4 1186
100 1 5 1207
100 1 6 1230
100 1 7 1216
100 1 8 1175
100 1 9 1215
100 1 10 1231
100 2 3 1086
100 2 4 1260
100 2 5 1263
100 2 6 1257
100 2 7 1196
100 2 8 1250
100 2 9 1253
100 2 10 1233
100 3 3 1260
100 3 4 1242
100 3 5 1243
100 3 6 1205
100 3 7 1198
100 3 8 1235
100 3 9 1157
100 3 10 1230
100 4 3 1209
100 4 4 1234
100 4 5 1235
100 4 6 1268
100 4 7 1240
100 4 8 1201
100 4 9 1206
100 4 10 1239
100 5 3 1242
100 5 4 1258
100 5 5 1208
100 5 6 1205
100 5 7 1225
100 5 8 1148
100 5 9 1244
100 5 10 1214
100 6 3 1250
100 6 4 1256
100 6 5 1256
100 6 6 1182
100 6 7 1249
100 6 8 1267
100 6 9 1216
100 6 10 1249
100 7 3 1249
100 7 4 1218
100 7 5 1234
100 7 6 1250
100 7 7 1162
100 7 8 1201
100 7 9 1213
100 7 10 1207
100 8 3 1123
100 8 4 1213
100 8 5 1235
100 8 6 1201
100 8 7 1213
100 8 8 1232
100 8 9 1212
100 8 10 1259
100 9 3 1240
100 9 4 1207
100 9 5 1195
100 9 6 1171
100 9 7 1230
100 9 8 1253
100 9 9 1221
100 9 10 1120
