60 0 0 406
60 0 1 414
60 0 2 448
60 1 0 453
60 1 1 446
60 1 2 416
60 2 0 461
60 2 1 428
60 2 2 429
60 3 0 432
60 3 1 428
60 3 2 427
60 4 0 438
60 4 1 459
60 4 2 435
60 5 0 445
60 5 1 448
60 5 2 423
60 6 0 450
60 6 1 439
60 6 2 435
60 7 0 407
60 7 1 440
60 7 2 413
60 8 0 432
60 8 1 432
60 8 2 411
60 9 0 437
60 9 1 450
60 9 2 410
80 0 0 730
80 0 1 792
80 0 2 812
80 1 0 806
80 1 1 788
80 1 2 753
80 2 0 784
80 2 1 812
80 2 2 812
80 3 0 781
80 3 1 707
80 3 2 807
80 4 0 789
80 4 1 759
80 4 2 797
80 5 0 800
80 5 1 807
80 5 2 796
80 6 0 805
80 6 1 802
80 6 2 793
80 7 0 612
80 7 1 758
80 7 2 775
80 8 0 817
80 8 1 794
80 8 2 792
80 9 0 805
80 9 1 776
80 9 2 796
100 0 0 1249
100 0 1 1240
100 0 2 1277
100 1 0 1100
100 1 1 1221
100 1 2 1245
100 2 0 1266
100 2 1 1238
100 2 2 1219
100 3 0 1247
100 3 1 1236
100 3 2 1205
100 4 0 1225
100 4 1 1189
100 4 2 1227
100 5 0 1261
100 5 1 1182
100 5 2 1224
100 6 0 1248
100 6 1 1234
100 6 2 1234
100 7 0 1217
100 7 1 1229
100 7 2 1238
100 8 0 1259
100 8 1 1199
100 8 2 1254
100 9 0 1218
100 9 1 1227
100 9 2 1242
60 0 3 410
60 0 4 453
60 0 5 451
60 0 6 448
60 0 7 449
60 0 8 442
60 0 9 427
60 0 10 419
60 1 3 449
60 1 4 462
60 1 5 450
60 1 6 437
60 1 7 437
60 1 8 432
60 1 9 461
60 1 10 439
60 2 3 454
60 2 4 413
60 2 5 436
60 2 6 448
60 2 7 441
60 2 8 429
60 2 9 440
60 2 10 464
60 3 3 434
60 3 4 430
60 3 5 447
60 3 6 433
60 3 7 456
60 3 8 419
60 3 9 386
60 3 10 365
60 4 3 446
60 4 4 419
60 4 5 432
60 4 6 429
60 4 7 450
60 4 8 435
60 4 9 458
60 4 10 462
60 5 3 446
60 5 4 442
60 5 5 431
60 5 6 428
60 5 7 432
60 5 8 462
60 5 9 442
60 5 10 441
60 6 3 449
60 6 4 450
60 6 5 444
60 6 6 447
60 6 7 400
60 6 8 444
60 6 9 380
60 6 10 442
60 7 3 453
60 7 4 448
60 7 5 454
60 7 6 448
60 7 7 434
60 7 8 441
60 7 9 406
60 7 10 433
60 8 3 448
60 8 4 440
60 8 5 422
60 8 6 452
60 8 7 431
60 8 8 417
60 8 9 427
60 8 10 444
60 9 3 430
60 9 4 440
60 9 5 434
60 9 6 446
60 9 7 449
60 9 8 449
60 9 9 441
60 9 10 400
80 0 3 793
80 0 4 796
80 0 5 800
80 0 6 823
80 0 7 791
80 0 8 817
80 0 9 796
80 0 10 765
80 1 3 765
80 1 4 789
80 1 5 741
80 1 6 803
80 1 7 826
80 1 8 798
80 1 9 789
80 1 10 820
80 2 3 794
80 2 4 797
80 2 5 775
80 2 6 789
80 2 7 741
80 2 8 798
80 2 9 783
80 2 10 794
80 3 3 770
80 3 4 786
80 3 5 796
80 3 6 773
80 3 7 810
80 3 8 713
80 3 9 786
80 3 10 804
80 4 3 774
80 4 4 797
80 4 5 759
80 4 6 744
80 4 7 759
80 4 8 771
80 4 9 786
80 4 10 784
80 5 3 796
80 5 4 769
80 5 5 828
80 5 6 781
80 5 7 795
80 5 8 811
80 5 9 782
80 5 10 809
80 6 3 769
80 6 4 790
80 6 5 804
80 6 6 801
80 6 7 816
80 6 8 765
80 6 9 798
80 6 10 766
80 7 3 781
80 7 4 799
80 7 5 775
80 7 6 771
80 7 7 712
80 7 8 771
80 7 9 776
80 7 10 783
80 8 3 807
80 8 4 786
80 8 5 791
80 8 6 794
80 8 7 761
80 8 8 789
80 8 9 787
80 8 10 783
80 9 3 819
80 9 4 791
80 9 5 767
80 9 6 814
80 9 7 775
80 9 8 767
80 9 9 787
80 9 10 788
100 0 3 1236
100 0 4 1254
100 0 5 1238
100 0 6 1221
100 0 7 1248
100 0 8 1194
100 0 9 1171
100 0 10 1267
100 1 3 1246
100 1 4 1119
100 1 5 1245
100 1 6 1175
100 1 7 1244
100 1 8 1231
100 1 9 1234
100 1 10 1220
100 2 3 1101
100 2 4 1206
100 2 5 1245
100 2 6 1234
100 2 7 1249
100 2 8 1253
100 2 9 1138
100 2 10 1267
100 3 3 1238
100 3 4 1212
100 3 5 1195
100 3 6 1262
100 3 7 1236
100 3 8 1249
100 3 9 1222
100 3 10 1230
100 4 3 1227
100 4 4 1211
100 4 5 1246
100 4 6 1165
100 4 7 1235
100 4 8 1253
100 4 9 1263
100 4 10 1244
100 5 3 1239
100 5 4 1251
100 5 5 1206
100 5 6 1179
100 5 7 1255
100 5 8 1250
100 5 9 1265
100 5 10 1240
100 6 3 1244
100 6 4 1239
100 6 5 1212
100 6 6 1207
100 6 7 1208
100 6 8 1229
100 6 9 1230
100 6 10 1223
100 7 3 1263
100 7 4 1212
100 7 5 1253
100 7 6 1199
100 7 7 1206
100 7 8 1257
100 7 9 1234
100 7 10 1230
100 8 3 1235
100 8 4 1243
100 8 5 1239
100 8 6 1226
100 8 7 1233
100 8 8 1254
100 8 9 1261
100 8 10 1205
100 9 3 1202
100 9 4 1250
100 9 5 1215
100 9 6 1243
100 9 7 1266
100 9 8 1238
100 9 9 1248
100 9 10 1232
