60 0 0 446
60 0 1 436
60 0 2 453
60 1 0 422
60 1 1 411
60 1 2 370
60 2 0 434
60 2 1 430
60 2 2 461
60 3 0 456
60 3 1 423
60 3 2 451
60 4 0 456
60 4 1 417
60 4 2 432
60 5 0 431
60 5 1 434
60 5 2 420
60 6 0 450
60 6 1 444
60 6 2 390
60 7 0 463
60 7 1 427
60 7 2 444
60 8 0 460
60 8 1 383
60 8 2 452
60 9 0 455
60 9 1 436
60 9 2 452
80 0 0 776
80 0 1 809
80 0 2 787
80 1 0 807
80 1 1 740
80 1 2 774
80 2 0 789
80 2 1 789
80 2 2 778
80 3 0 807
80 3 1 797
80 3 2 780
80 4 0 753
80 4 1 792
80 4 2 796
80 5 0 786
80 5 1 769
80 5 2 793
80 6 0 760
80 6 1 753
80 6 2 770
80 7 0 738
80 7 1 784
80 7 2 796
80 8 0 776
80 8 1 723
80 8 2 763
80 9 0 776
80 9 1 787
80 9 2 783
100 0 0 1220
100 0 1 1229
100 0 2 1236
100 1 0 1208
100 1 1 1207
100 1 2 1223
100 2 0 1228
100 2 1 1262
100 2 2 1186
100 3 0 1248
100 3 1 1273
100 3 2 1208
100 4 0 1223
100 4 1 1241
100 4 2 1239
100 5 0 1228
100 5 1 1207
100 5 2 1242
100 6 0 1208
100 6 1 1243
100 6 2 1156
100 7 0 1240
100 7 1 1233
100 7 2 1247
100 8 0 1261
100 8 1 1226
100 8 2 1228
100 9 0 1204
100 9 1 1192
100 9 2 1183
60 0 3 448
60 0 4 410
60 0 5 445
60 0 6 436
60 0 7 441
60 0 8 404
60 0 9 456
60 0 10 456
60 1 3 432
60 1 4 464
60 1 5 370
60 1 6 400
60 1 7 445
60 1 8 422
60 1 9 475
60 1 10 457
60 2 3 430
60 2 4 454
60 2 5 444
60 2 6 451
60 2 7 427
60 2 8 417
60 2 9 438
60 2 10 441
60 3 3 409
60 3 4 432
60 3 5 423
60 3 6 436
60 3 7 413
60 3 8 451
60 3 9 432
60 3 10 443
60 4 3 449
60 4 4 403
60 4 5 459
60 4 6 431
60 4 7 448
60 4 8 406
60 4 9 448
60 4 10 400
60 5 3 427
60 5 4 430
60 5 5 450
60 5 6 440
60 5 7 460
60 5 8 440
60 5 9 429
60 5 10 430
60 6 3 432
60 6 4 377
60 6 5 460
60 6 6 431
60 6 7 403
60 6 8 443
60 6 9 446
60 6 10 422
60 7 3 448
60 7 4 459
60 7 5 434
60 7 6 433
60 7 7 439
60 7 8 446
60 7 9 419
60 7 10 427
60 8 3 451
60 8 4 383
60 8 5 428
60 8 6 454
60 8 7 415
60 8 8 455
60 8 9 425
60 8 10 420
60 9 3 411
60 9 4 387
60 9 5 431
60 9 6 412
60 9 7 457
60 9 8 428
60 9 9 416
60 9 10 390
80 0 3 759
80 0 4 700
80 0 5 736
80 0 6 793
80 0 7 743
80 0 8 770
80 0 9 806
80 0 10 787
80 1 3 798
80 1 4 789
80 1 5 755
80 1 6 796
80 1 7 779
80 1 8 798
80 1 9 819
80 1 10 719
80 2 3 792
80 2 4 772
80 2 5 782
80 2 6 779
80 2 7 782
80 2 8 778
80 2 9 776
80 2 10 775
80 3 3 792
80 3 4 774
80 3 5 818
80 3 6 749
80 3 7 752
80 3 8 810
80 3 9 776
80 3 10 776
80 4 3 786
80 4 4 765
80 4 5 789
80 4 6 744
80 4 7 769
80 4 8 746
80 4 9 795
80 4 10 739
80 5 3 795
80 5 4 796
80 5 5 772
80 5 6 788
80 5 7 732
80 5 8 783
80 5 9 797
80 5 10 805
80 6 3 785
80 6 4 825
80 6 5 771
80 6 6 775
80 6 7 801
80 6 8 823
80 6 9 800
80 6 10 791
80 7 3 802
80 7 4 757
80 7 5 776
80 7 6 763
80 7 7 793
80 7 8 707
80 7 9 762
80 7 10 758
80 8 3 729
80 8 4 777
80 8 5 813
80 8 6 633
80 8 7 779
80 8 8 751
80 8 9 772
80 8 10 826
80 9 3 786
80 9 4 789
80 9 5 788
80 9 6 787
80 9 7 792
80 9 8 754
80 9 9 795
80 9 10 787
100 0 3 1236
100 0 4 1257
100 0 5 1270
100 0 6 1235
100 0 7 1249
100 0 8 1262
100 0 9 1242
100 0 10 1154
100 1 3 1157
100 1 4 1270
100 1 5 1244
100 1 6 1246
100 1 7 1260
100 1 8 1254
100 1 9 1285
100 1 10 1230
100 2 3 1265
100 2 4 1158
100 2 5 1230
100 2 6 1254
100 2 7 1261
100 2 8 1243
100 2 9 1208
100 2 10 1215
100 3 3 1234
100 3 4 1235
100 3 5 1257
100 3 6 1131
100 3 7 1166
100 3 8 1254
100 3 9 1242
100 3 10 1221
100 4 3 1227
100 4 4 1223
100 4 5 1278
100 4 6 1123
100 4 7 1246
100 4 8 1252
100 4 9 1148
100 4 10 1207
100 5 3 1262
100 5 4 1264
100 5 5 1251
100 5 6 1214
100 5 7 1233
100 5 8 1242
100 5 9 1178
100 5 10 1219
100 6 3 1172
100 6 4 1198
100 6 5 1227
100 6 6 1217
100 6 7 1244
100 6 8 1273
100 6 9 1199
100 6 10 1174
100 7 3 1227
100 7 4 1232
100 7 5 1219
100 7 6 1240
100 7 7 1225
100 7 8 1219
100 7 9 1255
100 7 10 1241
100 8 3 1253
100 8 4 1170
100 8 5 1237
100 8 6 1243
100 8 7 1203
100 8 8 1201
100 8 9 1260
100 8 10 1208
100 9 3 1232
100 9 4 1257
100 9 5 1249
100 9 6 1242
100 9 7 1190
100 9 8 1201
100 9 9 1192
100 9 10 1228
