60 0 0 394
60 0 1 444
60 0 2 427
60 1 0 452
60 1 1 366
60 1 2 413
60 2 0 403
60 2 1 420
60 2 2 460
60 3 0 452
60 3 1 391
60 3 2 451
60 4 0 401
60 4 1 453
60 4 2 420
60 5 0 373
60 5 1 439
60 5 2 420
60 6 0 392
60 6 1 398
60 6 2 444
60 7 0 434
60 7 1 465
60 7 2 416
60 8 0 436
60 8 1 452
60 8 2 413
60 9 0 441
60 9 1 435
60 9 2 449
80 0 0 782
80 0 1 794
80 0 2 786
80 1 0 765
80 1 1 796
80 1 2 755
80 2 0 756
80 2 1 790
80 2 2 782
80 3 0 801
80 3 1 727
80 3 2 836
80 4 0 803
80 4 1 757
80 4 2 803
80 5 0 804
80 5 1 730
80 5 2 757
80 6 0 790
80 6 1 778
80 6 2 773
80 7 0 780
80 7 1 742
80 7 2 791
80 8 0 743
80 8 1 793
80 8 2 695
80 9 0 789
80 9 1 778
80 9 2 790
100 0 0 1216
100 0 1 1228
100 0 2 1256
100 1 0 1213
100 1 1 1211
100 1 2 1222
100 2 0 1282
100 2 1 1225
100 2 2 1236
100 3 0 1237
100 3 1 1233
100 3 2 1230
100 4 0 1238
100 4 1 1233
100 4 2 1254
100 5 0 1232
100 5 1 1222
100 5 2 1256
100 6 0 1245
100 6 1 1218
100 6 2 1176
100 7 0 1128
100 7 1 1279
100 7 2 1237
100 8 0 1203
100 8 1 1253
100 8 2 1223
100 9 0 1220
100 9 1 1238
100 9 2 1249
60 0 3 444
60 0 4 445
60 0 5 450
60 0 6 440
60 0 7 452
60 0 8 390
60 0 9 438
60 0 10 421
60 1 3 451
60 1 4 438
60 1 5 426
60 1 6 409
60 1 7 437
60 1 8 459
60 1 9 428
60 1 10 462
60 2 3 440
60 2 4 443
60 2 5 474
60 2 6 460
60 2 7 412
60 2 8 456
60 2 9 436
60 2 10 442
60 3 3 433
60 3 4 443
60 3 5 402
60 3 6 430
60 3 7 439
60 3 8 456
60 3 9 458
60 3 10 432
60 4 3 298
60 4 4 400
60 4 5 433
60 4 6 431
60 4 7 437
60 4 8 435
60 4 9 410
60 4 10 426
60 5 3 441
60 5 4 426
60 5 5 439
60 5 6 439
60 5 7 444
60 5 8 395
60 5 9 435
60 5 10 449
60 6 3 400
60 6 4 431
60 6 5 440
60 6 6 449
60 6 7 453
60 6 8 458
60 6 9 437
60 6 10 454
60 7 3 431
60 7 4 445
60 7 5 434
60 7 6 460
60 7 7 426
60 7 8 390
60 7 9 445
60 7 10 411
60 8 3 445
60 8 4 445
60 8 5 438
60 8 6 463
60 8 7 402
60 8 8 456
60 8 9 427
60 8 10 430
60 9 3 441
60 9 4 400
60 9 5 421
60 9 6 435
60 9 7 447
60 9 8 457
60 9 9 437
60 9 10 442
80 0 3 792
80 0 4 799
80 0 5 789
80 0 6 779
80 0 7 796
80 0 8 807
80 0 9 722
80 0 10 811
80 1 3 791
80 1 4 801
80 1 5 773
80 1 6 709
80 1 7 808
80 1 8 768
80 1 9 754
80 1 10 812
80 2 3 805
80 2 4 802
80 2 5 786
80 2 6 793
80 2 7 786
80 2 8 682
80 2 9 773
80 2 10 784
80 3 3 744
80 3 4 801
80 3 5 815
80 3 6 720
80 3 7 788
80 3 8 818
80 3 9 757
80 3 10 780
80 4 3 787
80 4 4 809
80 4 5 783
80 4 6 737
80 4 7 802
80 4 8 743
80 4 9 636
80 4 10 780
80 5 3 824
80 5 4 803
80 5 5 775
80 5 6 775
80 5 7 711
80 5 8 788
80 5 9 800
80 5 10 826
80 6 3 811
80 6 4 787
80 6 5 760
80 6 6 796
80 6 7 760
80 6 8 766
80 6 9 755
80 6 10 762
80 7 3 807
80 7 4 803
80 7 5 791
80 7 6 808
80 7 7 812
80 7 8 743
80 7 9 785
80 7 10 806
80 8 3 713
80 8 4 765
80 8 5 765
80 8 6 777
80 8 7 790
80 8 8 781
80 8 9 758
80 8 10 808
80 9 3 787
80 9 4 783
80 9 5 801
80 9 6 734
80 9 7 773
80 9 8 757
80 9 9 779
80 9 10 817
100 0 3 1192
100 0 4 1201
100 0 5 1248
100 0 6 1201
100 0 7 1229
100 0 8 1236
100 0 9 1243
100 0 10 1274
100 1 3 1183
100 1 4 1223
100 1 5 1275
100 1 6 1240
100 1 7 1218
100 1 8 1185
100 1 9 1222
100 1 10 1162
100 2 3 1243
100 2 4 1239
100 2 5 1267
100 2 6 1243
100 2 7 1215
100 2 8 1238
100 2 9 1219
100 2 10 1198
100 3 3 1136
100 3 4 1241
100 3 5 1224
100 3 6 1193
100 3 7 1207
100 3 8 1254
100 3 9 1227
100 3 10 1250
100 4 3 1194
100 4 4 1191
100 4 5 1236
100 4 6 1207
100 4 7 1219
100 4 8 1239
100 4 9 1200
100 4 10 1196
100 5 3 1185
100 5 4 1250
100 5 5 1252
100 5 6 1201
100 5 7 1250
100 5 8 1222
100 5 9 1163
100 5 10 1189
100 6 3 1209
100 6 4 1178
100 6 5 1228
100 6 6 1119
100 6 7 1201
100 6 8 1219
100 6 9 1250
100 6 10 1153
100 7 3 1241
100 7 4 1198
100 7 5 1247
100 7 6 1274
100 7 7 1223
100 7 8 1238
100 7 9 1176
100 7 10 1255
100 8 3 1220
100 8 4 1224
100 8 5 1262
100 8 6 1252
100 8 7 1213
100 8 8 1209
100 8 9 1149
100 8 10 1219
100 9 3 1207
100 9 4 1218
100 9 5 1243
100 9 6 1208
100 9 7 1199
100 9 8 1247
100 9 9 1225
100 9 10 1158
