60 0 0 146
60 0 1 90
60 0 2 65
60 0 3 29
60 0 4 94
60 0 5 60
60 0 6 94
60 0 7 94
60 0 8 451
60 0 9 94
60 1 0 91
60 1 1 94
60 1 2 32
60 1 3 371
60 1 4 89
60 1 5 119
60 1 6 89
60 1 7 184
60 1 8 119
60 1 9 121
60 2 0 118
60 2 1 88
60 2 2 88
60 2 3 88
60 2 4 88
60 2 5 47
60 2 6 88
60 2 7 47
60 2 8 30
60 2 9 30
60 3 0 138
60 3 1 134
60 3 2 320
60 3 3 82
60 3 4 106
60 3 5 80
60 3 6 389
60 3 7 88
60 3 8 58
60 3 9 138
60 4 0 114
60 4 1 88
60 4 2 88
60 4 3 365
60 4 4 114
60 4 5 400
60 4 6 34
60 4 7 34
60 4 8 88
60 4 9 88
60 5 0 208
60 5 1 425
60 5 2 410
60 5 3 437
60 5 4 163
60 5 5 58
60 5 6 63
60 5 7 58
60 5 8 86
60 5 9 63
60 6 0 62
60 6 1 221
60 6 2 62
60 6 3 242
60 6 4 27
60 6 5 27
60 6 6 62
60 6 7 62
60 6 8 27
60 6 9 27
60 7 0 398
60 7 1 88
60 7 2 324
60 7 3 35
60 7 4 35
60 7 5 88
60 7 6 88
60 7 7 35
60 7 8 35
60 7 9 88
60 8 0 67
60 8 1 217
60 8 2 59
60 8 3 56
60 8 4 59
60 8 5 59
60 8 6 56
60 8 7 59
60 8 8 408
60 8 9 67
60 9 0 85
60 9 1 62
60 9 2 59
60 9 3 91
60 9 4 142
60 9 5 62
60 9 6 34
60 9 7 66
60 9 8 59
60 9 9 224
80 0 0 79
80 0 1 79
80 0 2 79
80 0 3 79
80 0 4 38
80 0 5 180
80 0 6 691
80 0 7 38
80 0 8 79
80 0 9 180
80 1 0 104
80 1 1 104
80 1 2 138
80 1 3 36
80 1 4 217
80 1 5 621
80 1 6 218
80 1 7 104
80 1 8 183
80 1 9 138
80 2 0 193
80 2 1 81
80 2 2 123
80 2 3 120
80 2 4 165
80 2 5 120
80 2 6 130
80 2 7 732
80 2 8 81
80 2 9 148
80 3 0 83
80 3 1 122
80 3 2 124
80 3 3 157
80 3 4 157
80 3 5 121
80 3 6 78
80 3 7 116
80 3 8 181
80 3 9 474
80 4 0 79
80 4 1 150
80 4 2 195
80 4 3 81
80 4 4 129
80 4 5 250
80 4 6 190
80 4 7 110
80 4 8 152
80 4 9 124
80 5 0 217
80 5 1 548
80 5 2 109
80 5 3 611
80 5 4 176
80 5 5 119
80 5 6 140
80 5 7 104
80 5 8 81
80 5 9 147
80 6 0 385
80 6 1 195
80 6 2 85
80 6 3 160
80 6 4 126
80 6 5 85
80 6 6 654
80 6 7 81
80 6 8 126
80 6 9 568
80 7 0 155
80 7 1 156
80 7 2 39
80 7 3 76
80 7 4 218
80 7 5 395
80 7 6 76
80 7 7 155
80 7 8 216
80 7 9 120
80 8 0 80
80 8 1 173
80 8 2 80
80 8 3 80
80 8 4 526
80 8 5 40
80 8 6 80
80 8 7 737
80 8 8 80
80 8 9 80
80 9 0 64
80 9 1 98
80 9 2 773
80 9 3 315
80 9 4 106
80 9 5 392
80 9 6 102
80 9 7 140
80 9 8 64
80 9 9 102
100 0 0 89
100 0 1 319
100 0 2 449
100 0 3 89
100 0 4 232
100 0 5 44
100 0 6 637
100 0 7 558
100 0 8 137
100 0 9 232
100 1 0 196
100 1 1 808
100 1 2 185
100 1 3 237
100 1 4 144
100 1 5 187
100 1 6 280
100 1 7 356
100 1 8 184
100 1 9 196
100 2 0 152
100 2 1 152
100 2 2 314
100 2 3 198
100 2 4 55
100 2 5 198
100 2 6 152
100 2 7 198
100 2 8 152
100 2 9 152
100 3 0 141
100 3 1 187
100 3 2 193
100 3 3 136
100 3 4 141
100 3 5 141
100 3 6 186
100 3 7 141
100 3 8 236
100 3 9 193
100 4 0 323
100 4 1 239
100 4 2 143
100 4 3 239
100 4 4 196
100 4 5 236
100 4 6 241
100 4 7 241
100 4 8 241
100 4 9 275
100 5 0 113
100 5 1 116
100 5 2 113
100 5 3 113
100 5 4 165
100 5 5 169
100 5 6 165
100 5 7 169
100 5 8 246
100 5 9 221
100 6 0 54
100 6 1 100
100 6 2 100
100 6 3 100
100 6 4 100
100 6 5 100
100 6 6 100
100 6 7 181
100 6 8 100
100 6 9 100
100 7 0 98
100 7 1 98
100 7 2 204
100 7 3 154
100 7 4 204
100 7 5 154
100 7 6 200
100 7 7 204
100 7 8 154
100 7 9 250
100 8 0 98
100 8 1 157
100 8 2 211
100 8 3 98
100 8 4 152
100 8 5 98
100 8 6 152
100 8 7 157
100 8 8 152
100 8 9 699
100 9 0 190
100 9 1 202
100 9 2 190
100 9 3 248
100 9 4 1169
100 9 5 241
100 9 6 185
100 9 7 248
100 9 8 248
100 9 9 190
