60 0 0 440
60 0 1 434
60 0 2 449
60 1 0 448
60 1 1 449
60 1 2 436
60 2 0 418
60 2 1 379
60 2 2 431
60 3 0 433
60 3 1 437
60 3 2 465
60 4 0 428
60 4 1 422
60 4 2 391
60 5 0 442
60 5 1 438
60 5 2 434
60 6 0 456
60 6 1 436
60 6 2 424
60 7 0 437
60 7 1 422
60 7 2 444
60 8 0 444
60 8 1 446
60 8 2 453
60 9 0 459
60 9 1 418
60 9 2 420
80 0 0 813
80 0 1 759
80 0 2 753
80 1 0 795
80 1 1 814
80 1 2 766
80 2 0 787
80 2 1 799
80 2 2 786
80 3 0 799
80 3 1 806
80 3 2 779
80 4 0 753
80 4 1 785
80 4 2 790
80 5 0 773
80 5 1 653
80 5 2 793
80 6 0 798
80 6 1 765
80 6 2 798
80 7 0 789
80 7 1 812
80 7 2 787
80 8 0 750
80 8 1 787
80 8 2 750
80 9 0 769
80 9 1 768
80 9 2 805
100 0 0 1175
100 0 1 1236
100 0 2 1245
100 1 0 1224
100 1 1 1266
100 1 2 1264
100 2 0 1227
100 2 1 1236
100 2 2 1247
100 3 0 1208
100 3 1 1236
100 3 2 1217
100 4 0 1214
100 4 1 1160
100 4 2 1255
100 5 0 1223
100 5 1 1242
100 5 2 1237
100 6 0 1229
100 6 1 1225
100 6 2 1232
100 7 0 1254
100 7 1 1256
100 7 2 1222
100 8 0 1235
100 8 1 1262
100 8 2 1244
100 9 0 1243
100 9 1 1253
100 9 2 1204
60 0 3 429
60 0 4 429
60 0 5 430
60 0 6 356
60 0 7 438
60 0 8 439
60 0 9 418
60 0 10 393
60 1 3 431
60 1 4 401
60 1 5 446
60 1 6 435
60 1 7 430
60 1 8 432
60 1 9 426
60 1 10 440
60 2 3 465
60 2 4 443
60 2 5 362
60 2 6 443
60 2 7 439
60 2 8 458
60 2 9 414
60 2 10 414
60 3 3 374
60 3 4 447
60 3 5 373
60 3 6 408
60 3 7 435
60 3 8 416
60 3 9 397
60 3 10 452
60 4 3 438
60 4 4 460
60 4 5 321
60 4 6 449
60 4 7 439
60 4 8 423
60 4 9 444
60 4 10 417
60 5 3 443
60 5 4 393
60 5 5 423
60 5 6 433
60 5 7 400
60 5 8 420
60 5 9 418
60 5 10 449
60 6 3 414
60 6 4 440
60 6 5 450
60 6 6 430
60 6 7 412
60 6 8 439
60 6 9 447
60 6 10 447
60 7 3 409
60 7 4 461
60 7 5 437
60 7 6 475
60 7 7 438
60 7 8 449
60 7 9 448
60 7 10 418
60 8 3 454
60 8 4 447
60 8 5 447
60 8 6 444
60 8 7 460
60 8 8 436
60 8 9 402
60 8 10 397
60 9 3 436
60 9 4 439
60 9 5 438
60 9 6 442
60 9 7 447
60 9 8 427
60 9 9 442
60 9 10 449
80 0 3 805
80 0 4 800
80 0 5 771
80 0 6 793
80 0 7 794
80 0 8 755
80 0 9 830
80 0 10 794
80 1 3 731
80 1 4 757
80 1 5 599
80 1 6 781
80 1 7 752
80 1 8 793
80 1 9 792
80 1 10 804
80 2 3 796
80 2 4 769
80 2 5 695
80 2 6 799
80 2 7 754
80 2 8 778
80 2 9 784
80 2 10 785
80 3 3 783
80 3 4 773
80 3 5 786
80 3 6 781
80 3 7 775
80 3 8 807
80 3 9 791
80 3 10 801
80 4 3 760
80 4 4 752
80 4 5 802
80 4 6 768
80 4 7 779
80 4 8 807
80 4 9 780
80 4 10 800
80 5 3 776
80 5 4 807
80 5 5 780
80 5 6 811
80 5 7 755
80 5 8 790
80 5 9 807
80 5 10 810
80 6 3 781
80 6 4 795
80 6 5 790
80 6 6 802
80 6 7 704
80 6 8 771
80 6 9 685
80 6 10 783
80 7 3 796
80 7 4 807
80 7 5 774
80 7 6 725
80 7 7 784
80 7 8 822
80 7 9 796
80 7 10 748
80 8 3 792
80 8 4 727
80 8 5 791
80 8 6 773
80 8 7 791
80 8 8 808
80 8 9 824
80 8 10 782
80 9 3 795
80 9 4 807
80 9 5 822
80 9 6 775
80 9 7 811
80 9 8 771
80 9 9 787
80 9 10 740
100 0 3 1207
100 0 4 1215
100 0 5 1236
100 0 6 1274
100 0 7 1135
100 0 8 1246
100 0 9 1231
100 0 10 1273
100 1 3 1205
100 1 4 1211
100 1 5 1227
100 1 6 1224
100 1 7 1233
100 1 8 1200
100 1 9 1251
100 1 10 1258
100 2 3 1222
100 2 4 1232
100 2 5 1147
100 2 6 1219
100 2 7 1270
100 2 8 1235
100 2 9 1230
100 2 10 1239
100 3 3 1247
100 3 4 1246
100 3 5 1224
100 3 6 1205
100 3 7 1232
100 3 8 1220
100 3 9 1254
100 3 10 1178
100 4 3 1206
100 4 4 1249
100 4 5 1256
100 4 6 1194
100 4 7 1260
100 4 8 1214
100 4 9 1055
100 4 10 1168
100 5 3 1246
100 5 4 1235
100 5 5 1206
100 5 6 1251
100 5 7 1216
100 5 8 1224
100 5 9 1252
100 5 10 1199
100 6 3 1203
100 6 4 1239
100 6 5 1276
100 6 6 1218
100 6 7 1236
100 6 8 1265
100 6 9 1228
100 6 10 1239
100 7 3 1252
100 7 4 1204
100 7 5 1172
100 7 6 1254
100 7 7 1118
100 7 8 1273
100 7 9 1216
100 7 10 1223
100 8 3 1240
100 8 4 1167
100 8 5 1244
100 8 6 1196
100 8 7 1263
100 8 8 1247
100 8 9 1236
100 8 10 1232
100 9 3 1220
100 9 4 1218
100 9 5 1219
100 9 6 1194
100 9 7 1251
100 9 8 1141
100 9 9 1243
100 9 10 1254
