60 0 0 437
60 0 1 443
60 0 2 428
60 1 0 430
60 1 1 438
60 1 2 444
60 2 0 434
60 2 1 425
60 2 2 463
60 3 0 396
60 3 1 433
60 3 2 422
60 4 0 435
60 4 1 438
60 4 2 445
60 5 0 388
60 5 1 445
60 5 2 430
60 6 0 428
60 6 1 472
60 6 2 419
60 7 0 392
60 7 1 462
60 7 2 418
60 8 0 446
60 8 1 403
60 8 2 461
60 9 0 435
60 9 1 436
60 9 2 442
80 0 0 767
80 0 1 756
80 0 2 794
80 1 0 807
80 1 1 780
80 1 2 763
80 2 0 751
80 2 1 437
80 2 2 783
80 3 0 748
80 3 1 790
80 3 2 806
80 4 0 768
80 4 1 759
80 4 2 737
80 5 0 755
80 5 1 740
80 5 2 795
80 6 0 815
80 6 1 790
80 6 2 766
80 7 0 730
80 7 1 789
80 7 2 771
80 8 0 758
80 8 1 774
80 8 2 786
80 9 0 790
80 9 1 796
80 9 2 769
100 0 0 1239
100 0 1 1244
100 0 2 1221
100 1 0 1188
100 1 1 1237
100 1 2 1185
100 2 0 1199
100 2 1 1233
100 2 2 1226
100 3 0 1228
100 3 1 1229
100 3 2 1248
100 4 0 1199
100 4 1 1214
100 4 2 1245
100 5 0 1269
100 5 1 1167
100 5 2 1182
100 6 0 1214
100 6 1 1220
100 6 2 1157
100 7 0 1260
100 7 1 1242
100 7 2 1245
100 8 0 1237
100 8 1 1225
100 8 2 1186
100 9 0 1283
100 9 1 1256
100 9 2 1184
60 0 3 423
60 0 4 442
60 0 5 444
60 0 6 434
60 0 7 419
60 0 8 436
60 0 9 431
60 0 10 416
60 1 3 440
60 1 4 452
60 1 5 447
60 1 6 442
60 1 7 376
60 1 8 437
60 1 9 453
60 1 10 427
60 2 3 400
60 2 4 448
60 2 5 397
60 2 6 446
60 2 7 440
60 2 8 414
60 2 9 451
60 2 10 423
60 3 3 440
60 3 4 419
60 3 5 423
60 3 6 423
60 3 7 433
60 3 8 445
60 3 9 404
60 3 10 400
60 4 3 448
60 4 4 445
60 4 5 437
60 4 6 432
60 4 7 422
60 4 8 445
60 4 9 425
60 4 10 436
60 5 3 454
60 5 4 436
60 5 5 393
60 5 6 452
60 5 7 452
60 5 8 429
60 5 9 449
60 5 10 435
60 6 3 421
60 6 4 442
60 6 5 423
60 6 6 392
60 6 7 433
60 6 8 337
60 6 9 456
60 6 10 448
60 7 3 447
60 7 4 456
60 7 5 417
60 7 6 450
60 7 7 443
60 7 8 447
60 7 9 446
60 7 10 440
60 8 3 420
60 8 4 394
60 8 5 450
60 8 6 416
60 8 7 433
60 8 8 448
60 8 9 436
60 8 10 416
60 9 3 430
60 9 4 432
60 9 5 454
60 9 6 445
60 9 7 426
60 9 8 445
60 9 9 367
60 9 10 424
80 0 3 790
80 0 4 787
80 0 5 756
80 0 6 806
80 0 7 796
80 0 8 783
80 0 9 762
80 0 10 762
80 1 3 766
80 1 4 774
80 1 5 828
80 1 6 782
80 1 7 662
80 1 8 725
80 1 9 751
80 1 10 785
80 2 3 761
80 2 4 815
80 2 5 800
80 2 6 798
80 2 7 797
80 2 8 770
80 2 9 782
80 2 10 753
80 3 3 792
80 3 4 770
80 3 5 781
80 3 6 776
80 3 7 776
80 3 8 760
80 3 9 786
80 3 10 763
80 4 3 787
80 4 4 793
80 4 5 796
80 4 6 827
80 4 7 780
80 4 8 798
80 4 9 733
80 4 10 745
80 5 3 773
80 5 4 762
80 5 5 795
80 5 6 782
80 5 7 736
80 5 8 793
80 5 9 795
80 5 10 788
80 6 3 822
80 6 4 778
80 6 5 760
80 6 6 775
80 6 7 802
80 6 8 791
80 6 9 747
80 6 10 758
80 7 3 766
80 7 4 779
80 7 5 798
80 7 6 808
80 7 7 767
80 7 8 794
80 7 9 801
80 7 10 773
80 8 3 805
80 8 4 779
80 8 5 794
80 8 6 772
80 8 7 808
80 8 8 796
80 8 9 802
80 8 10 804
80 9 3 794
80 9 4 765
80 9 5 773
80 9 6 772
80 9 7 784
80 9 8 792
80 9 9 772
80 9 10 781
100 0 3 1242
100 0 4 1251
100 0 5 1253
100 0 6 1203
100 0 7 1261
100 0 8 1223
100 0 9 1161
100 0 10 1247
100 1 3 1230
100 1 4 1246
100 1 5 1222
100 1 6 1257
100 1 7 1202
100 1 8 1230
100 1 9 1263
100 1 10 1264
100 2 3 1228
100 2 4 1214
100 2 5 1233
100 2 6 1207
100 2 7 1249
100 2 8 1209
100 2 9 1237
100 2 10 1218
100 3 3 1259
100 3 4 1254
100 3 5 1228
100 3 6 1259
100 3 7 1255
100 3 8 1245
100 3 9 1259
100 3 10 1144
100 4 3 1269
100 4 4 1232
100 4 5 1230
100 4 6 1200
100 4 7 1250
100 4 8 1240
100 4 9 1199
100 4 10 1253
100 5 3 1228
100 5 4 1128
100 5 5 1263
100 5 6 1246
100 5 7 1254
100 5 8 1217
100 5 9 1129
100 5 10 1230
100 6 3 1243
100 6 4 1245
100 6 5 1245
100 6 6 1252
100 6 7 1195
100 6 8 1208
100 6 9 1204
100 6 10 1242
100 7 3 1213
100 7 4 1244
100 7 5 1230
100 7 6 1146
100 7 7 1239
100 7 8 1231
100 7 9 1187
100 7 10 1234
100 8 3 1169
100 8 4 1241
100 8 5 1207
100 8 6 1255
100 8 7 1215
100 8 8 1152
100 8 9 1224
100 8 10 1181
100 9 3 1273
100 9 4 1234
100 9 5 1255
100 9 6 1254
100 9 7 1217
100 9 8 1243
100 9 9 1201
100 9 10 1163
