60 0 0 443
60 0 1 452
60 0 2 370
60 1 0 431
60 1 1 456
60 1 2 465
60 2 0 439
60 2 1 444
60 2 2 416
60 3 0 455
60 3 1 435
60 3 2 432
60 4 0 402
60 4 1 404
60 4 2 401
60 5 0 424
60 5 1 436
60 5 2 432
60 6 0 438
60 6 1 441
60 6 2 432
60 7 0 423
60 7 1 428
60 7 2 436
60 8 0 377
60 8 1 440
60 8 2 428
60 9 0 450
60 9 1 435
60 9 2 451
80 0 0 817
80 0 1 778
80 0 2 674
80 1 0 814
80 1 1 768
80 1 2 711
80 2 0 784
80 2 1 715
80 2 2 678
80 3 0 775
80 3 1 787
80 3 2 801
80 4 0 775
80 4 1 801
80 4 2 794
80 5 0 791
80 5 1 785
80 5 2 799
80 6 0 806
80 6 1 778
80 6 2 780
80 7 0 701
80 7 1 808
80 7 2 753
80 8 0 772
80 8 1 675
80 8 2 801
80 9 0 784
80 9 1 772
80 9 2 781
100 0 0 1188
100 0 1 1245
100 0 2 1231
100 1 0 1247
100 1 1 1203
100 1 2 1190
100 2 0 1188
100 2 1 1191
100 2 2 1237
100 3 0 1130
100 3 1 1184
100 3 2 1258
100 4 0 1181
100 4 1 1216
100 4 2 1262
100 5 0 1230
100 5 1 1212
100 5 2 1219
100 6 0 1197
100 6 1 1261
100 6 2 1251
100 7 0 1264
100 7 1 1195
100 7 2 1240
100 8 0 1238
100 8 1 1235
100 8 2 1236
100 9 0 1257
100 9 1 1241
100 9 2 1275
60 0 3 422
60 0 4 447
60 0 5 451
60 0 6 445
60 0 7 432
60 0 8 455
60 0 9 443
60 0 10 436
60 1 3 438
60 1 4 428
60 1 5 434
60 1 6 440
60 1 7 460
60 1 8 448
60 1 9 451
60 1 10 426
60 2 3 441
60 2 4 390
60 2 5 425
60 2 6 426
60 2 7 452
60 2 8 447
60 2 9 448
60 2 10 457
60 3 3 441
60 3 4 434
60 3 5 422
60 3 6 394
60 3 7 443
60 3 8 440
60 3 9 419
60 3 10 414
60 4 3 433
60 4 4 413
60 4 5 451
60 4 6 457
60 4 7 408
60 4 8 436
60 4 9 460
60 4 10 431
60 5 3 421
60 5 4 446
60 5 5 400
60 5 6 415
60 5 7 448
60 5 8 402
60 5 9 432
60 5 10 446
60 6 3 437
60 6 4 391
60 6 5 445
60 6 6 422
60 6 7 447
60 6 8 419
60 6 9 438
60 6 10 453
60 7 3 404
60 7 4 453
60 7 5 445
60 7 6 465
60 7 7 407
60 7 8 443
60 7 9 434
60 7 10 428
60 8 3 411
60 8 4 444
60 8 5 401
60 8 6 426
60 8 7 464
60 8 8 446
60 8 9 461
60 8 10 448
60 9 3 438
60 9 4 354
60 9 5 464
60 9 6 312
60 9 7 425
60 9 8 441
60 9 9 450
60 9 10 446
80 0 3 786
80 0 4 770
80 0 5 810
80 0 6 785
80 0 7 751
80 0 8 793
80 0 9 742
80 0 10 789
80 1 3 772
80 1 4 771
80 1 5 769
80 1 6 752
80 1 7 745
80 1 8 779
80 1 9 760
80 1 10 800
80 2 3 672
80 2 4 716
80 2 5 814
80 2 6 761
80 2 7 783
80 2 8 802
80 2 9 827
80 2 10 764
80 3 3 800
80 3 4 778
80 3 5 805
80 3 6 793
80 3 7 728
80 3 8 787
80 3 9 790
80 3 10 793
80 4 3 778
80 4 4 780
80 4 5 750
80 4 6 754
80 4 7 777
80 4 8 801
80 4 9 779
80 4 10 773
80 5 3 770
80 5 4 705
80 5 5 791
80 5 6 792
80 5 7 800
80 5 8 811
80 5 9 670
80 5 10 771
80 6 3 757
80 6 4 760
80 6 5 796
80 6 6 780
80 6 7 744
80 6 8 753
80 6 9 785
80 6 10 778
80 7 3 784
80 7 4 798
80 7 5 752
80 7 6 785
80 7 7 793
80 7 8 775
80 7 9 815
80 7 10 782
80 8 3 782
80 8 4 746
80 8 5 780
80 8 6 804
80 8 7 772
80 8 8 795
80 8 9 794
80 8 10 811
80 9 3 757
80 9 4 786
80 9 5 767
80 9 6 795
80 9 7 767
80 9 8 757
80 9 9 799
80 9 10 763
100 0 3 1229
100 0 4 1237
100 0 5 1225
100 0 6 1150
100 0 7 1229
100 0 8 1278
100 0 9 1248
100 0 10 1255
100 1 3 1169
100 1 4 1222
100 1 5 1245
100 1 6 1206
100 1 7 1210
100 1 8 1158
100 1 9 1231
100 1 10 1226
100 2 3 1237
100 2 4 1232
100 2 5 1248
100 2 6 1262
100 2 7 1219
100 2 8 1242
100 2 9 1249
100 2 10 1253
100 3 3 1256
100 3 4 1049
100 3 5 1236
100 3 6 1239
100 3 7 1257
100 3 8 1242
100 3 9 1092
100 3 10 1224
100 4 3 1242
100 4 4 1106
100 4 5 1232
100 4 6 1211
100 4 7 1165
100 4 8 1212
100 4 9 1274
100 4 10 1248
100 5 3 1217
100 5 4 1203
100 5 5 1257
100 5 6 1204
100 5 7 1163
100 5 8 1241
100 5 9 1255
100 5 10 1190
100 6 3 1231
100 6 4 1234
100 6 5 1271
100 6 6 1197
100 6 7 1185
100 6 8 1209
100 6 9 1060
100 6 10 1218
100 7 3 1241
100 7 4 1233
100 7 5 1221
100 7 6 1227
100 7 7 1213
100 7 8 1255
100 7 9 1215
100 7 10 1221
100 8 3 1219
100 8 4 1225
100 8 5 1224
100 8 6 1215
100 8 7 1201
100 8 8 1216
100 8 9 1243
100 8 10 1182
100 9 3 1215
100 9 4 1265
100 9 5 1196
100 9 6 1213
100 9 7 1261
100 9 8 1187
100 9 9 1254
100 9 10 1238
