60 0 0 429
60 0 1 420
60 0 2 456
60 1 0 448
60 1 1 365
60 1 2 433
60 2 0 343
60 2 1 457
60 2 2 448
60 3 0 413
60 3 1 429
60 3 2 387
60 4 0 451
60 4 1 389
60 4 2 430
60 5 0 418
60 5 1 428
60 5 2 436
60 6 0 437
60 6 1 411
60 6 2 403
60 7 0 422
60 7 1 434
60 7 2 450
60 8 0 435
60 8 1 451
60 8 2 424
60 9 0 456
60 9 1 473
60 9 2 445
80 0 0 759
80 0 1 764
80 0 2 701
80 1 0 716
80 1 1 808
80 1 2 676
80 2 0 738
80 2 1 809
80 2 2 728
80 3 0 773
80 3 1 784
80 3 2 791
80 4 0 703
80 4 1 799
80 4 2 776
80 5 0 785
80 5 1 744
80 5 2 805
80 6 0 809
80 6 1 756
80 6 2 769
80 7 0 728
80 7 1 795
80 7 2 769
80 8 0 803
80 8 1 749
80 8 2 776
80 9 0 800
80 9 1 782
80 9 2 774
100 0 0 1241
100 0 1 1217
100 0 2 1091
100 1 0 1261
100 1 1 1162
100 1 2 1242
100 2 0 1227
100 2 1 1241
100 2 2 1133
100 3 0 1007
100 3 1 1225
100 3 2 1179
100 4 0 1237
100 4 1 1212
100 4 2 1211
100 5 0 1150
100 5 1 1147
100 5 2 1162
100 6 0 1216
100 6 1 1170
100 6 2 1234
100 7 0 1239
100 7 1 1181
100 7 2 1249
100 8 0 1245
100 8 1 1196
100 8 2 1239
100 9 0 1202
100 9 1 1179
100 9 2 1232
60 0 3 427
60 0 4 440
60 0 5 377
60 0 6 329
60 0 7 461
60 0 8 456
60 0 9 435
60 0 10 436
60 1 3 412
60 1 4 458
60 1 5 443
60 1 6 414
60 1 7 420
60 1 8 418
60 1 9 460
60 1 10 438
60 2 3 387
60 2 4 395
60 2 5 418
60 2 6 431
60 2 7 444
60 2 8 384
60 2 9 365
60 2 10 426
60 3 3 437
60 3 4 456
60 3 5 462
60 3 6 406
60 3 7 403
60 3 8 450
60 3 9 426
60 3 10 447
60 4 3 482
60 4 4 448
60 4 5 404
60 4 6 435
60 4 7 435
60 4 8 393
60 4 9 412
60 4 10 399
60 5 3 431
60 5 4 425
60 5 5 431
60 5 6 431
60 5 7 426
60 5 8 434
60 5 9 382
60 5 10 433
60 6 3 445
60 6 4 417
60 6 5 421
60 6 6 457
60 6 7 458
60 6 8 435
60 6 9 426
60 6 10 449
60 7 3 448
60 7 4 436
60 7 5 431
60 7 6 412
60 7 7 409
60 7 8 401
60 7 9 457
60 7 10 418
60 8 3 436
60 8 4 435
60 8 5 444
60 8 6 405
60 8 7 427
60 8 8 465
60 8 9 428
60 8 10 448
60 9 3 415
60 9 4 392
60 9 5 435
60 9 6 461
60 9 7 451
60 9 8 432
60 9 9 431
60 9 10 438
80 0 3 786
80 0 4 755
80 0 5 769
80 0 6 818
80 0 7 777
80 0 8 766
80 0 9 791
80 0 10 781
80 1 3 791
80 1 4 767
80 1 5 782
80 1 6 777
80 1 7 768
80 1 8 803
80 1 9 741
80 1 10 810
80 2 3 792
80 2 4 754
80 2 5 706
80 2 6 740
80 2 7 692
80 2 8 804
80 2 9 792
80 2 10 812
80 3 3 763
80 3 4 792
80 3 5 777
80 3 6 784
80 3 7 768
80 3 8 797
80 3 9 777
80 3 10 750
80 4 3 814
80 4 4 769
80 4 5 763
80 4 6 726
80 4 7 752
80 4 8 739
80 4 9 799
80 4 10 799
80 5 3 772
80 5 4 767
80 5 5 790
80 5 6 749
80 5 7 727
80 5 8 779
80 5 9 773
80 5 10 823
80 6 3 768
80 6 4 790
80 6 5 763
80 6 6 804
80 6 7 779
80 6 8 777
80 6 9 773
80 6 10 777
80 7 3 818
80 7 4 664
80 7 5 820
80 7 6 789
80 7 7 776
80 7 8 737
80 7 9 782
80 7 10 790
80 8 3 810
80 8 4 752
80 8 5 800
80 8 6 770
80 8 7 709
80 8 8 704
80 8 9 810
80 8 10 777
80 9 3 792
80 9 4 787
80 9 5 789
80 9 6 783
80 9 7 786
80 9 8 768
80 9 9 770
80 9 10 735
100 0 3 1242
100 0 4 1150
100 0 5 1240
100 0 6 1220
100 0 7 1214
100 0 8 1250
100 0 9 1244
100 0 10 1213
100 1 3 1177
100 1 4 1139
100 1 5 1249
100 1 6 1233
100 1 7 1190
100 1 8 1230
100 1 9 1237
100 1 10 1225
100 2 3 1242
100 2 4 1190
100 2 5 1238
100 2 6 1211
100 2 7 1266
100 2 8 1235
100 2 9 1271
100 2 10 1159
100 3 3 1216
100 3 4 1166
100 3 5 1230
100 3 6 1101
100 3 7 1218
100 3 8 1260
100 3 9 1247
100 3 10 1230
100 4 3 1239
100 4 4 1239
100 4 5 1153
100 4 6 1170
100 4 7 1249
100 4 8 1218
100 4 9 1250
100 4 10 1214
100 5 3 1255
100 5 4 1197
100 5 5 1250
100 5 6 1221
100 5 7 1254
100 5 8 1218
100 5 9 1224
100 5 10 1147
100 6 3 1240
100 6 4 1281
100 6 5 1245
100 6 6 1205
100 6 7 1214
100 6 8 1236
100 6 9 1230
100 6 10 1214
100 7 3 1249
100 7 4 1011
100 7 5 1272
100 7 6 1210
100 7 7 1221
100 7 8 1228
100 7 9 1258
100 7 10 1250
100 8 3 1207
100 8 4 1247
100 8 5 1198
100 8 6 1212
100 8 7 1171
100 8 8 1212
100 8 9 1236
100 8 10 1246
100 9 3 1225
100 9 4 1252
100 9 5 1217
100 9 6 1208
100 9 7 1196
100 9 8 1194
100 9 9 1221
100 9 10 1261
