60 0 0 451
60 0 1 443
60 0 2 435
60 1 0 431
60 1 1 443
60 1 2 372
60 2 0 449
60 2 1 448
60 2 2 459
60 3 0 424
60 3 1 428
60 3 2 400
60 4 0 469
60 4 1 437
60 4 2 435
60 5 0 446
60 5 1 424
60 5 2 428
60 6 0 429
60 6 1 424
60 6 2 404
60 7 0 464
60 7 1 447
60 7 2 446
60 8 0 424
60 8 1 393
60 8 2 429
60 9 0 446
60 9 1 401
60 9 2 400
80 0 0 781
80 0 1 768
80 0 2 778
80 1 0 783
80 1 1 791
80 1 2 785
80 2 0 761
80 2 1 764
80 2 2 787
80 3 0 761
80 3 1 764
80 3 2 786
80 4 0 790
80 4 1 803
80 4 2 771
80 5 0 798
80 5 1 800
80 5 2 769
80 6 0 808
80 6 1 802
80 6 2 769
80 7 0 700
80 7 1 777
80 7 2 783
80 8 0 745
80 8 1 788
80 8 2 783
80 9 0 736
80 9 1 791
80 9 2 796
100 0 0 1233
100 0 1 1272
100 0 2 1213
100 1 0 1273
100 1 1 1177
100 1 2 1256
100 2 0 1221
100 2 1 1259
100 2 2 1241
100 3 0 1186
100 3 1 1245
100 3 2 1247
100 4 0 1201
100 4 1 1266
100 4 2 1247
100 5 0 1237
100 5 1 1215
100 5 2 1253
100 6 0 1250
100 6 1 1257
100 6 2 1263
100 7 0 1218
100 7 1 1244
100 7 2 1254
100 8 0 1225
100 8 1 1251
100 8 2 1172
100 9 0 1201
100 9 1 1194
100 9 2 1234
60 0 3 390
60 0 4 444
60 0 5 443
60 0 6 447
60 0 7 427
60 0 8 433
60 0 9 440
60 0 10 436
60 1 3 435
60 1 4 425
60 1 5 455
60 1 6 453
60 1 7 416
60 1 8 451
60 1 9 419
60 1 10 431
60 2 3 441
60 2 4 311
60 2 5 430
60 2 6 408
60 2 7 428
60 2 8 365
60 2 9 439
60 2 10 455
60 3 3 422
60 3 4 409
60 3 5 404
60 3 6 436
60 3 7 418
60 3 8 453
60 3 9 427
60 3 10 432
60 4 3 454
60 4 4 462
60 4 5 412
60 4 6 415
60 4 7 439
60 4 8 401
60 4 9 432
60 4 10 456
60 5 3 384
60 5 4 461
60 5 5 436
60 5 6 370
60 5 7 447
60 5 8 445
60 5 9 452
60 5 10 446
60 6 3 443
60 6 4 443
60 6 5 434
60 6 6 407
60 6 7 428
60 6 8 443
60 6 9 437
60 6 10 434
60 7 3 428
60 7 4 430
60 7 5 419
60 7 6 453
60 7 7 419
60 7 8 450
60 7 9 418
60 7 10 448
60 8 3 433
60 8 4 446
60 8 5 429
60 8 6 427
60 8 7 441
60 8 8 434
60 8 9 441
60 8 10 447
60 9 3 421
60 9 4 449
60 9 5 454
60 9 6 438
60 9 7 454
60 9 8 439
60 9 9 447
60 9 10 395
80 0 3 773
80 0 4 789
80 0 5 751
80 0 6 785
80 0 7 786
80 0 8 784
80 0 9 798
80 0 10 809
80 1 3 770
80 1 4 793
80 1 5 793
80 1 6 781
80 1 7 703
80 1 8 787
80 1 9 792
80 1 10 779
80 2 3 805
80 2 4 803
80 2 5 802
80 2 6 784
80 2 7 754
80 2 8 766
80 2 9 780
80 2 10 783
80 3 3 649
80 3 4 772
80 3 5 755
80 3 6 763
80 3 7 794
80 3 8 769
80 3 9 711
80 3 10 793
80 4 3 800
80 4 4 773
80 4 5 802
80 4 6 791
80 4 7 741
80 4 8 705
80 4 9 833
80 4 10 677
80 5 3 750
80 5 4 726
80 5 5 716
80 5 6 786
80 5 7 799
80 5 8 814
80 5 9 760
80 5 10 800
80 6 3 773
80 6 4 797
80 6 5 815
80 6 6 819
80 6 7 802
80 6 8 785
80 6 9 819
80 6 10 783
80 7 3 668
80 7 4 800
80 7 5 769
80 7 6 786
80 7 7 778
80 7 8 770
80 7 9 768
80 7 10 800
80 8 3 793
80 8 4 761
80 8 5 786
80 8 6 785
80 8 7 764
80 8 8 791
80 8 9 780
80 8 10 798
80 9 3 763
80 9 4 788
80 9 5 747
80 9 6 776
80 9 7 783
80 9 8 787
80 9 9 803
80 9 10 726
100 0 3 1251
100 0 4 1195
100 0 5 1225
100 0 6 1229
100 0 7 1194
100 0 8 1185
100 0 9 1223
100 0 10 1248
100 1 3 1241
100 1 4 1252
100 1 5 1202
100 1 6 1197
100 1 7 1100
100 1 8 1248
100 1 9 1227
100 1 10 1247
100 2 3 1116
100 2 4 1216
100 2 5 1229
100 2 6 1177
100 2 7 1206
100 2 8 1197
100 2 9 1201
100 2 10 1116
100 3 3 1246
100 3 4 1133
100 3 5 1258
100 3 6 1199
100 3 7 1214
100 3 8 1224
100 3 9 1214
100 3 10 1233
100 4 3 1175
100 4 4 1201
100 4 5 1248
100 4 6 1199
100 4 7 1251
100 4 8 1125
100 4 9 1256
100 4 10 1213
100 5 3 1193
100 5 4 1230
100 5 5 1208
100 5 6 1227
100 5 7 1215
100 5 8 1170
100 5 9 1243
100 5 10 1242
100 6 3 1265
100 6 4 1254
100 6 5 1218
100 6 6 1227
100 6 7 1212
100 6 8 1235
100 6 9 1237
100 6 10 1250
100 7 3 1245
100 7 4 1175
100 7 5 1200
100 7 6 1259
100 7 7 1251
100 7 8 1246
100 7 9 1196
100 7 10 1250
100 8 3 1250
100 8 4 1178
100 8 5 1226
100 8 6 1185
100 8 7 1252
100 8 8 1191
100 8 9 1174
100 8 10 1236
100 9 3 1242
100 9 4 1209
100 9 5 1254
100 9 6 1181
100 9 7 1232
100 9 8 1163
100 9 9 1235
100 9 10 1253
