60 0 0 458
60 0 1 424
60 0 2 430
60 1 0 444
60 1 1 435
60 1 2 415
60 2 0 415
60 2 1 423
60 2 2 425
60 3 0 436
60 3 1 454
60 3 2 410
60 4 0 452
60 4 1 390
60 4 2 461
60 5 0 444
60 5 1 422
60 5 2 418
60 6 0 405
60 6 1 443
60 6 2 406
60 7 0 401
60 7 1 380
60 7 2 448
60 8 0 444
60 8 1 435
60 8 2 450
60 9 0 431
60 9 1 437
60 9 2 440
80 0 0 779
80 0 1 783
80 0 2 793
80 1 0 752
80 1 1 699
80 1 2 775
80 2 0 808
80 2 1 728
80 2 2 801
80 3 0 801
80 3 1 833
80 3 2 801
80 4 0 792
80 4 1 703
80 4 2 772
80 5 0 795
80 5 1 772
80 5 2 773
80 6 0 758
80 6 1 807
80 6 2 742
80 7 0 780
80 7 1 816
80 7 2 808
80 8 0 721
80 8 1 804
80 8 2 789
80 9 0 728
80 9 1 788
80 9 2 795
100 0 0 1243
100 0 1 1247
100 0 2 1175
100 1 0 1189
100 1 1 1241
100 1 2 1215
100 2 0 1248
100 2 1 1286
100 2 2 1212
100 3 0 1230
100 3 1 1248
100 3 2 1215
100 4 0 1187
100 4 1 1275
100 4 2 1230
100 5 0 1229
100 5 1 1229
100 5 2 1248
100 6 0 1237
100 6 1 1206
100 6 2 1264
100 7 0 1220
100 7 1 1256
100 7 2 1230
100 8 0 1250
100 8 1 1260
100 8 2 1224
100 9 0 1261
100 9 1 1115
100 9 2 1267
60 0 3 420
60 0 4 444
60 0 5 431
60 0 6 427
60 0 7 417
60 0 8 426
60 0 9 435
60 0 10 433
60 1 3 367
60 1 4 451
60 1 5 451
60 1 6 466
60 1 7 435
60 1 8 413
60 1 9 431
60 1 10 452
60 2 3 428
60 2 4 454
60 2 5 434
60 2 6 452
60 2 7 424
60 2 8 403
60 2 9 443
60 2 10 455
60 3 3 457
60 3 4 446
60 3 5 439
60 3 6 444
60 3 7 450
60 3 8 413
60 3 9 395
60 3 10 411
60 4 3 434
60 4 4 452
60 4 5 460
60 4 6 451
60 4 7 433
60 4 8 407
60 4 9 445
60 4 10 432
60 5 3 439
60 5 4 450
60 5 5 433
60 5 6 370
60 5 7 431
60 5 8 438
60 5 9 459
60 5 10 434
60 6 3 448
60 6 4 452
60 6 5 446
60 6 6 438
60 6 7 437
60 6 8 449
60 6 9 401
60 6 10 423
60 7 3 407
60 7 4 448
60 7 5 471
60 7 6 445
60 7 7 367
60 7 8 448
60 7 9 440
60 7 10 400
60 8 3 436
60 8 4 455
60 8 5 407
60 8 6 445
60 8 7 437
60 8 8 410
60 8 9 445
60 8 10 470
60 9 3 422
60 9 4 444
60 9 5 450
60 9 6 438
60 9 7 446
60 9 8 458
60 9 9 437
60 9 10 450
80 0 3 732
80 0 4 744
80 0 5 719
80 0 6 807
80 0 7 784
80 0 8 815
80 0 9 801
80 0 10 791
80 1 3 803
80 1 4 810
80 1 5 781
80 1 6 805
80 1 7 812
80 1 8 804
80 1 9 808
80 1 10 779
80 2 3 791
80 2 4 794
80 2 5 801
80 2 6 815
80 2 7 764
80 2 8 770
80 2 9 781
80 2 10 802
80 3 3 781
80 3 4 781
80 3 5 773
80 3 6 777
80 3 7 776
80 3 8 775
80 3 9 775
80 3 10 786
80 4 3 788
80 4 4 774
80 4 5 775
80 4 6 816
80 4 7 805
80 4 8 752
80 4 9 781
80 4 10 781
80 5 3 796
80 5 4 790
80 5 5 799
80 5 6 800
80 5 7 785
80 5 8 822
80 5 9 802
80 5 10 788
80 6 3 770
80 6 4 764
80 6 5 799
80 6 6 770
80 6 7 765
80 6 8 688
80 6 9 773
80 6 10 774
80 7 3 818
80 7 4 752
80 7 5 794
80 7 6 795
80 7 7 808
80 7 8 738
80 7 9 790
80 7 10 751
80 8 3 770
80 8 4 790
80 8 5 802
80 8 6 758
80 8 7 790
80 8 8 808
80 8 9 793
80 8 10 781
80 9 3 800
80 9 4 822
80 9 5 790
80 9 6 670
80 9 7 787
80 9 8 750
80 9 9 752
80 9 10 745
100 0 3 1205
100 0 4 1237
100 0 5 1233
100 0 6 1230
100 0 7 1164
100 0 8 1189
100 0 9 1234
100 0 10 1201
100 1 3 1254
100 1 4 1242
100 1 5 1243
100 1 6 1254
100 1 7 1245
100 1 8 1233
100 1 9 1257
100 1 10 1219
100 2 3 1216
100 2 4 1229
100 2 5 1223
100 2 6 1237
100 2 7 1238
100 2 8 1248
100 2 9 1258
100 2 10 1212
100 3 3 1212
100 3 4 1255
100 3 5 1225
100 3 6 1258
100 3 7 1209
100 3 8 1243
100 3 9 1221
100 3 10 1245
100 4 3 1206
100 4 4 1212
100 4 5 1240
100 4 6 1259
100 4 7 1237
100 4 8 1247
100 4 9 1234
100 4 10 1208
100 5 3 1246
100 5 4 1239
100 5 5 1249
100 5 6 1228
100 5 7 1206
100 5 8 1224
100 5 9 1230
100 5 10 1245
100 6 3 1203
100 6 4 1255
100 6 5 1206
100 6 6 1272
100 6 7 1208
100 6 8 1147
100 6 9 1243
100 6 10 1262
100 7 3 1260
100 7 4 1232
100 7 5 1227
100 7 6 1205
100 7 7 1167
100 7 8 1212
100 7 9 1202
100 7 10 1232
100 8 3 1227
100 8 4 1243
100 8 5 1234
100 8 6 1199
100 8 7 1237
100 8 8 1229
100 8 9 1167
100 8 10 1254
100 9 3 1239
100 9 4 1146
100 9 5 1234
100 9 6 1205
100 9 7 1214
100 9 8 1257
100 9 9 1229
100 9 10 1176
