60 0 0 418
60 0 1 402
60 0 2 407
60 1 0 400
60 1 1 416
60 1 2 428
60 2 0 381
60 2 1 444
60 2 2 453
60 3 0 432
60 3 1 442
60 3 2 396
60 4 0 451
60 4 1 436
60 4 2 448
60 5 0 438
60 5 1 444
60 5 2 444
60 6 0 448
60 6 1 424
60 6 2 437
60 7 0 407
60 7 1 455
60 7 2 447
60 8 0 371
60 8 1 438
60 8 2 437
60 9 0 440
60 9 1 382
60 9 2 410
80 0 0 809
80 0 1 751
80 0 2 728
80 1 0 770
80 1 1 787
80 1 2 788
80 2 0 750
80 2 1 733
80 2 2 718
80 3 0 772
80 3 1 795
80 3 2 767
80 4 0 805
80 4 1 757
80 4 2 770
80 5 0 768
80 5 1 764
80 5 2 763
80 6 0 736
80 6 1 799
80 6 2 818
80 7 0 760
80 7 1 765
80 7 2 776
80 8 0 757
80 8 1 753
80 8 2 765
80 9 0 783
80 9 1 761
80 9 2 784
100 0 0 1213
100 0 1 1246
100 0 2 1174
100 1 0 1229
100 1 1 1187
100 1 2 1186
100 2 0 1240
100 2 1 1231
100 2 2 1244
100 3 0 1183
100 3 1 1211
100 3 2 1166
100 4 0 1235
100 4 1 1256
100 4 2 1250
100 5 0 1246
100 5 1 1251
100 5 2 1231
100 6 0 1249
100 6 1 1231
100 6 2 1253
100 7 0 1207
100 7 1 1243
100 7 2 1187
100 8 0 1271
100 8 1 1207
100 8 2 1263
100 9 0 1202
100 9 1 1230
100 9 2 1236
