60 0 0 31
60 0 1 0
60 0 2 29
60 0 3 29
60 0 4 381
60 0 5 381
60 0 6 381
60 0 7 381
60 0 8 31
60 0 9 381
60 1 0 0
60 1 1 32
60 1 2 32
60 1 3 330
60 1 4 330
60 1 5 330
60 1 6 330
60 1 7 27
60 1 8 330
60 1 9 83
60 2 0 0
60 2 1 0
60 2 2 0
60 2 3 0
60 2 4 0
60 2 5 0
60 2 6 0
60 2 7 0
60 2 8 0
60 2 9 0
60 3 0 0
60 3 1 81
60 3 2 163
60 3 3 163
60 3 4 55
60 3 5 431
60 3 6 55
60 3 7 26
60 3 8 163
60 3 9 0
60 4 0 25
60 4 1 25
60 4 2 25
60 4 3 25
60 4 4 25
60 4 5 25
60 4 6 25
60 4 7 25
60 4 8 25
60 4 9 25
60 5 0 322
60 5 1 322
60 5 2 322
60 5 3 29
60 5 4 126
60 5 5 443
60 5 6 271
60 5 7 443
60 5 8 0
60 5 9 29
60 6 0 240
60 6 1 240
60 6 2 240
60 6 3 240
60 6 4 240
60 6 5 240
60 6 6 240
60 6 7 240
60 6 8 240
60 6 9 240
60 7 0 29
60 7 1 29
60 7 2 29
60 7 3 29
60 7 4 29
60 7 5 29
60 7 6 29
60 7 7 29
60 7 8 29
60 7 9 29
60 8 0 49
60 8 1 322
60 8 2 0
60 8 3 322
60 8 4 0
60 8 5 0
60 8 6 49
60 8 7 0
60 8 8 49
60 8 9 49
60 9 0 0
60 9 1 163
60 9 2 0
60 9 3 0
60 9 4 25
60 9 5 163
60 9 6 163
60 9 7 163
60 9 8 25
60 9 9 163
80 0 0 663
80 0 1 663
80 0 2 663
80 0 3 663
80 0 4 663
80 0 5 663
80 0 6 663
80 0 7 663
80 0 8 663
80 0 9 663
80 1 0 776
80 1 1 776
80 1 2 0
80 1 3 776
80 1 4 0
80 1 5 0
80 1 6 0
80 1 7 776
80 1 8 776
80 1 9 0
80 2 0 44
80 2 1 78
80 2 2 403
80 2 3 78
80 2 4 0
80 2 5 78
80 2 6 339
80 2 7 44
80 2 8 78
80 2 9 339
80 3 0 0
80 3 1 644
80 3 2 0
80 3 3 0
80 3 4 0
80 3 5 137
80 3 6 137
80 3 7 0
80 3 8 137
80 3 9 137
80 4 0 747
80 4 1 44
80 4 2 0
80 4 3 44
80 4 4 743
80 4 5 45
80 4 6 79
80 4 7 743
80 4 8 747
80 4 9 0
80 5 0 0
80 5 1 0
80 5 2 0
80 5 3 273
80 5 4 526
80 5 5 0
80 5 6 273
80 5 7 526
80 5 8 0
80 5 9 0
80 6 0 764
80 6 1 764
80 6 2 457
80 6 3 457
80 6 4 764
80 6 5 457
80 6 6 457
80 6 7 764
80 6 8 764
80 6 9 457
80 7 0 0
80 7 1 37
80 7 2 141
80 7 3 0
80 7 4 37
80 7 5 116
80 7 6 0
80 7 7 0
80 7 8 78
80 7 9 37
80 8 0 736
80 8 1 736
80 8 2 736
80 8 3 736
80 8 4 736
80 8 5 736
80 8 6 736
80 8 7 736
80 8 8 736
80 8 9 736
80 9 0 105
80 9 1 442
80 9 2 277
80 9 3 105
80 9 4 34
80 9 5 442
80 9 6 277
80 9 7 277
80 9 8 105
80 9 9 277
100 0 0 308
100 0 1 0
100 0 2 0
100 0 3 308
100 0 4 308
100 0 5 308
100 0 6 308
100 0 7 308
100 0 8 1099
100 0 9 1099
100 1 0 0
100 1 1 996
100 1 2 52
100 1 3 133
100 1 4 52
100 1 5 133
100 1 6 52
100 1 7 52
100 1 8 133
100 1 9 0
100 2 0 1041
100 2 1 1041
100 2 2 1041
100 2 3 1041
100 2 4 1041
100 2 5 1041
100 2 6 1041
100 2 7 1041
100 2 8 1041
100 2 9 1041
100 3 0 1043
100 3 1 1043
100 3 2 1043
100 3 3 0
100 3 4 1043
100 3 5 1043
100 3 6 0
100 3 7 1043
100 3 8 0
100 3 9 1043
100 4 0 0
100 4 1 45
100 4 2 0
100 4 3 45
100 4 4 45
100 4 5 48
100 4 6 0
100 4 7 0
100 4 8 0
100 4 9 48
100 5 0 531
100 5 1 56
100 5 2 531
100 5 3 531
100 5 4 56
100 5 5 1107
100 5 6 56
100 5 7 1107
100 5 8 531
100 5 9 0
100 6 0 727
100 6 1 727
100 6 2 727
100 6 3 727
100 6 4 727
100 6 5 727
100 6 6 727
100 6 7 727
100 6 8 727
100 6 9 727
100 7 0 229
100 7 1 229
100 7 2 0
100 7 3 1190
100 7 4 0
100 7 5 1190
100 7 6 1190
100 7 7 0
100 7 8 1190
100 7 9 0
100 8 0 334
100 8 1 334
100 8 2 929
100 8 3 334
100 8 4 929
100 8 5 334
100 8 6 929
100 8 7 334
100 8 8 929
100 8 9 929
100 9 0 100
100 9 1 0
100 9 2 58
100 9 3 0
100 9 4 139
100 9 5 0
100 9 6 139
100 9 7 0
100 9 8 0
100 9 9 97
