60 0 0 413
60 0 1 445
60 0 2 421
60 1 0 447
60 1 1 455
60 1 2 437
60 2 0 424
60 2 1 366
60 2 2 453
60 3 0 435
60 3 1 436
60 3 2 380
60 4 0 416
60 4 1 435
60 4 2 424
60 5 0 436
60 5 1 438
60 5 2 456
60 6 0 448
60 6 1 427
60 6 2 440
60 7 0 437
60 7 1 463
60 7 2 432
60 8 0 437
60 8 1 432
60 8 2 453
60 9 0 415
60 9 1 445
60 9 2 444
80 0 0 800
80 0 1 781
80 0 2 788
80 1 0 790
80 1 1 778
80 1 2 793
80 2 0 818
80 2 1 797
80 2 2 816
80 3 0 779
80 3 1 806
80 3 2 794
80 4 0 811
80 4 1 789
80 4 2 748
80 5 0 770
80 5 1 788
80 5 2 818
80 6 0 770
80 6 1 746
80 6 2 726
80 7 0 783
80 7 1 750
80 7 2 785
80 8 0 795
80 8 1 797
80 8 2 732
80 9 0 779
80 9 1 782
80 9 2 747
100 0 0 1244
100 0 1 1269
100 0 2 1210
100 1 0 1231
100 1 1 1249
100 1 2 1229
100 2 0 1262
100 2 1 1268
100 2 2 1247
100 3 0 1221
100 3 1 1225
100 3 2 1236
100 4 0 1234
100 4 1 1280
100 4 2 1210
100 5 0 1191
100 5 1 1254
100 5 2 1222
100 6 0 1261
100 6 1 1282
100 6 2 1151
100 7 0 1270
100 7 1 1238
100 7 2 1207
100 8 0 1193
100 8 1 1183
100 8 2 1272
100 9 0 1211
100 9 1 1213
100 9 2 1253
60 0 3 457
60 0 4 450
60 0 5 453
60 0 6 393
60 0 7 422
60 0 8 430
60 0 9 451
60 0 10 462
60 1 3 435
60 1 4 424
60 1 5 407
60 1 6 437
60 1 7 446
60 1 8 397
60 1 9 446
60 1 10 432
60 2 3 429
60 2 4 441
60 2 5 448
60 2 6 416
60 2 7 347
60 2 8 454
60 2 9 428
60 2 10 422
60 3 3 430
60 3 4 435
60 3 5 451
60 3 6 381
60 3 7 412
60 3 8 438
60 3 9 427
60 3 10 451
60 4 3 418
60 4 4 439
60 4 5 423
60 4 6 443
60 4 7 444
60 4 8 434
60 4 9 419
60 4 10 427
60 5 3 380
60 5 4 416
60 5 5 416
60 5 6 427
60 5 7 397
60 5 8 435
60 5 9 423
60 5 10 450
60 6 3 441
60 6 4 434
60 6 5 432
60 6 6 443
60 6 7 434
60 6 8 449
60 6 9 441
60 6 10 349
60 7 3 450
60 7 4 365
60 7 5 444
60 7 6 455
60 7 7 445
60 7 8 438
60 7 9 431
60 7 10 430
60 8 3 447
60 8 4 445
60 8 5 446
60 8 6 449
60 8 7 440
60 8 8 428
60 8 9 332
60 8 10 413
60 9 3 453
60 9 4 446
60 9 5 450
60 9 6 418
60 9 7 445
60 9 8 372
60 9 9 399
60 9 10 397
80 0 3 824
80 0 4 722
80 0 5 805
80 0 6 804
80 0 7 813
80 0 8 782
80 0 9 791
80 0 10 770
80 1 3 793
80 1 4 805
80 1 5 791
80 1 6 775
80 1 7 798
80 1 8 754
80 1 9 803
80 1 10 778
80 2 3 722
80 2 4 761
80 2 5 766
80 2 6 790
80 2 7 811
80 2 8 784
80 2 9 814
80 2 10 766
80 3 3 716
80 3 4 775
80 3 5 811
80 3 6 771
80 3 7 799
80 3 8 767
80 3 9 802
80 3 10 790
80 4 3 802
80 4 4 766
80 4 5 758
80 4 6 768
80 4 7 801
80 4 8 798
80 4 9 807
80 4 10 803
80 5 3 797
80 5 4 786
80 5 5 763
80 5 6 704
80 5 7 712
80 5 8 793
80 5 9 764
80 5 10 794
80 6 3 796
80 6 4 794
80 6 5 783
80 6 6 795
80 6 7 798
80 6 8 771
80 6 9 786
80 6 10 809
80 7 3 803
80 7 4 787
80 7 5 799
80 7 6 792
80 7 7 780
80 7 8 784
80 7 9 759
80 7 10 689
80 8 3 795
80 8 4 739
80 8 5 757
80 8 6 808
80 8 7 657
80 8 8 790
80 8 9 783
80 8 10 836
80 9 3 805
80 9 4 790
80 9 5 795
80 9 6 770
80 9 7 770
80 9 8 796
80 9 9 743
80 9 10 803
100 0 3 1246
100 0 4 1245
100 0 5 1238
100 0 6 1224
100 0 7 1234
100 0 8 1235
100 0 9 1238
100 0 10 1200
100 1 3 1242
100 1 4 1267
100 1 5 1229
100 1 6 1227
100 1 7 1227
100 1 8 1209
100 1 9 1202
100 1 10 1255
100 2 3 1248
100 2 4 1221
100 2 5 1252
100 2 6 1220
100 2 7 1239
100 2 8 1195
100 2 9 1223
100 2 10 1217
100 3 3 1233
100 3 4 1222
100 3 5 1200
100 3 6 1234
100 3 7 1177
100 3 8 1228
100 3 9 1259
100 3 10 1227
100 4 3 1238
100 4 4 1156
100 4 5 1157
100 4 6 1226
100 4 7 1203
100 4 8 1226
100 4 9 1211
100 4 10 1231
100 5 3 1239
100 5 4 1197
100 5 5 1216
100 5 6 1215
100 5 7 1127
100 5 8 1233
100 5 9 1235
100 5 10 1233
100 6 3 1223
100 6 4 1216
100 6 5 1262
100 6 6 1258
100 6 7 1152
100 6 8 1173
100 6 9 1235
100 6 10 1216
100 7 3 1243
100 7 4 1221
100 7 5 1187
100 7 6 1229
100 7 7 1224
100 7 8 1219
100 7 9 1197
100 7 10 1221
100 8 3 1239
100 8 4 1156
100 8 5 1218
100 8 6 1259
100 8 7 1171
100 8 8 1218
100 8 9 1196
100 8 10 1225
100 9 3 1244
100 9 4 1234
100 9 5 1242
100 9 6 1241
100 9 7 1207
100 9 8 1266
100 9 9 1214
100 9 10 1233
