60 0 0 434
60 0 1 432
60 0 2 434
60 1 0 448
60 1 1 452
60 1 2 439
60 2 0 463
60 2 1 410
60 2 2 458
60 3 0 439
60 3 1 411
60 3 2 455
60 4 0 441
60 4 1 452
60 4 2 444
60 5 0 434
60 5 1 450
60 5 2 451
60 6 0 435
60 6 1 423
60 6 2 444
60 7 0 459
60 7 1 394
60 7 2 441
60 8 0 416
60 8 1 440
60 8 2 449
60 9 0 448
60 9 1 423
60 9 2 441
80 0 0 793
80 0 1 790
80 0 2 755
80 1 0 742
80 1 1 781
80 1 2 777
80 2 0 797
80 2 1 799
80 2 2 759
80 3 0 793
80 3 1 782
80 3 2 742
80 4 0 793
80 4 1 791
80 4 2 799
80 5 0 745
80 5 1 769
80 5 2 751
80 6 0 785
80 6 1 789
80 6 2 728
80 7 0 769
80 7 1 812
80 7 2 795
80 8 0 787
80 8 1 760
80 8 2 817
80 9 0 793
80 9 1 786
80 9 2 705
100 0 0 1215
100 0 1 1257
100 0 2 1249
100 1 0 1239
100 1 1 1199
100 1 2 1223
100 2 0 1212
100 2 1 1223
100 2 2 1253
100 3 0 1238
100 3 1 1231
100 3 2 1233
100 4 0 1227
100 4 1 1160
100 4 2 1199
100 5 0 1280
100 5 1 1212
100 5 2 1192
100 6 0 1255
100 6 1 1225
100 6 2 1258
100 7 0 1237
100 7 1 1232
100 7 2 1244
100 8 0 1255
100 8 1 1199
100 8 2 1243
100 9 0 1258
100 9 1 1227
100 9 2 1242
60 0 3 394
60 0 4 436
60 0 5 438
60 0 6 459
60 0 7 450
60 0 8 452
60 0 9 349
60 0 10 439
60 1 3 434
60 1 4 456
60 1 5 449
60 1 6 420
60 1 7 431
60 1 8 408
60 1 9 451
60 1 10 451
60 2 3 444
60 2 4 408
60 2 5 371
60 2 6 442
60 2 7 444
60 2 8 436
60 2 9 446
60 2 10 416
60 3 3 427
60 3 4 395
60 3 5 375
60 3 6 441
60 3 7 435
60 3 8 445
60 3 9 448
60 3 10 363
60 4 3 437
60 4 4 415
60 4 5 462
60 4 6 435
60 4 7 442
60 4 8 413
60 4 9 421
60 4 10 451
60 5 3 430
60 5 4 445
60 5 5 458
60 5 6 458
60 5 7 447
60 5 8 431
60 5 9 449
60 5 10 451
60 6 3 427
60 6 4 419
60 6 5 417
60 6 6 457
60 6 7 432
60 6 8 410
60 6 9 444
60 6 10 459
60 7 3 450
60 7 4 473
60 7 5 406
60 7 6 455
60 7 7 410
60 7 8 370
60 7 9 435
60 7 10 449
60 8 3 434
60 8 4 434
60 8 5 443
60 8 6 462
60 8 7 424
60 8 8 445
60 8 9 456
60 8 10 423
60 9 3 424
60 9 4 379
60 9 5 451
60 9 6 460
60 9 7 457
60 9 8 410
60 9 9 440
60 9 10 431
80 0 3 738
80 0 4 799
80 0 5 723
80 0 6 816
80 0 7 796
80 0 8 794
80 0 9 726
80 0 10 768
80 1 3 806
80 1 4 788
80 1 5 789
80 1 6 816
80 1 7 797
80 1 8 785
80 1 9 792
80 1 10 809
80 2 3 760
80 2 4 769
80 2 5 785
80 2 6 821
80 2 7 753
80 2 8 783
80 2 9 798
80 2 10 809
80 3 3 802
80 3 4 787
80 3 5 812
80 3 6 778
80 3 7 787
80 3 8 791
80 3 9 753
80 3 10 772
80 4 3 770
80 4 4 787
80 4 5 788
80 4 6 800
80 4 7 776
80 4 8 778
80 4 9 727
80 4 10 763
80 5 3 769
80 5 4 776
80 5 5 802
80 5 6 789
80 5 7 774
80 5 8 796
80 5 9 760
80 5 10 745
80 6 3 814
80 6 4 800
80 6 5 768
80 6 6 785
80 6 7 781
80 6 8 778
80 6 9 775
80 6 10 805
80 7 3 649
80 7 4 785
80 7 5 789
80 7 6 788
80 7 7 819
80 7 8 771
80 7 9 822
80 7 10 795
80 8 3 828
80 8 4 756
80 8 5 771
80 8 6 777
80 8 7 775
80 8 8 774
80 8 9 784
80 8 10 775
80 9 3 790
80 9 4 797
80 9 5 782
80 9 6 798
80 9 7 797
80 9 8 754
80 9 9 778
80 9 10 777
100 0 3 1108
100 0 4 1211
100 0 5 1255
100 0 6 1254
100 0 7 1215
100 0 8 1250
100 0 9 1174
100 0 10 1231
100 1 3 1255
100 1 4 1276
100 1 5 1227
100 1 6 1250
100 1 7 1245
100 1 8 1203
100 1 9 1176
100 1 10 1229
100 2 3 1209
100 2 4 1247
100 2 5 1205
100 2 6 1232
100 2 7 1253
100 2 8 1277
100 2 9 1207
100 2 10 1229
100 3 3 1246
100 3 4 1209
100 3 5 1225
100 3 6 1206
100 3 7 1240
100 3 8 1192
100 3 9 1210
100 3 10 1238
100 4 3 1243
100 4 4 1240
100 4 5 1216
100 4 6 1244
100 4 7 1194
100 4 8 1253
100 4 9 1222
100 4 10 1246
100 5 3 1262
100 5 4 1183
100 5 5 1162
100 5 6 1264
100 5 7 1175
100 5 8 1198
100 5 9 1232
100 5 10 1221
100 6 3 1123
100 6 4 1238
100 6 5 1229
100 6 6 1276
100 6 7 1256
100 6 8 1222
100 6 9 1264
100 6 10 1183
100 7 3 1224
100 7 4 1249
100 7 5 1218
100 7 6 1214
100 7 7 1235
100 7 8 1155
100 7 9 1224
100 7 10 1270
100 8 3 1241
100 8 4 1235
100 8 5 1153
100 8 6 1240
100 8 7 1246
100 8 8 1244
100 8 9 1243
100 8 10 1229
100 9 3 1244
100 9 4 1208
100 9 5 1250
100 9 6 1236
100 9 7 1239
100 9 8 1231
100 9 9 1272
100 9 10 1217
