60 0 0 428
60 0 1 440
60 0 2 407
60 1 0 421
60 1 1 441
60 1 2 442
60 2 0 442
60 2 1 442
60 2 2 396
60 3 0 447
60 3 1 443
60 3 2 406
60 4 0 414
60 4 1 383
60 4 2 412
60 5 0 442
60 5 1 446
60 5 2 442
60 6 0 354
60 6 1 442
60 6 2 436
60 7 0 430
60 7 1 389
60 7 2 391
60 8 0 344
60 8 1 449
60 8 2 421
60 9 0 400
60 9 1 424
60 9 2 449
80 0 0 778
80 0 1 780
80 0 2 781
80 1 0 569
80 1 1 765
80 1 2 783
80 2 0 791
80 2 1 792
80 2 2 647
80 3 0 771
80 3 1 789
80 3 2 794
80 4 0 786
80 4 1 767
80 4 2 805
80 5 0 800
80 5 1 793
80 5 2 757
80 6 0 672
80 6 1 814
80 6 2 793
80 7 0 784
80 7 1 778
80 7 2 794
80 8 0 771
80 8 1 754
80 8 2 806
80 9 0 760
80 9 1 779
80 9 2 763
100 0 0 1163
100 0 1 1252
100 0 2 1195
100 1 0 1250
100 1 1 1227
100 1 2 1191
100 2 0 1165
100 2 1 1147
100 2 2 1256
100 3 0 1218
100 3 1 1207
100 3 2 1151
100 4 0 1171
100 4 1 1170
100 4 2 1215
100 5 0 1231
100 5 1 1242
100 5 2 1132
100 6 0 1222
100 6 1 1124
100 6 2 1180
100 7 0 1189
100 7 1 1219
100 7 2 1210
100 8 0 1246
100 8 1 1191
100 8 2 1117
100 9 0 1219
100 9 1 987
100 9 2 942
60 0 3 456
60 0 4 458
60 0 5 436
60 0 6 421
60 0 7 226
60 0 8 361
60 0 9 354
60 0 10 451
60 1 3 435
60 1 4 380
60 1 5 411
60 1 6 424
60 1 7 428
60 1 8 445
60 1 9 449
60 1 10 392
60 2 3 450
60 2 4 424
60 2 5 413
60 2 6 352
60 2 7 436
60 2 8 435
60 2 9 412
60 2 10 419
60 3 3 418
60 3 4 369
60 3 5 445
60 3 6 424
60 3 7 461
60 3 8 427
60 3 9 452
60 3 10 405
60 4 3 425
60 4 4 456
60 4 5 439
60 4 6 419
60 4 7 425
60 4 8 438
60 4 9 423
60 4 10 412
60 5 3 422
60 5 4 351
60 5 5 438
60 5 6 384
60 5 7 438
60 5 8 343
60 5 9 345
60 5 10 422
60 6 3 442
60 6 4 451
60 6 5 435
60 6 6 414
60 6 7 439
60 6 8 435
60 6 9 432
60 6 10 432
60 7 3 335
60 7 4 428
60 7 5 375
60 7 6 397
60 7 7 408
60 7 8 415
60 7 9 355
60 7 10 434
60 8 3 434
60 8 4 383
60 8 5 421
60 8 6 404
60 8 7 450
60 8 8 436
60 8 9 447
60 8 10 437
60 9 3 409
60 9 4 418
60 9 5 410
60 9 6 448
60 9 7 447
60 9 8 431
60 9 9 435
60 9 10 448
80 0 3 800
80 0 4 813
80 0 5 797
80 0 6 798
80 0 7 779
80 0 8 598
80 0 9 647
80 0 10 787
80 1 3 766
80 1 4 793
80 1 5 724
80 1 6 717
80 1 7 770
80 1 8 607
80 1 9 792
80 1 10 759
80 2 3 783
80 2 4 722
80 2 5 755
80 2 6 609
80 2 7 769
80 2 8 787
80 2 9 792
80 2 10 777
80 3 3 621
80 3 4 774
80 3 5 789
80 3 6 778
80 3 7 778
80 3 8 780
80 3 9 796
80 3 10 776
80 4 3 693
80 4 4 779
80 4 5 793
80 4 6 756
80 4 7 785
80 4 8 792
80 4 9 784
80 4 10 726
80 5 3 756
80 5 4 776
80 5 5 761
80 5 6 739
80 5 7 793
80 5 8 747
80 5 9 799
80 5 10 815
80 6 3 772
80 6 4 783
80 6 5 804
80 6 6 705
80 6 7 776
80 6 8 734
80 6 9 798
80 6 10 796
80 7 3 715
80 7 4 781
80 7 5 786
80 7 6 720
80 7 7 808
80 7 8 769
80 7 9 783
80 7 10 757
80 8 3 785
80 8 4 761
80 8 5 724
80 8 6 793
80 8 7 816
80 8 8 743
80 8 9 787
80 8 10 645
80 9 3 702
80 9 4 780
80 9 5 759
80 9 6 783
80 9 7 767
80 9 8 789
80 9 9 772
80 9 10 766
100 0 3 1239
100 0 4 1121
100 0 5 1214
100 0 6 1236
100 0 7 1235
100 0 8 1254
100 0 9 1195
100 0 10 1227
100 1 3 1228
100 1 4 1153
100 1 5 1201
100 1 6 1219
100 1 7 1240
100 1 8 1234
100 1 9 1169
100 1 10 1146
100 2 3 1148
100 2 4 1250
100 2 5 1115
100 2 6 1136
100 2 7 1229
100 2 8 1064
100 2 9 1195
100 2 10 1265
100 3 3 1236
100 3 4 1158
100 3 5 1210
100 3 6 1248
100 3 7 1215
100 3 8 1238
100 3 9 1086
100 3 10 1088
100 4 3 1217
100 4 4 1150
100 4 5 1171
100 4 6 1139
100 4 7 1223
100 4 8 1188
100 4 9 1209
100 4 10 1063
100 5 3 1219
100 5 4 1231
100 5 5 1238
100 5 6 1246
100 5 7 1211
100 5 8 1205
100 5 9 1235
100 5 10 1180
100 6 3 1053
100 6 4 1252
100 6 5 1228
100 6 6 1139
100 6 7 1185
100 6 8 1031
100 6 9 1228
100 6 10 1256
100 7 3 1210
100 7 4 1212
100 7 5 1186
100 7 6 1225
100 7 7 959
100 7 8 1235
100 7 9 1243
100 7 10 1208
100 8 3 1223
100 8 4 988
100 8 5 1129
100 8 6 1262
100 8 7 1194
100 8 8 1215
100 8 9 1208
100 8 10 1152
100 9 3 1195
100 9 4 1127
100 9 5 1261
100 9 6 1110
100 9 7 1214
100 9 8 1232
100 9 9 1240
100 9 10 1206
