60 0 0 387
60 0 1 392
60 0 2 364
60 1 0 437
60 1 1 342
60 1 2 424
60 2 0 450
60 2 1 441
60 2 2 461
60 3 0 375
60 3 1 453
60 3 2 397
60 4 0 372
60 4 1 416
60 4 2 451
60 5 0 418
60 5 1 443
60 5 2 454
60 6 0 413
60 6 1 451
60 6 2 449
60 7 0 458
60 7 1 418
60 7 2 433
60 8 0 458
60 8 1 441
60 8 2 454
60 9 0 414
60 9 1 435
60 9 2 414
80 0 0 823
80 0 1 806
80 0 2 770
80 1 0 795
80 1 1 802
80 1 2 781
80 2 0 789
80 2 1 805
80 2 2 625
80 3 0 767
80 3 1 764
80 3 2 800
80 4 0 753
80 4 1 798
80 4 2 590
80 5 0 797
80 5 1 751
80 5 2 805
80 6 0 781
80 6 1 776
80 6 2 760
80 7 0 768
80 7 1 734
80 7 2 808
80 8 0 785
80 8 1 775
80 8 2 780
80 9 0 779
80 9 1 793
80 9 2 780
100 0 0 1237
100 0 1 1214
100 0 2 1260
100 1 0 1239
100 1 1 1196
100 1 2 1249
100 2 0 1248
100 2 1 1236
100 2 2 1231
100 3 0 1227
100 3 1 1018
100 3 2 1130
100 4 0 1226
100 4 1 1219
100 4 2 1202
100 5 0 1204
100 5 1 1253
100 5 2 1228
100 6 0 1208
100 6 1 1211
100 6 2 1211
100 7 0 1204
100 7 1 1236
100 7 2 1226
100 8 0 1210
100 8 1 1170
100 8 2 1205
100 9 0 1229
100 9 1 1251
100 9 2 1205
60 0 3 449
60 0 4 444
60 0 5 418
60 0 6 451
60 0 7 442
60 0 8 452
60 0 9 444
60 0 10 442
60 1 3 457
60 1 4 438
60 1 5 366
60 1 6 445
60 1 7 427
60 1 8 475
60 1 9 421
60 1 10 445
60 2 3 433
60 2 4 425
60 2 5 431
60 2 6 449
60 2 7 453
60 2 8 450
60 2 9 437
60 2 10 413
60 3 3 439
60 3 4 440
60 3 5 451
60 3 6 445
60 3 7 433
60 3 8 417
60 3 9 396
60 3 10 449
60 4 3 388
60 4 4 421
60 4 5 426
60 4 6 419
60 4 7 462
60 4 8 409
60 4 9 444
60 4 10 424
60 5 3 441
60 5 4 425
60 5 5 449
60 5 6 452
60 5 7 443
60 5 8 450
60 5 9 454
60 5 10 434
60 6 3 443
60 6 4 403
60 6 5 398
60 6 6 406
60 6 7 418
60 6 8 417
60 6 9 446
60 6 10 396
60 7 3 411
60 7 4 442
60 7 5 366
60 7 6 386
60 7 7 448
60 7 8 426
60 7 9 437
60 7 10 446
60 8 3 445
60 8 4 392
60 8 5 433
60 8 6 365
60 8 7 422
60 8 8 440
60 8 9 440
60 8 10 443
60 9 3 429
60 9 4 445
60 9 5 463
60 9 6 447
60 9 7 420
60 9 8 432
60 9 9 442
60 9 10 461
80 0 3 796
80 0 4 783
80 0 5 783
80 0 6 788
80 0 7 766
80 0 8 777
80 0 9 791
80 0 10 775
80 1 3 745
80 1 4 788
80 1 5 700
80 1 6 790
80 1 7 787
80 1 8 768
80 1 9 743
80 1 10 781
80 2 3 746
80 2 4 760
80 2 5 776
80 2 6 783
80 2 7 804
80 2 8 766
80 2 9 766
80 2 10 796
80 3 3 794
80 3 4 795
80 3 5 749
80 3 6 740
80 3 7 726
80 3 8 785
80 3 9 787
80 3 10 771
80 4 3 776
80 4 4 732
80 4 5 818
80 4 6 783
80 4 7 644
80 4 8 788
80 4 9 796
80 4 10 739
80 5 3 786
80 5 4 771
80 5 5 753
80 5 6 789
80 5 7 768
80 5 8 714
80 5 9 701
80 5 10 744
80 6 3 814
80 6 4 778
80 6 5 774
80 6 6 807
80 6 7 792
80 6 8 773
80 6 9 794
80 6 10 757
80 7 3 802
80 7 4 786
80 7 5 800
80 7 6 772
80 7 7 786
80 7 8 745
80 7 9 783
80 7 10 772
80 8 3 787
80 8 4 785
80 8 5 774
80 8 6 791
80 8 7 796
80 8 8 767
80 8 9 790
80 8 10 717
80 9 3 767
80 9 4 800
80 9 5 797
80 9 6 775
80 9 7 778
80 9 8 746
80 9 9 728
80 9 10 797
100 0 3 1154
100 0 4 1222
100 0 5 1241
100 0 6 1202
100 0 7 1245
100 0 8 1242
100 0 9 1273
100 0 10 1253
100 1 3 1258
100 1 4 1238
100 1 5 1252
100 1 6 1182
100 1 7 1226
100 1 8 1262
100 1 9 1106
100 1 10 1252
100 2 3 1199
100 2 4 1262
100 2 5 1243
100 2 6 1245
100 2 7 1259
100 2 8 1134
100 2 9 1231
100 2 10 1198
100 3 3 1230
100 3 4 1251
100 3 5 1181
100 3 6 1217
100 3 7 1143
100 3 8 1240
100 3 9 1115
100 3 10 1210
100 4 3 1221
100 4 4 1214
100 4 5 1236
100 4 6 1247
100 4 7 1179
100 4 8 1120
100 4 9 1225
100 4 10 1164
100 5 3 1243
100 5 4 1252
100 5 5 1070
100 5 6 1235
100 5 7 1218
100 5 8 1116
100 5 9 1262
100 5 10 1239
100 6 3 1163
100 6 4 1101
100 6 5 1268
100 6 6 1188
100 6 7 1236
100 6 8 1271
100 6 9 1174
100 6 10 1238
100 7 3 1147
100 7 4 1171
100 7 5 1210
100 7 6 1226
100 7 7 1259
100 7 8 1258
100 7 9 1246
100 7 10 1219
100 8 3 1155
100 8 4 1264
100 8 5 1238
100 8 6 1226
100 8 7 1237
100 8 8 1212
100 8 9 1191
100 8 10 1196
100 9 3 1192
100 9 4 1238
100 9 5 1168
100 9 6 1246
100 9 7 1261
100 9 8 1236
100 9 9 1170
100 9 10 1162
