60 0 0 426
60 0 1 417
60 0 2 448
60 1 0 441
60 1 1 435
60 1 2 441
60 2 0 423
60 2 1 432
60 2 2 436
60 3 0 402
60 3 1 408
60 3 2 436
60 4 0 440
60 4 1 417
60 4 2 441
60 5 0 402
60 5 1 411
60 5 2 403
60 6 0 440
60 6 1 450
60 6 2 442
60 7 0 448
60 7 1 411
60 7 2 435
60 8 0 453
60 8 1 449
60 8 2 449
60 9 0 460
60 9 1 445
60 9 2 431
80 0 0 764
80 0 1 772
80 0 2 778
80 1 0 787
80 1 1 774
80 1 2 804
80 2 0 763
80 2 1 791
80 2 2 783
80 3 0 820
80 3 1 800
80 3 2 770
80 4 0 806
80 4 1 729
80 4 2 774
80 5 0 803
80 5 1 791
80 5 2 783
80 6 0 800
80 6 1 780
80 6 2 801
80 7 0 802
80 7 1 769
80 7 2 794
80 8 0 731
80 8 1 714
80 8 2 802
80 9 0 790
80 9 1 769
80 9 2 779
100 0 0 1231
100 0 1 1231
100 0 2 1210
100 1 0 1234
100 1 1 1231
100 1 2 1229
100 2 0 1243
100 2 1 1236
100 2 2 1217
100 3 0 1212
100 3 1 1123
100 3 2 1251
100 4 0 1256
100 4 1 1271
100 4 2 1149
100 5 0 1239
100 5 1 1238
100 5 2 1249
100 6 0 1226
100 6 1 1201
100 6 2 1207
100 7 0 1265
100 7 1 1208
100 7 2 1176
100 8 0 1239
100 8 1 1155
100 8 2 1229
100 9 0 1226
100 9 1 1249
100 9 2 1254
60 0 3 436
60 0 4 389
60 0 5 420
60 0 6 454
60 0 7 445
60 0 8 453
60 0 9 369
60 0 10 453
60 1 3 435
60 1 4 439
60 1 5 318
60 1 6 444
60 1 7 436
60 1 8 435
60 1 9 361
60 1 10 436
60 2 3 416
60 2 4 426
60 2 5 423
60 2 6 418
60 2 7 445
60 2 8 390
60 2 9 427
60 2 10 437
60 3 3 412
60 3 4 435
60 3 5 424
60 3 6 444
60 3 7 448
60 3 8 435
60 3 9 430
60 3 10 438
60 4 3 438
60 4 4 456
60 4 5 427
60 4 6 438
60 4 7 467
60 4 8 433
60 4 9 456
60 4 10 400
60 5 3 412
60 5 4 447
60 5 5 454
60 5 6 411
60 5 7 445
60 5 8 463
60 5 9 441
60 5 10 404
60 6 3 449
60 6 4 421
60 6 5 445
60 6 6 441
60 6 7 438
60 6 8 436
60 6 9 416
60 6 10 415
60 7 3 411
60 7 4 457
60 7 5 453
60 7 6 454
60 7 7 424
60 7 8 414
60 7 9 449
60 7 10 440
60 8 3 446
60 8 4 438
60 8 5 442
60 8 6 436
60 8 7 441
60 8 8 437
60 8 9 439
60 8 10 410
60 9 3 437
60 9 4 456
60 9 5 438
60 9 6 439
60 9 7 448
60 9 8 435
60 9 9 447
60 9 10 434
80 0 3 798
80 0 4 792
80 0 5 796
80 0 6 789
80 0 7 763
80 0 8 793
80 0 9 702
80 0 10 810
80 1 3 787
80 1 4 793
80 1 5 749
80 1 6 829
80 1 7 781
80 1 8 785
80 1 9 774
80 1 10 805
80 2 3 766
80 2 4 784
80 2 5 754
80 2 6 821
80 2 7 797
80 2 8 792
80 2 9 745
80 2 10 754
80 3 3 818
80 3 4 766
80 3 5 785
80 3 6 822
80 3 7 779
80 3 8 800
80 3 9 791
80 3 10 767
80 4 3 769
80 4 4 773
80 4 5 820
80 4 6 772
80 4 7 731
80 4 8 791
80 4 9 788
80 4 10 811
80 5 3 755
80 5 4 797
80 5 5 788
80 5 6 764
80 5 7 777
80 5 8 804
80 5 9 804
80 5 10 751
80 6 3 758
80 6 4 787
80 6 5 798
80 6 6 790
80 6 7 788
80 6 8 788
80 6 9 760
80 6 10 766
80 7 3 803
80 7 4 750
80 7 5 763
80 7 6 720
80 7 7 771
80 7 8 803
80 7 9 750
80 7 10 778
80 8 3 802
80 8 4 790
80 8 5 778
80 8 6 740
80 8 7 735
80 8 8 743
80 8 9 774
80 8 10 792
80 9 3 767
80 9 4 789
80 9 5 793
80 9 6 733
80 9 7 785
80 9 8 792
80 9 9 778
80 9 10 776
100 0 3 1254
100 0 4 1239
100 0 5 1221
100 0 6 1219
100 0 7 1261
100 0 8 1276
100 0 9 1268
100 0 10 1235
100 1 3 1202
100 1 4 1225
100 1 5 1237
100 1 6 1261
100 1 7 1249
100 1 8 1268
100 1 9 1229
100 1 10 1184
100 2 3 1220
100 2 4 1247
100 2 5 1182
100 2 6 1170
100 2 7 1191
100 2 8 1216
100 2 9 1229
100 2 10 1211
100 3 3 1236
100 3 4 1094
100 3 5 1249
100 3 6 1245
100 3 7 1169
100 3 8 1228
100 3 9 1217
100 3 10 1245
100 4 3 1242
100 4 4 1227
100 4 5 1207
100 4 6 1168
100 4 7 1176
100 4 8 1240
100 4 9 1233
100 4 10 1227
100 5 3 1157
100 5 4 1248
100 5 5 1196
100 5 6 1240
100 5 7 1204
100 5 8 1242
100 5 9 1259
100 5 10 1227
100 6 3 1245
100 6 4 1227
100 6 5 1225
100 6 6 1204
100 6 7 1240
100 6 8 1222
100 6 9 1055
100 6 10 1213
100 7 3 1197
100 7 4 1267
100 7 5 1222
100 7 6 1227
100 7 7 1214
100 7 8 1266
100 7 9 1231
100 7 10 1239
100 8 3 1225
100 8 4 1181
100 8 5 1217
100 8 6 1217
100 8 7 1253
100 8 8 1238
100 8 9 1207
100 8 10 1234
100 9 3 1225
100 9 4 1157
100 9 5 1239
100 9 6 1231
100 9 7 1280
100 9 8 1212
100 9 9 1243
100 9 10 1273
