60 0 0 59
60 0 1 149
60 0 2 355
60 0 3 277
60 0 4 436
60 0 5 121
60 0 6 451
60 0 7 352
60 0 8 206
60 0 9 440
60 1 0 149
60 1 1 374
60 1 2 324
60 1 3 218
60 1 4 89
60 1 5 434
60 1 6 355
60 1 7 181
60 1 8 430
60 1 9 417
60 2 0 314
60 2 1 352
60 2 2 388
60 2 3 436
60 2 4 388
60 2 5 330
60 2 6 375
60 2 7 385
60 2 8 411
60 2 9 287
60 3 0 167
60 3 1 422
60 3 2 207
60 3 3 388
60 3 4 229
60 3 5 420
60 3 6 446
60 3 7 139
60 3 8 438
60 3 9 167
60 4 0 245
60 4 1 354
60 4 2 264
60 4 3 353
60 4 4 219
60 4 5 326
60 4 6 448
60 4 7 441
60 4 8 301
60 4 9 358
60 5 0 183
60 5 1 183
60 5 2 397
60 5 3 442
60 5 4 396
60 5 5 114
60 5 6 183
60 5 7 114
60 5 8 118
60 5 9 183
60 6 0 292
60 6 1 427
60 6 2 262
60 6 3 112
60 6 4 398
60 6 5 398
60 6 6 367
60 6 7 342
60 6 8 398
60 6 9 398
60 7 0 87
60 7 1 257
60 7 2 429
60 7 3 414
60 7 4 427
60 7 5 324
60 7 6 347
60 7 7 426
60 7 8 402
60 7 9 324
60 8 0 324
60 8 1 387
60 8 2 117
60 8 3 422
60 8 4 117
60 8 5 89
60 8 6 341
60 8 7 117
60 8 8 408
60 8 9 406
60 9 0 312
60 9 1 410
60 9 2 413
60 9 3 397
60 9 4 435
60 9 5 410
60 9 6 413
60 9 7 333
60 9 8 407
60 9 9 422
80 0 0 468
80 0 1 386
80 0 2 468
80 0 3 664
80 0 4 705
80 0 5 565
80 0 6 386
80 0 7 627
80 0 8 335
80 0 9 468
80 1 0 432
80 1 1 786
80 1 2 776
80 1 3 327
80 1 4 614
80 1 5 456
80 1 6 151
80 1 7 458
80 1 8 731
80 1 9 766
80 2 0 736
80 2 1 152
80 2 2 437
80 2 3 540
80 2 4 411
80 2 5 662
80 2 6 572
80 2 7 260
80 2 8 152
80 2 9 466
80 3 0 157
80 3 1 766
80 3 2 408
80 3 3 320
80 3 4 446
80 3 5 430
80 3 6 282
80 3 7 706
80 3 8 743
80 3 9 250
80 4 0 748
80 4 1 622
80 4 2 679
80 4 3 706
80 4 4 778
80 4 5 734
80 4 6 789
80 4 7 666
80 4 8 655
80 4 9 230
80 5 0 550
80 5 1 181
80 5 2 468
80 5 3 316
80 5 4 532
80 5 5 766
80 5 6 500
80 5 7 599
80 5 8 147
80 5 9 473
80 6 0 506
80 6 1 644
80 6 2 234
80 6 3 507
80 6 4 506
80 6 5 472
80 6 6 366
80 6 7 730
80 6 8 441
80 6 9 204
80 7 0 761
80 7 1 776
80 7 2 473
80 7 3 194
80 7 4 604
80 7 5 249
80 7 6 155
80 7 7 549
80 7 8 763
80 7 9 549
80 8 0 355
80 8 1 459
80 8 2 721
80 8 3 629
80 8 4 732
80 8 5 601
80 8 6 690
80 8 7 284
80 8 8 693
80 8 9 526
80 9 0 289
80 9 1 362
80 9 2 761
80 9 3 720
80 9 4 499
80 9 5 682
80 9 6 354
80 9 7 310
80 9 8 342
80 9 9 255
100 0 0 632
100 0 1 1220
100 0 2 239
100 0 3 841
100 0 4 605
100 0 5 1012
100 0 6 317
100 0 7 408
100 0 8 955
100 0 9 603
100 1 0 760
100 1 1 1178
100 1 2 788
100 1 3 972
100 1 4 1223
100 1 5 186
100 1 6 724
100 1 7 580
100 1 8 514
100 1 9 235
100 2 0 722
100 2 1 646
100 2 2 808
100 2 3 646
100 2 4 1219
100 2 5 892
100 2 6 747
100 2 7 892
100 2 8 955
100 2 9 722
100 3 0 612
100 3 1 1213
100 3 2 785
100 3 3 709
100 3 4 876
100 3 5 876
100 3 6 960
100 3 7 1132
100 3 8 960
100 3 9 1073
100 4 0 646
100 4 1 577
100 4 2 1094
100 4 3 679
100 4 4 715
100 4 5 720
100 4 6 756
100 4 7 682
100 4 8 756
100 4 9 543
100 5 0 684
100 5 1 1244
100 5 2 684
100 5 3 684
100 5 4 889
100 5 5 899
100 5 6 705
100 5 7 789
100 5 8 684
100 5 9 873
100 6 0 1070
100 6 1 505
100 6 2 462
100 6 3 420
100 6 4 579
100 6 5 379
100 6 6 627
100 6 7 329
100 6 8 706
100 6 9 462
100 7 0 582
100 7 1 543
100 7 2 644
100 7 3 769
100 7 4 502
100 7 5 705
100 7 6 462
100 7 7 802
100 7 8 613
100 7 9 1198
100 8 0 509
100 8 1 392
100 8 2 1230
100 8 3 436
100 8 4 810
100 8 5 392
100 8 6 467
100 8 7 392
100 8 8 724
100 8 9 496
100 9 0 773
100 9 1 1213
100 9 2 887
100 9 3 241
100 9 4 497
100 9 5 926
100 9 6 1234
100 9 7 195
100 9 8 562
100 9 9 1246
