60 0 0 410
60 0 1 438
60 0 2 443
60 1 0 456
60 1 1 445
60 1 2 445
60 2 0 397
60 2 1 444
60 2 2 407
60 3 0 454
60 3 1 430
60 3 2 424
60 4 0 445
60 4 1 467
60 4 2 412
60 5 0 445
60 5 1 412
60 5 2 437
60 6 0 444
60 6 1 408
60 6 2 422
60 7 0 411
60 7 1 412
60 7 2 425
60 8 0 446
60 8 1 410
60 8 2 414
60 9 0 451
60 9 1 434
60 9 2 447
80 0 0 808
80 0 1 772
80 0 2 796
80 1 0 758
80 1 1 775
80 1 2 748
80 2 0 767
80 2 1 807
80 2 2 772
80 3 0 780
80 3 1 779
80 3 2 784
80 4 0 789
80 4 1 792
80 4 2 795
80 5 0 780
80 5 1 774
80 5 2 791
80 6 0 764
80 6 1 801
80 6 2 782
80 7 0 730
80 7 1 787
80 7 2 693
80 8 0 729
80 8 1 793
80 8 2 777
80 9 0 783
80 9 1 798
80 9 2 781
100 0 0 1204
100 0 1 1224
100 0 2 1238
100 1 0 1217
100 1 1 1209
100 1 2 1074
100 2 0 1240
100 2 1 1247
100 2 2 1203
100 3 0 1181
100 3 1 1232
100 3 2 1226
100 4 0 1224
100 4 1 1221
100 4 2 1221
100 5 0 1206
100 5 1 1224
100 5 2 1232
100 6 0 1209
100 6 1 1240
100 6 2 1212
100 7 0 1223
100 7 1 1251
100 7 2 1107
100 8 0 1223
100 8 1 1211
100 8 2 1240
100 9 0 1224
100 9 1 1222
100 9 2 1223
60 0 3 418
60 0 4 409
60 0 5 442
60 0 6 423
60 0 7 432
60 0 8 403
60 0 9 446
60 0 10 464
60 1 3 418
60 1 4 447
60 1 5 442
60 1 6 440
60 1 7 425
60 1 8 436
60 1 9 444
60 1 10 446
60 2 3 437
60 2 4 448
60 2 5 445
60 2 6 424
60 2 7 444
60 2 8 360
60 2 9 424
60 2 10 444
60 3 3 411
60 3 4 431
60 3 5 456
60 3 6 430
60 3 7 440
60 3 8 448
60 3 9 415
60 3 10 441
60 4 3 429
60 4 4 449
60 4 5 367
60 4 6 461
60 4 7 434
60 4 8 432
60 4 9 451
60 4 10 444
60 5 3 445
60 5 4 424
60 5 5 401
60 5 6 447
60 5 7 446
60 5 8 440
60 5 9 443
60 5 10 429
60 6 3 455
60 6 4 418
60 6 5 435
60 6 6 451
60 6 7 441
60 6 8 428
60 6 9 455
60 6 10 419
60 7 3 454
60 7 4 444
60 7 5 441
60 7 6 444
60 7 7 422
60 7 8 467
60 7 9 405
60 7 10 362
60 8 3 371
60 8 4 435
60 8 5 438
60 8 6 461
60 8 7 432
60 8 8 420
60 8 9 389
60 8 10 448
60 9 3 429
60 9 4 421
60 9 5 439
60 9 6 437
60 9 7 447
60 9 8 407
60 9 9 447
60 9 10 390
80 0 3 800
80 0 4 813
80 0 5 765
80 0 6 787
80 0 7 805
80 0 8 796
80 0 9 785
80 0 10 791
80 1 3 767
80 1 4 799
80 1 5 752
80 1 6 747
80 1 7 780
80 1 8 770
80 1 9 786
80 1 10 783
80 2 3 815
80 2 4 787
80 2 5 796
80 2 6 782
80 2 7 766
80 2 8 777
80 2 9 748
80 2 10 815
80 3 3 795
80 3 4 741
80 3 5 800
80 3 6 781
80 3 7 801
80 3 8 796
80 3 9 759
80 3 10 739
80 4 3 792
80 4 4 788
80 4 5 734
80 4 6 801
80 4 7 782
80 4 8 795
80 4 9 717
80 4 10 790
80 5 3 789
80 5 4 790
80 5 5 811
80 5 6 772
80 5 7 796
80 5 8 751
80 5 9 801
80 5 10 779
80 6 3 774
80 6 4 785
80 6 5 817
80 6 6 775
80 6 7 805
80 6 8 793
80 6 9 730
80 6 10 798
80 7 3 787
80 7 4 773
80 7 5 735
80 7 6 766
80 7 7 762
80 7 8 778
80 7 9 784
80 7 10 781
80 8 3 822
80 8 4 793
80 8 5 660
80 8 6 778
80 8 7 739
80 8 8 795
80 8 9 830
80 8 10 782
80 9 3 704
80 9 4 787
80 9 5 775
80 9 6 790
80 9 7 773
80 9 8 762
80 9 9 718
80 9 10 798
100 0 3 1213
100 0 4 1194
100 0 5 1199
100 0 6 1196
100 0 7 1226
100 0 8 1193
100 0 9 1192
100 0 10 1216
100 1 3 1245
100 1 4 1268
100 1 5 1181
100 1 6 1266
100 1 7 1130
100 1 8 1262
100 1 9 1235
100 1 10 1200
100 2 3 1232
100 2 4 1215
100 2 5 1152
100 2 6 1239
100 2 7 1212
100 2 8 1226
100 2 9 1217
100 2 10 1238
100 3 3 1238
100 3 4 1250
100 3 5 1282
100 3 6 1186
100 3 7 1244
100 3 8 1200
100 3 9 1230
100 3 10 1195
100 4 3 1174
100 4 4 1262
100 4 5 1225
100 4 6 1216
100 4 7 1188
100 4 8 1268
100 4 9 1231
100 4 10 1242
100 5 3 1266
100 5 4 1238
100 5 5 1230
100 5 6 1245
100 5 7 1214
100 5 8 1244
100 5 9 1198
100 5 10 1260
100 6 3 1253
100 6 4 1260
100 6 5 1254
100 6 6 1166
100 6 7 1233
100 6 8 1168
100 6 9 1223
100 6 10 1158
100 7 3 1243
100 7 4 1267
100 7 5 1228
100 7 6 1223
100 7 7 1223
100 7 8 1276
100 7 9 1054
100 7 10 1204
100 8 3 1238
100 8 4 1229
100 8 5 1237
100 8 6 1222
100 8 7 1238
100 8 8 1234
100 8 9 1214
100 8 10 1270
100 9 3 1140
100 9 4 1240
100 9 5 1265
100 9 6 1240
100 9 7 1208
100 9 8 1181
100 9 9 1184
100 9 10 1246
