60 0 0 405
60 0 1 451
60 0 2 435
60 1 0 422
60 1 1 434
60 1 2 453
60 2 0 451
60 2 1 376
60 2 2 445
60 3 0 454
60 3 1 445
60 3 2 417
60 4 0 370
60 4 1 447
60 4 2 419
60 5 0 398
60 5 1 427
60 5 2 434
60 6 0 456
60 6 1 431
60 6 2 400
60 7 0 428
60 7 1 452
60 7 2 454
60 8 0 415
60 8 1 428
60 8 2 440
60 9 0 428
60 9 1 431
60 9 2 434
80 0 0 806
80 0 1 779
80 0 2 776
80 1 0 784
80 1 1 814
80 1 2 809
80 2 0 744
80 2 1 741
80 2 2 793
80 3 0 778
80 3 1 781
80 3 2 744
80 4 0 791
80 4 1 754
80 4 2 802
80 5 0 791
80 5 1 783
80 5 2 762
80 6 0 780
80 6 1 734
80 6 2 779
80 7 0 786
80 7 1 777
80 7 2 769
80 8 0 792
80 8 1 801
80 8 2 812
80 9 0 804
80 9 1 786
80 9 2 782
100 0 0 1231
100 0 1 1246
100 0 2 1221
100 1 0 1238
100 1 1 1255
100 1 2 1231
100 2 0 1257
100 2 1 1249
100 2 2 1225
100 3 0 1187
100 3 1 1262
100 3 2 1259
100 4 0 1241
100 4 1 1232
100 4 2 1230
100 5 0 1207
100 5 1 1248
100 5 2 1169
100 6 0 1236
100 6 1 1144
100 6 2 1240
100 7 0 1277
100 7 1 1261
100 7 2 1224
100 8 0 1209
100 8 1 1222
100 8 2 1228
100 9 0 1235
100 9 1 1251
100 9 2 1232
60 0 3 447
60 0 4 438
60 0 5 450
60 0 6 448
60 0 7 454
60 0 8 454
60 0 9 448
60 0 10 426
60 1 3 439
60 1 4 422
60 1 5 461
60 1 6 456
60 1 7 449
60 1 8 449
60 1 9 429
60 1 10 412
60 2 3 411
60 2 4 410
60 2 5 466
60 2 6 435
60 2 7 375
60 2 8 439
60 2 9 410
60 2 10 452
60 3 3 445
60 3 4 428
60 3 5 444
60 3 6 434
60 3 7 432
60 3 8 467
60 3 9 454
60 3 10 434
60 4 3 439
60 4 4 377
60 4 5 432
60 4 6 400
60 4 7 428
60 4 8 441
60 4 9 379
60 4 10 395
60 5 3 431
60 5 4 414
60 5 5 448
60 5 6 452
60 5 7 459
60 5 8 430
60 5 9 423
60 5 10 451
60 6 3 443
60 6 4 446
60 6 5 445
60 6 6 452
60 6 7 409
60 6 8 438
60 6 9 448
60 6 10 348
60 7 3 387
60 7 4 385
60 7 5 420
60 7 6 456
60 7 7 441
60 7 8 459
60 7 9 436
60 7 10 419
60 8 3 445
60 8 4 443
60 8 5 432
60 8 6 405
60 8 7 442
60 8 8 465
60 8 9 446
60 8 10 453
60 9 3 441
60 9 4 432
60 9 5 423
60 9 6 402
60 9 7 428
60 9 8 442
60 9 9 425
60 9 10 422
80 0 3 796
80 0 4 782
80 0 5 751
80 0 6 792
80 0 7 790
80 0 8 755
80 0 9 804
80 0 10 802
80 1 3 767
80 1 4 802
80 1 5 777
80 1 6 692
80 1 7 793
80 1 8 765
80 1 9 790
80 1 10 763
80 2 3 801
80 2 4 785
80 2 5 772
80 2 6 777
80 2 7 773
80 2 8 798
80 2 9 764
80 2 10 774
80 3 3 774
80 3 4 776
80 3 5 780
80 3 6 752
80 3 7 804
80 3 8 812
80 3 9 759
80 3 10 775
80 4 3 775
80 4 4 773
80 4 5 773
80 4 6 810
80 4 7 794
80 4 8 788
80 4 9 787
80 4 10 781
80 5 3 787
80 5 4 793
80 5 5 782
80 5 6 777
80 5 7 796
80 5 8 807
80 5 9 814
80 5 10 797
80 6 3 771
80 6 4 770
80 6 5 796
80 6 6 773
80 6 7 624
80 6 8 770
80 6 9 777
80 6 10 776
80 7 3 776
80 7 4 812
80 7 5 792
80 7 6 806
80 7 7 766
80 7 8 758
80 7 9 782
80 7 10 796
80 8 3 782
80 8 4 791
80 8 5 782
80 8 6 766
80 8 7 769
80 8 8 806
80 8 9 789
80 8 10 795
80 9 3 817
80 9 4 824
80 9 5 799
80 9 6 804
80 9 7 785
80 9 8 783
80 9 9 775
80 9 10 760
100 0 3 1244
100 0 4 1118
100 0 5 1222
100 0 6 1212
100 0 7 1203
100 0 8 1263
100 0 9 1233
100 0 10 1206
100 1 3 1247
100 1 4 1231
100 1 5 1211
100 1 6 1217
100 1 7 1133
100 1 8 1214
100 1 9 1225
100 1 10 1208
100 2 3 1259
100 2 4 1175
100 2 5 1211
100 2 6 1185
100 2 7 1206
100 2 8 1001
100 2 9 1251
100 2 10 1206
100 3 3 1210
100 3 4 1228
100 3 5 1081
100 3 6 1217
100 3 7 1166
100 3 8 1238
100 3 9 1235
100 3 10 1236
100 4 3 1239
100 4 4 1248
100 4 5 1248
100 4 6 1235
100 4 7 1222
100 4 8 1236
100 4 9 1162
100 4 10 1227
100 5 3 1146
100 5 4 1260
100 5 5 1204
100 5 6 1157
100 5 7 1225
100 5 8 1220
100 5 9 1268
100 5 10 1215
100 6 3 1222
100 6 4 1192
100 6 5 1221
100 6 6 1155
100 6 7 1258
100 6 8 1235
100 6 9 1252
100 6 10 985
100 7 3 1244
100 7 4 1236
100 7 5 1220
100 7 6 1195
100 7 7 1237
100 7 8 1269
100 7 9 1130
100 7 10 1212
100 8 3 1239
100 8 4 1212
100 8 5 1239
100 8 6 1212
100 8 7 1222
100 8 8 1184
100 8 9 1128
100 8 10 1254
100 9 3 1202
100 9 4 1242
100 9 5 1281
100 9 6 1242
100 9 7 1195
100 9 8 1168
100 9 9 1225
100 9 10 1236
