60 0 0 425
60 0 1 437
60 0 2 432
60 1 0 405
60 1 1 415
60 1 2 380
60 2 0 443
60 2 1 401
60 2 2 432
60 3 0 448
60 3 1 419
60 3 2 420
60 4 0 436
60 4 1 457
60 4 2 437
60 5 0 448
60 5 1 432
60 5 2 445
60 6 0 444
60 6 1 444
60 6 2 453
60 7 0 438
60 7 1 396
60 7 2 387
60 8 0 427
60 8 1 439
60 8 2 453
60 9 0 461
60 9 1 449
60 9 2 438
80 0 0 818
80 0 1 794
80 0 2 783
80 1 0 792
80 1 1 784
80 1 2 790
80 2 0 799
80 2 1 784
80 2 2 786
80 3 0 726
80 3 1 814
80 3 2 789
80 4 0 760
80 4 1 786
80 4 2 793
80 5 0 801
80 5 1 783
80 5 2 672
80 6 0 805
80 6 1 799
80 6 2 817
80 7 0 760
80 7 1 792
80 7 2 796
80 8 0 699
80 8 1 776
80 8 2 801
80 9 0 795
80 9 1 768
80 9 2 767
100 0 0 1251
100 0 1 1253
100 0 2 1210
100 1 0 1196
100 1 1 1223
100 1 2 1228
100 2 0 1228
100 2 1 1137
100 2 2 1239
100 3 0 1224
100 3 1 1242
100 3 2 1119
100 4 0 1238
100 4 1 1247
100 4 2 1224
100 5 0 1153
100 5 1 1190
100 5 2 1181
100 6 0 1243
100 6 1 1268
100 6 2 1259
100 7 0 1263
100 7 1 1256
100 7 2 1146
100 8 0 1223
100 8 1 1137
100 8 2 1263
100 9 0 1225
100 9 1 1226
100 9 2 1194
60 0 3 440
60 0 4 416
60 0 5 413
60 0 6 458
60 0 7 377
60 0 8 363
60 0 9 435
60 0 10 415
60 1 3 369
60 1 4 433
60 1 5 426
60 1 6 444
60 1 7 459
60 1 8 416
60 1 9 452
60 1 10 442
60 2 3 450
60 2 4 342
60 2 5 445
60 2 6 452
60 2 7 416
60 2 8 397
60 2 9 438
60 2 10 407
60 3 3 360
60 3 4 461
60 3 5 440
60 3 6 419
60 3 7 436
60 3 8 415
60 3 9 406
60 3 10 430
60 4 3 436
60 4 4 427
60 4 5 421
60 4 6 431
60 4 7 437
60 4 8 414
60 4 9 450
60 4 10 450
60 5 3 453
60 5 4 434
60 5 5 448
60 5 6 446
60 5 7 439
60 5 8 445
60 5 9 445
60 5 10 450
60 6 3 441
60 6 4 444
60 6 5 438
60 6 6 441
60 6 7 457
60 6 8 407
60 6 9 433
60 6 10 430
60 7 3 408
60 7 4 451
60 7 5 439
60 7 6 440
60 7 7 414
60 7 8 412
60 7 9 443
60 7 10 457
60 8 3 447
60 8 4 448
60 8 5 448
60 8 6 381
60 8 7 457
60 8 8 390
60 8 9 454
60 8 10 434
60 9 3 407
60 9 4 443
60 9 5 432
60 9 6 449
60 9 7 462
60 9 8 453
60 9 9 453
60 9 10 425
80 0 3 747
80 0 4 797
80 0 5 795
80 0 6 817
80 0 7 784
80 0 8 771
80 0 9 779
80 0 10 790
80 1 3 777
80 1 4 782
80 1 5 687
80 1 6 724
80 1 7 716
80 1 8 818
80 1 9 785
80 1 10 784
80 2 3 771
80 2 4 807
80 2 5 796
80 2 6 802
80 2 7 802
80 2 8 736
80 2 9 773
80 2 10 805
80 3 3 788
80 3 4 773
80 3 5 780
80 3 6 772
80 3 7 740
80 3 8 759
80 3 9 770
80 3 10 803
80 4 3 811
80 4 4 770
80 4 5 733
80 4 6 791
80 4 7 724
80 4 8 796
80 4 9 699
80 4 10 798
80 5 3 801
80 5 4 764
80 5 5 804
80 5 6 746
80 5 7 789
80 5 8 800
80 5 9 778
80 5 10 735
80 6 3 742
80 6 4 735
80 6 5 736
80 6 6 784
80 6 7 758
80 6 8 770
80 6 9 772
80 6 10 792
80 7 3 798
80 7 4 796
80 7 5 769
80 7 6 773
80 7 7 759
80 7 8 753
80 7 9 777
80 7 10 813
80 8 3 764
80 8 4 689
80 8 5 783
80 8 6 758
80 8 7 749
80 8 8 812
80 8 9 731
80 8 10 775
80 9 3 739
80 9 4 794
80 9 5 791
80 9 6 798
80 9 7 791
80 9 8 794
80 9 9 781
80 9 10 810
100 0 3 1146
100 0 4 1242
100 0 5 1236
100 0 6 1213
100 0 7 1222
100 0 8 1280
100 0 9 1230
100 0 10 1220
100 1 3 1236
100 1 4 1120
100 1 5 1227
100 1 6 1220
100 1 7 1236
100 1 8 1224
100 1 9 1247
100 1 10 1236
100 2 3 1211
100 2 4 1222
100 2 5 1234
100 2 6 1201
100 2 7 1223
100 2 8 1216
100 2 9 1183
100 2 10 1257
100 3 3 1241
100 3 4 1199
100 3 5 1230
100 3 6 1253
100 3 7 1184
100 3 8 1151
100 3 9 1222
100 3 10 1169
100 4 3 1267
100 4 4 1207
100 4 5 1220
100 4 6 1254
100 4 7 1229
100 4 8 1283
100 4 9 1244
100 4 10 1245
100 5 3 1258
100 5 4 1133
100 5 5 1248
100 5 6 1185
100 5 7 1242
100 5 8 1213
100 5 9 1248
100 5 10 1190
100 6 3 1242
100 6 4 1214
100 6 5 1230
100 6 6 1225
100 6 7 1210
100 6 8 1010
100 6 9 1148
100 6 10 1184
100 7 3 1242
100 7 4 1231
100 7 5 1163
100 7 6 1194
100 7 7 1257
100 7 8 1191
100 7 9 1221
100 7 10 1184
100 8 3 1273
100 8 4 1218
100 8 5 1256
100 8 6 1163
100 8 7 1235
100 8 8 1142
100 8 9 1229
100 8 10 1246
100 9 3 1235
100 9 4 1238
100 9 5 1037
100 9 6 1225
100 9 7 1244
100 9 8 1222
100 9 9 1247
100 9 10 1214
