60 0 0 146
60 0 1 90
60 0 2 65
60 0 3 65
60 0 4 60
60 0 5 60
60 0 6 60
60 0 7 94
60 0 8 31
60 0 9 60
60 1 0 91
60 1 1 94
60 1 2 64
60 1 3 256
60 1 4 89
60 1 5 89
60 1 6 119
60 1 7 135
60 1 8 89
60 1 9 89
60 2 0 118
60 2 1 30
60 2 2 88
60 2 3 30
60 2 4 88
60 2 5 30
60 2 6 88
60 2 7 30
60 2 8 30
60 2 9 30
60 3 0 88
60 3 1 80
60 3 2 58
60 3 3 138
60 3 4 106
60 3 5 54
60 3 6 379
60 3 7 88
60 3 8 58
60 3 9 112
60 4 0 88
60 4 1 34
60 4 2 88
60 4 3 34
60 4 4 88
60 4 5 284
60 4 6 34
60 4 7 34
60 4 8 88
60 4 9 34
60 5 0 375
60 5 1 89
60 5 2 91
60 5 3 91
60 5 4 163
60 5 5 58
60 5 6 63
60 5 7 58
60 5 8 86
60 5 9 63
60 6 0 62
60 6 1 262
60 6 2 62
60 6 3 242
60 6 4 27
60 6 5 27
60 6 6 62
60 6 7 27
60 6 8 27
60 6 9 27
60 7 0 397
60 7 1 88
60 7 2 369
60 7 3 35
60 7 4 35
60 7 5 88
60 7 6 35
60 7 7 35
60 7 8 35
60 7 9 35
60 8 0 67
60 8 1 217
60 8 2 59
60 8 3 56
60 8 4 59
60 8 5 59
60 8 6 56
60 8 7 59
60 8 8 379
60 8 9 35
60 9 0 59
60 9 1 34
60 9 2 59
60 9 3 91
60 9 4 34
60 9 5 62
60 9 6 34
60 9 7 34
60 9 8 59
60 9 9 439
80 0 0 38
80 0 1 180
80 0 2 79
80 0 3 79
80 0 4 38
80 0 5 180
80 0 6 38
80 0 7 38
80 0 8 180
80 0 9 79
80 1 0 183
80 1 1 104
80 1 2 138
80 1 3 36
80 1 4 217
80 1 5 70
80 1 6 218
80 1 7 183
80 1 8 104
80 1 9 138
80 2 0 123
80 2 1 81
80 2 2 123
80 2 3 120
80 2 4 165
80 2 5 81
80 2 6 130
80 2 7 85
80 2 8 81
80 2 9 148
80 3 0 83
80 3 1 656
80 3 2 124
80 3 3 157
80 3 4 83
80 3 5 88
80 3 6 121
80 3 7 83
80 3 8 339
80 3 9 791
80 4 0 79
80 4 1 215
80 4 2 162
80 4 3 81
80 4 4 129
80 4 5 114
80 4 6 190
80 4 7 110
80 4 8 152
80 4 9 124
80 5 0 217
80 5 1 535
80 5 2 81
80 5 3 148
80 5 4 112
80 5 5 119
80 5 6 106
80 5 7 138
80 5 8 81
80 5 9 119
80 6 0 639
80 6 1 195
80 6 2 160
80 6 3 85
80 6 4 126
80 6 5 85
80 6 6 553
80 6 7 81
80 6 8 126
80 6 9 85
80 7 0 76
80 7 1 122
80 7 2 122
80 7 3 76
80 7 4 218
80 7 5 39
80 7 6 76
80 7 7 76
80 7 8 156
80 7 9 120
80 8 0 173
80 8 1 80
80 8 2 80
80 8 3 80
80 8 4 526
80 8 5 40
80 8 6 80
80 8 7 80
80 8 8 40
80 8 9 40
80 9 0 64
80 9 1 68
80 9 2 140
80 9 3 548
80 9 4 106
80 9 5 514
80 9 6 102
80 9 7 140
80 9 8 64
80 9 9 102
100 0 0 89
100 0 1 180
100 0 2 1109
100 0 3 89
100 0 4 137
100 0 5 44
100 0 6 1178
100 0 7 875
100 0 8 137
100 0 9 232
100 1 0 196
100 1 1 1138
100 1 2 144
100 1 3 237
100 1 4 144
100 1 5 187
100 1 6 280
100 1 7 395
100 1 8 184
100 1 9 196
100 2 0 152
100 2 1 152
100 2 2 152
100 2 3 152
100 2 4 55
100 2 5 152
100 2 6 55
100 2 7 152
100 2 8 152
100 2 9 152
100 3 0 193
100 3 1 193
100 3 2 193
100 3 3 136
100 3 4 141
100 3 5 93
100 3 6 186
100 3 7 141
100 3 8 236
100 3 9 193
100 4 0 241
100 4 1 196
100 4 2 143
100 4 3 196
100 4 4 98
100 4 5 193
100 4 6 241
100 4 7 241
100 4 8 241
100 4 9 275
100 5 0 113
100 5 1 116
100 5 2 113
100 5 3 64
100 5 4 165
100 5 5 169
100 5 6 165
100 5 7 169
100 5 8 246
100 5 9 221
100 6 0 54
100 6 1 100
100 6 2 54
100 6 3 100
100 6 4 100
100 6 5 100
100 6 6 100
100 6 7 181
100 6 8 100
100 6 9 54
100 7 0 98
100 7 1 50
100 7 2 204
100 7 3 154
100 7 4 204
100 7 5 154
100 7 6 200
100 7 7 204
100 7 8 106
100 7 9 204
100 8 0 98
100 8 1 157
100 8 2 211
100 8 3 98
100 8 4 152
100 8 5 157
100 8 6 211
100 8 7 98
100 8 8 104
100 8 9 152
100 9 0 190
100 9 1 202
100 9 2 190
100 9 3 202
100 9 4 1238
100 9 5 202
100 9 6 221
100 9 7 248
100 9 8 202
100 9 9 151
