60 0 0 457
60 0 1 405
60 0 2 417
60 1 0 437
60 1 1 454
60 1 2 421
60 2 0 441
60 2 1 442
60 2 2 422
60 3 0 443
60 3 1 441
60 3 2 432
60 4 0 423
60 4 1 430
60 4 2 421
60 5 0 428
60 5 1 441
60 5 2 398
60 6 0 441
60 6 1 471
60 6 2 451
60 7 0 441
60 7 1 438
60 7 2 430
60 8 0 402
60 8 1 448
60 8 2 440
60 9 0 432
60 9 1 415
60 9 2 409
80 0 0 791
80 0 1 831
80 0 2 713
80 1 0 796
80 1 1 796
80 1 2 777
80 2 0 791
80 2 1 760
80 2 2 743
80 3 0 747
80 3 1 802
80 3 2 807
80 4 0 802
80 4 1 766
80 4 2 804
80 5 0 779
80 5 1 788
80 5 2 797
80 6 0 802
80 6 1 775
80 6 2 728
80 7 0 800
80 7 1 690
80 7 2 786
80 8 0 773
80 8 1 777
80 8 2 793
80 9 0 771
80 9 1 792
80 9 2 790
100 0 0 1242
100 0 1 1247
100 0 2 1250
100 1 0 1250
100 1 1 1233
100 1 2 1250
100 2 0 1237
100 2 1 1169
100 2 2 1275
100 3 0 1245
100 3 1 1247
100 3 2 1218
100 4 0 1252
100 4 1 1208
100 4 2 1238
100 5 0 1230
100 5 1 1287
100 5 2 1224
100 6 0 1246
100 6 1 1211
100 6 2 1174
100 7 0 1249
100 7 1 1227
100 7 2 1057
100 8 0 1256
100 8 1 1233
100 8 2 1215
100 9 0 1163
100 9 1 1214
100 9 2 1208
60 0 3 415
60 0 4 418
60 0 5 344
60 0 6 409
60 0 7 433
60 0 8 422
60 0 9 427
60 0 10 416
60 1 3 386
60 1 4 460
60 1 5 414
60 1 6 442
60 1 7 392
60 1 8 439
60 1 9 461
60 1 10 444
60 2 3 437
60 2 4 455
60 2 5 424
60 2 6 447
60 2 7 423
60 2 8 427
60 2 9 457
60 2 10 427
60 3 3 436
60 3 4 439
60 3 5 445
60 3 6 457
60 3 7 443
60 3 8 385
60 3 9 445
60 3 10 420
60 4 3 422
60 4 4 357
60 4 5 456
60 4 6 413
60 4 7 453
60 4 8 392
60 4 9 442
60 4 10 434
60 5 3 422
60 5 4 426
60 5 5 442
60 5 6 437
60 5 7 439
60 5 8 441
60 5 9 430
60 5 10 421
60 6 3 442
60 6 4 446
60 6 5 432
60 6 6 435
60 6 7 474
60 6 8 442
60 6 9 432
60 6 10 419
60 7 3 466
60 7 4 384
60 7 5 463
60 7 6 428
60 7 7 444
60 7 8 411
60 7 9 440
60 7 10 450
60 8 3 448
60 8 4 445
60 8 5 431
60 8 6 381
60 8 7 446
60 8 8 446
60 8 9 471
60 8 10 447
60 9 3 449
60 9 4 446
60 9 5 430
60 9 6 465
60 9 7 451
60 9 8 442
60 9 9 450
60 9 10 464
80 0 3 804
80 0 4 774
80 0 5 790
80 0 6 795
80 0 7 734
80 0 8 798
80 0 9 726
80 0 10 808
80 1 3 771
80 1 4 789
80 1 5 767
80 1 6 789
80 1 7 778
80 1 8 804
80 1 9 755
80 1 10 765
80 2 3 800
80 2 4 783
80 2 5 771
80 2 6 801
80 2 7 721
80 2 8 741
80 2 9 777
80 2 10 780
80 3 3 786
80 3 4 803
80 3 5 803
80 3 6 766
80 3 7 800
80 3 8 804
80 3 9 776
80 3 10 807
80 4 3 759
80 4 4 786
80 4 5 792
80 4 6 795
80 4 7 788
80 4 8 789
80 4 9 785
80 4 10 822
80 5 3 743
80 5 4 802
80 5 5 796
80 5 6 804
80 5 7 802
80 5 8 785
80 5 9 791
80 5 10 821
80 6 3 792
80 6 4 779
80 6 5 807
80 6 6 804
80 6 7 760
80 6 8 795
80 6 9 804
80 6 10 790
80 7 3 791
80 7 4 811
80 7 5 793
80 7 6 704
80 7 7 808
80 7 8 776
80 7 9 713
80 7 10 763
80 8 3 783
80 8 4 785
80 8 5 802
80 8 6 771
80 8 7 808
80 8 8 762
80 8 9 767
80 8 10 779
80 9 3 717
80 9 4 810
80 9 5 795
80 9 6 805
80 9 7 801
80 9 8 820
80 9 9 793
80 9 10 818
100 0 3 1263
100 0 4 1215
100 0 5 1270
100 0 6 1178
100 0 7 1245
100 0 8 1234
100 0 9 1203
100 0 10 1176
100 1 3 1239
100 1 4 1227
100 1 5 1258
100 1 6 1191
100 1 7 1250
100 1 8 1219
100 1 9 1221
100 1 10 1261
100 2 3 1245
100 2 4 1136
100 2 5 1162
100 2 6 1127
100 2 7 1235
100 2 8 1260
100 2 9 1209
100 2 10 1235
100 3 3 1216
100 3 4 1204
100 3 5 1220
100 3 6 1240
100 3 7 1230
100 3 8 1229
100 3 9 1244
100 3 10 1236
100 4 3 1243
100 4 4 1253
100 4 5 1240
100 4 6 1231
100 4 7 1153
100 4 8 1225
100 4 9 1191
100 4 10 1253
100 5 3 1235
100 5 4 1225
100 5 5 1236
100 5 6 1226
100 5 7 1242
100 5 8 1185
100 5 9 1216
100 5 10 1162
100 6 3 1226
100 6 4 1236
100 6 5 1212
100 6 6 1240
100 6 7 1237
100 6 8 1245
100 6 9 1232
100 6 10 1233
100 7 3 1190
100 7 4 1250
100 7 5 1226
100 7 6 1182
100 7 7 1176
100 7 8 1211
100 7 9 1192
100 7 10 1226
100 8 3 1240
100 8 4 1219
100 8 5 1203
100 8 6 1230
100 8 7 1203
100 8 8 1248
100 8 9 1272
100 8 10 1108
100 9 3 1264
100 9 4 1237
100 9 5 1221
100 9 6 1202
100 9 7 1211
100 9 8 1149
100 9 9 1234
100 9 10 1186
