60 0 0 407
60 0 1 452
60 0 2 455
60 1 0 456
60 1 1 453
60 1 2 436
60 2 0 435
60 2 1 469
60 2 2 403
60 3 0 454
60 3 1 412
60 3 2 439
60 4 0 435
60 4 1 428
60 4 2 442
60 5 0 418
60 5 1 435
60 5 2 423
60 6 0 435
60 6 1 419
60 6 2 449
60 7 0 427
60 7 1 433
60 7 2 442
60 8 0 420
60 8 1 415
60 8 2 442
60 9 0 422
60 9 1 364
60 9 2 409
80 0 0 781
80 0 1 764
80 0 2 663
80 1 0 763
80 1 1 774
80 1 2 787
80 2 0 804
80 2 1 809
80 2 2 771
80 3 0 771
80 3 1 790
80 3 2 805
80 4 0 731
80 4 1 788
80 4 2 790
80 5 0 769
80 5 1 812
80 5 2 773
80 6 0 826
80 6 1 794
80 6 2 800
80 7 0 813
80 7 1 800
80 7 2 751
80 8 0 783
80 8 1 773
80 8 2 795
80 9 0 808
80 9 1 807
80 9 2 784
100 0 0 1256
100 0 1 1240
100 0 2 1253
100 1 0 1246
100 1 1 1182
100 1 2 1227
100 2 0 1135
100 2 1 1216
100 2 2 1241
100 3 0 1131
100 3 1 1191
100 3 2 1207
100 4 0 1181
100 4 1 1226
100 4 2 1274
100 5 0 1263
100 5 1 1255
100 5 2 1244
100 6 0 1233
100 6 1 1241
100 6 2 1244
100 7 0 1231
100 7 1 1199
100 7 2 1206
100 8 0 1235
100 8 1 1260
100 8 2 1168
100 9 0 1225
100 9 1 1232
100 9 2 1229
60 0 3 465
60 0 4 447
60 0 5 445
60 0 6 465
60 0 7 441
60 0 8 421
60 0 9 437
60 0 10 427
60 1 3 458
60 1 4 394
60 1 5 448
60 1 6 445
60 1 7 443
60 1 8 402
60 1 9 447
60 1 10 451
60 2 3 437
60 2 4 416
60 2 5 441
60 2 6 441
60 2 7 473
60 2 8 433
60 2 9 444
60 2 10 455
60 3 3 455
60 3 4 431
60 3 5 450
60 3 6 434
60 3 7 401
60 3 8 440
60 3 9 447
60 3 10 448
60 4 3 433
60 4 4 413
60 4 5 456
60 4 6 436
60 4 7 446
60 4 8 434
60 4 9 438
60 4 10 418
60 5 3 432
60 5 4 439
60 5 5 346
60 5 6 447
60 5 7 440
60 5 8 426
60 5 9 361
60 5 10 451
60 6 3 397
60 6 4 440
60 6 5 443
60 6 6 458
60 6 7 420
60 6 8 458
60 6 9 444
60 6 10 450
60 7 3 435
60 7 4 450
60 7 5 447
60 7 6 456
60 7 7 415
60 7 8 443
60 7 9 459
60 7 10 439
60 8 3 398
60 8 4 433
60 8 5 453
60 8 6 394
60 8 7 450
60 8 8 421
60 8 9 445
60 8 10 449
60 9 3 426
60 9 4 424
60 9 5 447
60 9 6 432
60 9 7 464
60 9 8 386
60 9 9 451
60 9 10 439
80 0 3 743
80 0 4 743
80 0 5 707
80 0 6 780
80 0 7 781
80 0 8 764
80 0 9 802
80 0 10 797
80 1 3 760
80 1 4 778
80 1 5 763
80 1 6 759
80 1 7 781
80 1 8 788
80 1 9 793
80 1 10 799
80 2 3 778
80 2 4 785
80 2 5 794
80 2 6 790
80 2 7 807
80 2 8 791
80 2 9 715
80 2 10 807
80 3 3 756
80 3 4 783
80 3 5 792
80 3 6 779
80 3 7 827
80 3 8 730
80 3 9 797
80 3 10 792
80 4 3 824
80 4 4 798
80 4 5 806
80 4 6 777
80 4 7 800
80 4 8 757
80 4 9 779
80 4 10 821
80 5 3 749
80 5 4 774
80 5 5 696
80 5 6 781
80 5 7 764
80 5 8 721
80 5 9 758
80 5 10 769
80 6 3 755
80 6 4 792
80 6 5 807
80 6 6 789
80 6 7 787
80 6 8 806
80 6 9 804
80 6 10 787
80 7 3 789
80 7 4 767
80 7 5 746
80 7 6 769
80 7 7 776
80 7 8 779
80 7 9 791
80 7 10 811
80 8 3 764
80 8 4 803
80 8 5 800
80 8 6 713
80 8 7 705
80 8 8 779
80 8 9 784
80 8 10 799
80 9 3 757
80 9 4 819
80 9 5 798
80 9 6 802
80 9 7 785
80 9 8 785
80 9 9 769
80 9 10 768
100 0 3 1236
100 0 4 1205
100 0 5 1216
100 0 6 1216
100 0 7 1248
100 0 8 1241
100 0 9 1192
100 0 10 1219
100 1 3 1244
100 1 4 1243
100 1 5 1219
100 1 6 1205
100 1 7 1261
100 1 8 1232
100 1 9 1268
100 1 10 1246
100 2 3 1248
100 2 4 1120
100 2 5 1147
100 2 6 1259
100 2 7 1256
100 2 8 1222
100 2 9 1202
100 2 10 1204
100 3 3 1253
100 3 4 1201
100 3 5 1259
100 3 6 1196
100 3 7 1215
100 3 8 1237
100 3 9 1233
100 3 10 1201
100 4 3 1207
100 4 4 1254
100 4 5 1250
100 4 6 1180
100 4 7 1249
100 4 8 1271
100 4 9 1188
100 4 10 1234
100 5 3 1230
100 5 4 1143
100 5 5 1162
100 5 6 1255
100 5 7 1247
100 5 8 1214
100 5 9 1246
100 5 10 1220
100 6 3 1218
100 6 4 1237
100 6 5 1180
100 6 6 1245
100 6 7 1182
100 6 8 1249
100 6 9 1271
100 6 10 1204
100 7 3 1247
100 7 4 1221
100 7 5 1230
100 7 6 1210
100 7 7 1241
100 7 8 1238
100 7 9 1128
100 7 10 1245
100 8 3 1222
100 8 4 1203
100 8 5 1166
100 8 6 1243
100 8 7 1229
100 8 8 1209
100 8 9 1248
100 8 10 1219
100 9 3 1214
100 9 4 1234
100 9 5 1155
100 9 6 1253
100 9 7 1238
100 9 8 1240
100 9 9 1237
100 9 10 1170
