60 0 0 95
60 0 1 90
60 0 2 97
60 0 3 97
60 0 4 162
60 0 5 162
60 0 6 162
60 0 7 162
60 0 8 95
60 0 9 162
60 1 0 91
60 1 1 121
60 1 2 121
60 1 3 397
60 1 4 397
60 1 5 397
60 1 6 397
60 1 7 96
60 1 8 397
60 1 9 94
60 2 0 30
60 2 1 30
60 2 2 30
60 2 3 30
60 2 4 30
60 2 5 30
60 2 6 30
60 2 7 30
60 2 8 30
60 2 9 30
60 3 0 88
60 3 1 118
60 3 2 262
60 3 3 262
60 3 4 144
60 3 5 440
60 3 6 144
60 3 7 62
60 3 8 262
60 3 9 88
60 4 0 34
60 4 1 34
60 4 2 34
60 4 3 34
60 4 4 34
60 4 5 34
60 4 6 34
60 4 7 34
60 4 8 34
60 4 9 34
60 5 0 83
60 5 1 83
60 5 2 83
60 5 3 91
60 5 4 403
60 5 5 440
60 5 6 89
60 5 7 440
60 5 8 86
60 5 9 91
60 6 0 27
60 6 1 27
60 6 2 27
60 6 3 27
60 6 4 27
60 6 5 27
60 6 6 27
60 6 7 27
60 6 8 27
60 6 9 27
60 7 0 35
60 7 1 35
60 7 2 35
60 7 3 35
60 7 4 35
60 7 5 35
60 7 6 35
60 7 7 35
60 7 8 35
60 7 9 35
60 8 0 67
60 8 1 56
60 8 2 59
60 8 3 56
60 8 4 59
60 8 5 59
60 8 6 67
60 8 7 59
60 8 8 67
60 8 9 67
60 9 0 59
60 9 1 432
60 9 2 59
60 9 3 59
60 9 4 62
60 9 5 432
60 9 6 432
60 9 7 432
60 9 8 62
60 9 9 432
80 0 0 138
80 0 1 138
80 0 2 138
80 0 3 138
80 0 4 138
80 0 5 138
80 0 6 138
80 0 7 138
80 0 8 138
80 0 9 138
80 1 0 36
80 1 1 36
80 1 2 70
80 1 3 36
80 1 4 70
80 1 5 70
80 1 6 70
80 1 7 36
80 1 8 36
80 1 9 70
80 2 0 192
80 2 1 789
80 2 2 750
80 2 3 789
80 2 4 126
80 2 5 789
80 2 6 686
80 2 7 192
80 2 8 789
80 2 9 686
80 3 0 83
80 3 1 653
80 3 2 83
80 3 3 83
80 3 4 83
80 3 5 279
80 3 6 279
80 3 7 83
80 3 8 279
80 3 9 279
80 4 0 786
80 4 1 155
80 4 2 124
80 4 3 155
80 4 4 112
80 4 5 177
80 4 6 120
80 4 7 112
80 4 8 786
80 4 9 124
80 5 0 81
80 5 1 81
80 5 2 81
80 5 3 730
80 5 4 703
80 5 5 81
80 5 6 730
80 5 7 703
80 5 8 81
80 5 9 81
80 6 0 81
80 6 1 81
80 6 2 774
80 6 3 774
80 6 4 81
80 6 5 774
80 6 6 774
80 6 7 81
80 6 8 81
80 6 9 774
80 7 0 76
80 7 1 122
80 7 2 120
80 7 3 76
80 7 4 122
80 7 5 575
80 7 6 76
80 7 7 76
80 7 8 81
80 7 9 122
80 8 0 40
80 8 1 40
80 8 2 40
80 8 3 40
80 8 4 40
80 8 5 40
80 8 6 40
80 8 7 40
80 8 8 40
80 8 9 40
80 9 0 498
80 9 1 684
80 9 2 549
80 9 3 498
80 9 4 138
80 9 5 684
80 9 6 549
80 9 7 739
80 9 8 495
80 9 9 549
100 0 0 813
100 0 1 135
100 0 2 135
100 0 3 813
100 0 4 813
100 0 5 813
100 0 6 813
100 0 7 813
100 0 8 92
100 0 9 92
100 1 0 154
100 1 1 1018
100 1 2 102
100 1 3 568
100 1 4 102
100 1 5 568
100 1 6 102
100 1 7 102
100 1 8 568
100 1 9 154
100 2 0 55
100 2 1 55
100 2 2 55
100 2 3 55
100 2 4 55
100 2 5 55
100 2 6 55
100 2 7 55
100 2 8 55
100 2 9 55
100 3 0 699
100 3 1 699
100 3 2 699
100 3 3 86
100 3 4 699
100 3 5 699
100 3 6 86
100 3 7 699
100 3 8 86
100 3 9 699
100 4 0 143
100 4 1 98
100 4 2 143
100 4 3 98
100 4 4 98
100 4 5 95
100 4 6 143
100 4 7 143
100 4 8 143
100 4 9 95
100 5 0 1261
100 5 1 318
100 5 2 1261
100 5 3 1261
100 5 4 318
100 5 5 120
100 5 6 318
100 5 7 120
100 5 8 1261
100 5 9 172
100 6 0 54
100 6 1 54
100 6 2 54
100 6 3 54
100 6 4 54
100 6 5 54
100 6 6 54
100 6 7 54
100 6 8 54
100 6 9 54
100 7 0 711
100 7 1 711
100 7 2 156
100 7 3 1013
100 7 4 156
100 7 5 1013
100 7 6 1013
100 7 7 156
100 7 8 1013
100 7 9 156
100 8 0 553
100 8 1 553
100 8 2 104
100 8 3 553
100 8 4 104
100 8 5 553
100 8 6 104
100 8 7 553
100 8 8 104
100 8 9 104
100 9 0 139
100 9 1 156
100 9 2 181
100 9 3 156
100 9 4 142
100 9 5 156
100 9 6 142
100 9 7 156
100 9 8 156
100 9 9 571
