60 0 0 419
60 0 1 456
60 0 2 438
60 1 0 384
60 1 1 438
60 1 2 440
60 2 0 443
60 2 1 436
60 2 2 422
60 3 0 458
60 3 1 414
60 3 2 440
60 4 0 441
60 4 1 442
60 4 2 444
60 5 0 444
60 5 1 432
60 5 2 436
60 6 0 443
60 6 1 441
60 6 2 456
60 7 0 436
60 7 1 452
60 7 2 414
60 8 0 447
60 8 1 449
60 8 2 456
60 9 0 434
60 9 1 444
60 9 2 440
80 0 0 787
80 0 1 720
80 0 2 768
80 1 0 691
80 1 1 758
80 1 2 784
80 2 0 796
80 2 1 810
80 2 2 753
80 3 0 766
80 3 1 774
80 3 2 778
80 4 0 817
80 4 1 792
80 4 2 779
80 5 0 755
80 5 1 798
80 5 2 746
80 6 0 791
80 6 1 795
80 6 2 804
80 7 0 788
80 7 1 753
80 7 2 797
80 8 0 765
80 8 1 798
80 8 2 790
80 9 0 794
80 9 1 762
80 9 2 783
100 0 0 1233
100 0 1 1237
100 0 2 1249
100 1 0 1214
100 1 1 1236
100 1 2 1219
100 2 0 1281
100 2 1 1232
100 2 2 1190
100 3 0 1257
100 3 1 1242
100 3 2 1263
100 4 0 1201
100 4 1 1150
100 4 2 1239
100 5 0 1271
100 5 1 1226
100 5 2 1218
100 6 0 1267
100 6 1 1243
100 6 2 1245
100 7 0 1254
100 7 1 1233
100 7 2 1207
100 8 0 1238
100 8 1 1234
100 8 2 1214
100 9 0 1125
100 9 1 1223
100 9 2 1257
60 0 3 389
60 0 4 442
60 0 5 446
60 0 6 431
60 0 7 394
60 0 8 435
60 0 9 459
60 0 10 410
60 1 3 424
60 1 4 432
60 1 5 430
60 1 6 454
60 1 7 437
60 1 8 436
60 1 9 412
60 1 10 427
60 2 3 439
60 2 4 407
60 2 5 441
60 2 6 429
60 2 7 419
60 2 8 432
60 2 9 431
60 2 10 380
60 3 3 438
60 3 4 425
60 3 5 440
60 3 6 412
60 3 7 425
60 3 8 393
60 3 9 431
60 3 10 436
60 4 3 436
60 4 4 449
60 4 5 460
60 4 6 454
60 4 7 426
60 4 8 453
60 4 9 423
60 4 10 435
60 5 3 385
60 5 4 428
60 5 5 443
60 5 6 446
60 5 7 447
60 5 8 450
60 5 9 445
60 5 10 463
60 6 3 431
60 6 4 437
60 6 5 428
60 6 6 437
60 6 7 443
60 6 8 441
60 6 9 432
60 6 10 425
60 7 3 418
60 7 4 424
60 7 5 439
60 7 6 452
60 7 7 450
60 7 8 419
60 7 9 426
60 7 10 396
60 8 3 438
60 8 4 431
60 8 5 450
60 8 6 447
60 8 7 438
60 8 8 451
60 8 9 419
60 8 10 453
60 9 3 450
60 9 4 436
60 9 5 451
60 9 6 444
60 9 7 454
60 9 8 415
60 9 9 450
60 9 10 442
80 0 3 810
80 0 4 786
80 0 5 744
80 0 6 807
80 0 7 801
80 0 8 774
80 0 9 796
80 0 10 785
80 1 3 813
80 1 4 770
80 1 5 792
80 1 6 788
80 1 7 761
80 1 8 790
80 1 9 799
80 1 10 787
80 2 3 733
80 2 4 763
80 2 5 796
80 2 6 775
80 2 7 805
80 2 8 799
80 2 9 799
80 2 10 779
80 3 3 768
80 3 4 783
80 3 5 779
80 3 6 789
80 3 7 800
80 3 8 799
80 3 9 774
80 3 10 770
80 4 3 781
80 4 4 796
80 4 5 771
80 4 6 739
80 4 7 793
80 4 8 774
80 4 9 698
80 4 10 724
80 5 3 784
80 5 4 765
80 5 5 796
80 5 6 757
80 5 7 780
80 5 8 755
80 5 9 765
80 5 10 800
80 6 3 794
80 6 4 822
80 6 5 793
80 6 6 810
80 6 7 812
80 6 8 794
80 6 9 793
80 6 10 769
80 7 3 783
80 7 4 809
80 7 5 706
80 7 6 808
80 7 7 749
80 7 8 776
80 7 9 802
80 7 10 800
80 8 3 796
80 8 4 724
80 8 5 822
80 8 6 736
80 8 7 822
80 8 8 776
80 8 9 768
80 8 10 777
80 9 3 773
80 9 4 777
80 9 5 808
80 9 6 787
80 9 7 781
80 9 8 766
80 9 9 796
80 9 10 807
100 0 3 1172
100 0 4 1200
100 0 5 1250
100 0 6 1214
100 0 7 1263
100 0 8 1241
100 0 9 1253
100 0 10 1212
100 1 3 1199
100 1 4 1234
100 1 5 1231
100 1 6 1240
100 1 7 1302
100 1 8 1212
100 1 9 1159
100 1 10 1238
100 2 3 1201
100 2 4 1256
100 2 5 1235
100 2 6 1277
100 2 7 1251
100 2 8 1247
100 2 9 1266
100 2 10 1254
100 3 3 1246
100 3 4 1209
100 3 5 1246
100 3 6 1184
100 3 7 1209
100 3 8 1260
100 3 9 1201
100 3 10 1224
100 4 3 1255
100 4 4 1254
100 4 5 1270
100 4 6 1165
100 4 7 1241
100 4 8 1231
100 4 9 1239
100 4 10 1241
100 5 3 1226
100 5 4 1244
100 5 5 1224
100 5 6 1241
100 5 7 1256
100 5 8 1264
100 5 9 1229
100 5 10 1274
100 6 3 1248
100 6 4 1200
100 6 5 1254
100 6 6 1132
100 6 7 1171
100 6 8 1256
100 6 9 1216
100 6 10 1275
100 7 3 1239
100 7 4 1211
100 7 5 1254
100 7 6 1241
100 7 7 1260
100 7 8 1209
100 7 9 1230
100 7 10 1200
100 8 3 1230
100 8 4 1223
100 8 5 1270
100 8 6 1224
100 8 7 1249
100 8 8 1220
100 8 9 1249
100 8 10 1208
100 9 3 1240
100 9 4 1196
100 9 5 1230
100 9 6 1187
100 9 7 1251
100 9 8 1243
100 9 9 1178
100 9 10 1216
