60 0 0 429
60 0 1 456
60 0 2 462
60 1 0 441
60 1 1 450
60 1 2 436
60 2 0 360
60 2 1 445
60 2 2 433
60 3 0 418
60 3 1 439
60 3 2 411
60 4 0 462
60 4 1 435
60 4 2 433
60 5 0 436
60 5 1 369
60 5 2 427
60 6 0 447
60 6 1 456
60 6 2 441
60 7 0 438
60 7 1 421
60 7 2 435
60 8 0 406
60 8 1 450
60 8 2 427
60 9 0 450
60 9 1 441
60 9 2 435
80 0 0 777
80 0 1 812
80 0 2 780
80 1 0 774
80 1 1 755
80 1 2 815
80 2 0 781
80 2 1 781
80 2 2 780
80 3 0 705
80 3 1 732
80 3 2 783
80 4 0 800
80 4 1 786
80 4 2 813
80 5 0 790
80 5 1 761
80 5 2 738
80 6 0 778
80 6 1 771
80 6 2 768
80 7 0 799
80 7 1 791
80 7 2 720
80 8 0 774
80 8 1 782
80 8 2 785
80 9 0 773
80 9 1 790
80 9 2 785
100 0 0 1244
100 0 1 1250
100 0 2 1224
100 1 0 1232
100 1 1 1242
100 1 2 1246
100 2 0 1228
100 2 1 1208
100 2 2 1173
100 3 0 1122
100 3 1 1208
100 3 2 1234
100 4 0 1221
100 4 1 1157
100 4 2 1249
100 5 0 1246
100 5 1 1212
100 5 2 1194
100 6 0 1209
100 6 1 1239
100 6 2 1237
100 7 0 1104
100 7 1 1183
100 7 2 1244
100 8 0 1186
100 8 1 1296
100 8 2 1221
100 9 0 1245
100 9 1 1242
100 9 2 1213
60 0 3 426
60 0 4 396
60 0 5 414
60 0 6 437
60 0 7 426
60 0 8 434
60 0 9 446
60 0 10 395
60 1 3 401
60 1 4 423
60 1 5 447
60 1 6 431
60 1 7 459
60 1 8 392
60 1 9 457
60 1 10 439
60 2 3 448
60 2 4 435
60 2 5 432
60 2 6 427
60 2 7 448
60 2 8 441
60 2 9 438
60 2 10 426
60 3 3 413
60 3 4 421
60 3 5 447
60 3 6 429
60 3 7 416
60 3 8 441
60 3 9 325
60 3 10 439
60 4 3 405
60 4 4 440
60 4 5 456
60 4 6 452
60 4 7 437
60 4 8 444
60 4 9 477
60 4 10 426
60 5 3 449
60 5 4 444
60 5 5 421
60 5 6 453
60 5 7 431
60 5 8 411
60 5 9 459
60 5 10 436
60 6 3 436
60 6 4 443
60 6 5 433
60 6 6 426
60 6 7 444
60 6 8 437
60 6 9 445
60 6 10 446
60 7 3 392
60 7 4 438
60 7 5 360
60 7 6 455
60 7 7 439
60 7 8 389
60 7 9 455
60 7 10 451
60 8 3 446
60 8 4 434
60 8 5 442
60 8 6 459
60 8 7 456
60 8 8 460
60 8 9 441
60 8 10 441
60 9 3 409
60 9 4 412
60 9 5 416
60 9 6 443
60 9 7 449
60 9 8 441
60 9 9 442
60 9 10 451
80 0 3 772
80 0 4 775
80 0 5 801
80 0 6 699
80 0 7 726
80 0 8 771
80 0 9 758
80 0 10 788
80 1 3 782
80 1 4 764
80 1 5 803
80 1 6 721
80 1 7 792
80 1 8 802
80 1 9 813
80 1 10 800
80 2 3 761
80 2 4 755
80 2 5 696
80 2 6 798
80 2 7 798
80 2 8 791
80 2 9 800
80 2 10 792
80 3 3 776
80 3 4 770
80 3 5 802
80 3 6 791
80 3 7 794
80 3 8 780
80 3 9 786
80 3 10 783
80 4 3 786
80 4 4 775
80 4 5 774
80 4 6 744
80 4 7 785
80 4 8 816
80 4 9 789
80 4 10 768
80 5 3 765
80 5 4 734
80 5 5 791
80 5 6 796
80 5 7 758
80 5 8 758
80 5 9 781
80 5 10 784
80 6 3 784
80 6 4 790
80 6 5 775
80 6 6 788
80 6 7 733
80 6 8 790
80 6 9 795
80 6 10 777
80 7 3 803
80 7 4 779
80 7 5 790
80 7 6 773
80 7 7 782
80 7 8 815
80 7 9 766
80 7 10 773
80 8 3 762
80 8 4 822
80 8 5 806
80 8 6 784
80 8 7 798
80 8 8 771
80 8 9 776
80 8 10 788
80 9 3 791
80 9 4 792
80 9 5 800
80 9 6 784
80 9 7 791
80 9 8 750
80 9 9 725
80 9 10 764
100 0 3 1202
100 0 4 1230
100 0 5 1224
100 0 6 1253
100 0 7 1266
100 0 8 1215
100 0 9 1201
100 0 10 1224
100 1 3 1237
100 1 4 1255
100 1 5 1248
100 1 6 1202
100 1 7 1237
100 1 8 1245
100 1 9 1190
100 1 10 1252
100 2 3 1212
100 2 4 1187
100 2 5 1228
100 2 6 1153
100 2 7 1155
100 2 8 1271
100 2 9 1262
100 2 10 1245
100 3 3 1084
100 3 4 1198
100 3 5 1260
100 3 6 1211
100 3 7 1243
100 3 8 1248
100 3 9 1179
100 3 10 1210
100 4 3 1250
100 4 4 1208
100 4 5 1218
100 4 6 1197
100 4 7 1212
100 4 8 1238
100 4 9 1134
100 4 10 1203
100 5 3 1209
100 5 4 1281
100 5 5 1152
100 5 6 1179
100 5 7 1230
100 5 8 1211
100 5 9 1256
100 5 10 1256
100 6 3 1232
100 6 4 1252
100 6 5 1227
100 6 6 1257
100 6 7 1220
100 6 8 1192
100 6 9 1235
100 6 10 1267
100 7 3 1221
100 7 4 1240
100 7 5 1230
100 7 6 1133
100 7 7 1260
100 7 8 1223
100 7 9 1219
100 7 10 1234
100 8 3 1174
100 8 4 1201
100 8 5 1154
100 8 6 1216
100 8 7 1211
100 8 8 1202
100 8 9 1192
100 8 10 1221
100 9 3 1088
100 9 4 1261
100 9 5 1056
100 9 6 1186
100 9 7 1203
100 9 8 1259
100 9 9 1167
100 9 10 1247
