60 0 0 442
60 0 1 463
60 0 2 400
60 1 0 432
60 1 1 435
60 1 2 451
60 2 0 448
60 2 1 377
60 2 2 457
60 3 0 434
60 3 1 433
60 3 2 417
60 4 0 441
60 4 1 449
60 4 2 445
60 5 0 445
60 5 1 410
60 5 2 428
60 6 0 442
60 6 1 452
60 6 2 444
60 7 0 442
60 7 1 418
60 7 2 424
60 8 0 428
60 8 1 435
60 8 2 420
60 9 0 434
60 9 1 433
60 9 2 436
80 0 0 806
80 0 1 764
80 0 2 783
80 1 0 784
80 1 1 800
80 1 2 769
80 2 0 759
80 2 1 777
80 2 2 795
80 3 0 832
80 3 1 774
80 3 2 792
80 4 0 786
80 4 1 806
80 4 2 789
80 5 0 794
80 5 1 782
80 5 2 794
80 6 0 779
80 6 1 762
80 6 2 753
80 7 0 791
80 7 1 790
80 7 2 785
80 8 0 799
80 8 1 794
80 8 2 743
80 9 0 793
80 9 1 804
80 9 2 795
100 0 0 1207
100 0 1 1211
100 0 2 1131
100 1 0 1121
100 1 1 1225
100 1 2 1213
100 2 0 1195
100 2 1 1239
100 2 2 1235
100 3 0 1244
100 3 1 1201
100 3 2 1244
100 4 0 1233
100 4 1 1160
100 4 2 1231
100 5 0 1149
100 5 1 1235
100 5 2 1181
100 6 0 1179
100 6 1 1263
100 6 2 1215
100 7 0 1239
100 7 1 1288
100 7 2 1173
100 8 0 1249
100 8 1 1170
100 8 2 1223
100 9 0 1246
100 9 1 1226
100 9 2 1163
60 0 3 443
60 0 4 447
60 0 5 470
60 0 6 451
60 0 7 442
60 0 8 439
60 0 9 416
60 0 10 447
60 1 3 234
60 1 4 435
60 1 5 429
60 1 6 448
60 1 7 444
60 1 8 444
60 1 9 438
60 1 10 446
60 2 3 459
60 2 4 438
60 2 5 437
60 2 6 404
60 2 7 423
60 2 8 390
60 2 9 422
60 2 10 377
60 3 3 452
60 3 4 392
60 3 5 376
60 3 6 420
60 3 7 444
60 3 8 434
60 3 9 454
60 3 10 431
60 4 3 429
60 4 4 425
60 4 5 456
60 4 6 412
60 4 7 395
60 4 8 391
60 4 9 426
60 4 10 424
60 5 3 432
60 5 4 393
60 5 5 432
60 5 6 412
60 5 7 438
60 5 8 428
60 5 9 439
60 5 10 458
60 6 3 334
60 6 4 448
60 6 5 432
60 6 6 440
60 6 7 442
60 6 8 433
60 6 9 446
60 6 10 429
60 7 3 424
60 7 4 427
60 7 5 437
60 7 6 447
60 7 7 422
60 7 8 430
60 7 9 425
60 7 10 439
60 8 3 420
60 8 4 446
60 8 5 463
60 8 6 444
60 8 7 445
60 8 8 383
60 8 9 415
60 8 10 424
60 9 3 373
60 9 4 437
60 9 5 420
60 9 6 428
60 9 7 446
60 9 8 446
60 9 9 418
60 9 10 452
80 0 3 799
80 0 4 806
80 0 5 756
80 0 6 806
80 0 7 766
80 0 8 814
80 0 9 809
80 0 10 788
80 1 3 781
80 1 4 723
80 1 5 741
80 1 6 760
80 1 7 809
80 1 8 789
80 1 9 768
80 1 10 789
80 2 3 764
80 2 4 780
80 2 5 775
80 2 6 803
80 2 7 765
80 2 8 734
80 2 9 767
80 2 10 785
80 3 3 799
80 3 4 798
80 3 5 791
80 3 6 782
80 3 7 803
80 3 8 762
80 3 9 763
80 3 10 807
80 4 3 747
80 4 4 785
80 4 5 699
80 4 6 787
80 4 7 803
80 4 8 790
80 4 9 793
80 4 10 783
80 5 3 796
80 5 4 730
80 5 5 796
80 5 6 774
80 5 7 801
80 5 8 769
80 5 9 778
80 5 10 774
80 6 3 693
80 6 4 772
80 6 5 779
80 6 6 754
80 6 7 765
80 6 8 777
80 6 9 735
80 6 10 799
80 7 3 783
80 7 4 750
80 7 5 812
80 7 6 778
80 7 7 793
80 7 8 795
80 7 9 805
80 7 10 773
80 8 3 744
80 8 4 817
80 8 5 783
80 8 6 780
80 8 7 813
80 8 8 790
80 8 9 763
80 8 10 748
80 9 3 788
80 9 4 815
80 9 5 796
80 9 6 771
80 9 7 784
80 9 8 777
80 9 9 783
80 9 10 805
100 0 3 1205
100 0 4 1220
100 0 5 1245
100 0 6 1249
100 0 7 1256
100 0 8 1199
100 0 9 1225
100 0 10 1207
100 1 3 1230
100 1 4 1225
100 1 5 1221
100 1 6 1206
100 1 7 1258
100 1 8 1269
100 1 9 1228
100 1 10 1257
100 2 3 1240
100 2 4 1226
100 2 5 1257
100 2 6 1236
100 2 7 1264
100 2 8 1209
100 2 9 1220
100 2 10 1174
100 3 3 1239
100 3 4 1184
100 3 5 1214
100 3 6 1269
100 3 7 1163
100 3 8 1257
100 3 9 1210
100 3 10 1196
100 4 3 1194
100 4 4 1220
100 4 5 1161
100 4 6 1253
100 4 7 1175
100 4 8 1182
100 4 9 1259
100 4 10 1230
100 5 3 983
100 5 4 1170
100 5 5 1245
100 5 6 1220
100 5 7 1218
100 5 8 1258
100 5 9 1262
100 5 10 1242
100 6 3 1227
100 6 4 1220
100 6 5 1186
100 6 6 1221
100 6 7 1250
100 6 8 1162
100 6 9 1245
100 6 10 1266
100 7 3 1147
100 7 4 1260
100 7 5 1184
100 7 6 1164
100 7 7 1230
100 7 8 1094
100 7 9 1167
100 7 10 1244
100 8 3 1214
100 8 4 1232
100 8 5 1232
100 8 6 1090
100 8 7 1223
100 8 8 1180
100 8 9 1145
100 8 10 1238
100 9 3 1210
100 9 4 1250
100 9 5 1245
100 9 6 1125
100 9 7 1245
100 9 8 1182
100 9 9 1120
100 9 10 1268
