60 0 0 442
60 0 1 388
60 0 2 452
60 1 0 446
60 1 1 425
60 1 2 365
60 2 0 436
60 2 1 457
60 2 2 423
60 3 0 439
60 3 1 447
60 3 2 442
60 4 0 418
60 4 1 439
60 4 2 432
60 5 0 423
60 5 1 446
60 5 2 454
60 6 0 445
60 6 1 431
60 6 2 461
60 7 0 443
60 7 1 436
60 7 2 356
60 8 0 441
60 8 1 445
60 8 2 457
60 9 0 460
60 9 1 449
60 9 2 422
80 0 0 783
80 0 1 761
80 0 2 756
80 1 0 753
80 1 1 790
80 1 2 771
80 2 0 738
80 2 1 779
80 2 2 773
80 3 0 805
80 3 1 752
80 3 2 771
80 4 0 766
80 4 1 795
80 4 2 793
80 5 0 778
80 5 1 789
80 5 2 819
80 6 0 793
80 6 1 800
80 6 2 769
80 7 0 793
80 7 1 756
80 7 2 746
80 8 0 785
80 8 1 708
80 8 2 771
80 9 0 792
80 9 1 733
80 9 2 795
100 0 0 1156
100 0 1 1248
100 0 2 1229
100 1 0 1242
100 1 1 1252
100 1 2 1194
100 2 0 1238
100 2 1 1199
100 2 2 1231
100 3 0 1231
100 3 1 1271
100 3 2 1248
100 4 0 1246
100 4 1 1253
100 4 2 1238
100 5 0 1215
100 5 1 1211
100 5 2 1245
100 6 0 1202
100 6 1 1231
100 6 2 1277
100 7 0 1239
100 7 1 1206
100 7 2 1207
100 8 0 1215
100 8 1 1229
100 8 2 1232
100 9 0 1223
100 9 1 1226
100 9 2 1248
