60 0 0 436
60 0 1 458
60 0 2 457
60 1 0 444
60 1 1 449
60 1 2 438
60 2 0 441
60 2 1 393
60 2 2 454
60 3 0 395
60 3 1 462
60 3 2 435
60 4 0 455
60 4 1 364
60 4 2 411
60 5 0 446
60 5 1 427
60 5 2 460
60 6 0 432
60 6 1 450
60 6 2 467
60 7 0 448
60 7 1 460
60 7 2 442
60 8 0 407
60 8 1 444
60 8 2 410
60 9 0 441
60 9 1 457
60 9 2 438
80 0 0 757
80 0 1 779
80 0 2 813
80 1 0 797
80 1 1 785
80 1 2 785
80 2 0 825
80 2 1 777
80 2 2 781
80 3 0 783
80 3 1 799
80 3 2 779
80 4 0 781
80 4 1 767
80 4 2 804
80 5 0 779
80 5 1 784
80 5 2 768
80 6 0 770
80 6 1 803
80 6 2 761
80 7 0 784
80 7 1 776
80 7 2 801
80 8 0 793
80 8 1 786
80 8 2 736
80 9 0 802
80 9 1 779
80 9 2 763
100 0 0 1232
100 0 1 1234
100 0 2 1192
100 1 0 1219
100 1 1 1217
100 1 2 1206
100 2 0 1251
100 2 1 1207
100 2 2 1231
100 3 0 1263
100 3 1 1244
100 3 2 1232
100 4 0 1247
100 4 1 1230
100 4 2 1229
100 5 0 1240
100 5 1 1217
100 5 2 1197
100 6 0 1234
100 6 1 1237
100 6 2 1247
100 7 0 1243
100 7 1 1257
100 7 2 1246
100 8 0 1202
100 8 1 1262
100 8 2 1229
100 9 0 1268
100 9 1 1207
100 9 2 1252
60 0 3 434
60 0 4 459
60 0 5 431
60 0 6 417
60 0 7 440
60 0 8 401
60 0 9 432
60 0 10 427
60 1 3 408
60 1 4 423
60 1 5 437
60 1 6 432
60 1 7 457
60 1 8 436
60 1 9 405
60 1 10 431
60 2 3 437
60 2 4 434
60 2 5 421
60 2 6 438
60 2 7 441
60 2 8 438
60 2 9 457
60 2 10 431
60 3 3 425
60 3 4 467
60 3 5 448
60 3 6 416
60 3 7 448
60 3 8 458
60 3 9 441
60 3 10 452
60 4 3 445
60 4 4 448
60 4 5 398
60 4 6 435
60 4 7 446
60 4 8 400
60 4 9 358
60 4 10 436
60 5 3 442
60 5 4 429
60 5 5 450
60 5 6 451
60 5 7 440
60 5 8 441
60 5 9 427
60 5 10 445
60 6 3 441
60 6 4 380
60 6 5 436
60 6 6 453
60 6 7 441
60 6 8 426
60 6 9 440
60 6 10 452
60 7 3 424
60 7 4 440
60 7 5 427
60 7 6 443
60 7 7 439
60 7 8 419
60 7 9 444
60 7 10 422
60 8 3 434
60 8 4 425
60 8 5 432
60 8 6 448
60 8 7 450
60 8 8 437
60 8 9 451
60 8 10 465
60 9 3 437
60 9 4 433
60 9 5 449
60 9 6 440
60 9 7 423
60 9 8 457
60 9 9 426
60 9 10 438
80 0 3 759
80 0 4 792
80 0 5 767
80 0 6 784
80 0 7 812
80 0 8 802
80 0 9 794
80 0 10 730
80 1 3 785
80 1 4 806
80 1 5 797
80 1 6 796
80 1 7 770
80 1 8 726
80 1 9 786
80 1 10 782
80 2 3 785
80 2 4 776
80 2 5 786
80 2 6 779
80 2 7 816
80 2 8 751
80 2 9 810
80 2 10 820
80 3 3 796
80 3 4 774
80 3 5 764
80 3 6 689
80 3 7 785
80 3 8 806
80 3 9 786
80 3 10 666
80 4 3 719
80 4 4 761
80 4 5 791
80 4 6 789
80 4 7 774
80 4 8 772
80 4 9 722
80 4 10 790
80 5 3 717
80 5 4 802
80 5 5 784
80 5 6 819
80 5 7 766
80 5 8 769
80 5 9 782
80 5 10 614
80 6 3 787
80 6 4 741
80 6 5 766
80 6 6 798
80 6 7 793
80 6 8 792
80 6 9 807
80 6 10 793
80 7 3 791
80 7 4 734
80 7 5 758
80 7 6 795
80 7 7 745
80 7 8 785
80 7 9 763
80 7 10 790
80 8 3 766
80 8 4 792
80 8 5 804
80 8 6 693
80 8 7 809
80 8 8 779
80 8 9 769
80 8 10 797
80 9 3 782
80 9 4 813
80 9 5 779
80 9 6 799
80 9 7 770
80 9 8 776
80 9 9 785
80 9 10 781
100 0 3 1158
100 0 4 1243
100 0 5 1186
100 0 6 1204
100 0 7 1247
100 0 8 1235
100 0 9 1252
100 0 10 1245
100 1 3 1221
100 1 4 1182
100 1 5 1232
100 1 6 1232
100 1 7 1216
100 1 8 1236
100 1 9 1162
100 1 10 1242
100 2 3 1238
100 2 4 1211
100 2 5 1238
100 2 6 1229
100 2 7 1255
100 2 8 1233
100 2 9 1255
100 2 10 1207
100 3 3 1279
100 3 4 1218
100 3 5 1213
100 3 6 1222
100 3 7 1255
100 3 8 1231
100 3 9 1184
100 3 10 1224
100 4 3 1254
100 4 4 1216
100 4 5 1228
100 4 6 1235
100 4 7 1244
100 4 8 1204
100 4 9 1238
100 4 10 1239
100 5 3 1230
100 5 4 1227
100 5 5 1205
100 5 6 1238
100 5 7 1232
100 5 8 1243
100 5 9 1221
100 5 10 1224
100 6 3 1240
100 6 4 1240
100 6 5 1242
100 6 6 1219
100 6 7 1193
100 6 8 1255
100 6 9 1206
100 6 10 1227
100 7 3 1264
100 7 4 1126
100 7 5 1221
100 7 6 1265
100 7 7 1212
100 7 8 1255
100 7 9 1232
100 7 10 1236
100 8 3 1227
100 8 4 1208
100 8 5 1220
100 8 6 1260
100 8 7 1265
100 8 8 1256
100 8 9 1199
100 8 10 1243
100 9 3 1224
100 9 4 1238
100 9 5 1232
100 9 6 1241
100 9 7 1229
100 9 8 1128
100 9 9 1218
100 9 10 1252
