60 0 0 439
60 0 1 397
60 0 2 336
60 1 0 427
60 1 1 446
60 1 2 450
60 2 0 417
60 2 1 427
60 2 2 436
60 3 0 485
60 3 1 445
60 3 2 408
60 4 0 408
60 4 1 427
60 4 2 442
60 5 0 450
60 5 1 453
60 5 2 457
60 6 0 446
60 6 1 439
60 6 2 423
60 7 0 438
60 7 1 444
60 7 2 451
60 8 0 455
60 8 1 436
60 8 2 430
60 9 0 421
60 9 1 413
60 9 2 447
80 0 0 791
80 0 1 774
80 0 2 755
80 1 0 731
80 1 1 780
80 1 2 770
80 2 0 769
80 2 1 742
80 2 2 778
80 3 0 792
80 3 1 794
80 3 2 819
80 4 0 775
80 4 1 749
80 4 2 779
80 5 0 778
80 5 1 800
80 5 2 763
80 6 0 774
80 6 1 789
80 6 2 782
80 7 0 805
80 7 1 821
80 7 2 805
80 8 0 779
80 8 1 754
80 8 2 778
80 9 0 790
80 9 1 805
80 9 2 751
100 0 0 1277
100 0 1 1237
100 0 2 1209
100 1 0 1188
100 1 1 1248
100 1 2 1178
100 2 0 1268
100 2 1 1245
100 2 2 1243
100 3 0 1236
100 3 1 1240
100 3 2 1230
100 4 0 1244
100 4 1 1230
100 4 2 1239
100 5 0 1235
100 5 1 1249
100 5 2 1193
100 6 0 1251
100 6 1 1254
100 6 2 1142
100 7 0 1273
100 7 1 1238
100 7 2 1251
100 8 0 1235
100 8 1 1229
100 8 2 1179
100 9 0 1198
100 9 1 1197
100 9 2 1199
