60 0 0 258
60 0 1 396
60 0 2 418
60 1 0 434
60 1 1 446
60 1 2 451
60 2 0 432
60 2 1 445
60 2 2 428
60 3 0 424
60 3 1 416
60 3 2 439
60 4 0 410
60 4 1 428
60 4 2 443
60 5 0 435
60 5 1 430
60 5 2 430
60 6 0 440
60 6 1 372
60 6 2 415
60 7 0 464
60 7 1 413
60 7 2 444
60 8 0 433
60 8 1 439
60 8 2 442
60 9 0 442
60 9 1 449
60 9 2 424
80 0 0 736
80 0 1 726
80 0 2 785
80 1 0 583
80 1 1 781
80 1 2 662
80 2 0 760
80 2 1 781
80 2 2 795
80 3 0 766
80 3 1 736
80 3 2 711
80 4 0 720
80 4 1 808
80 4 2 802
80 5 0 810
80 5 1 778
80 5 2 773
80 6 0 808
80 6 1 786
80 6 2 775
80 7 0 787
80 7 1 656
80 7 2 810
80 8 0 738
80 8 1 669
80 8 2 761
80 9 0 797
80 9 1 778
80 9 2 782
100 0 0 1200
100 0 1 1243
100 0 2 1183
100 1 0 1256
100 1 1 1164
100 1 2 1276
100 2 0 1181
100 2 1 1249
100 2 2 1219
100 3 0 1105
100 3 1 1217
100 3 2 1208
100 4 0 1198
100 4 1 1258
100 4 2 1214
100 5 0 1152
100 5 1 1242
100 5 2 1244
100 6 0 1240
100 6 1 1253
100 6 2 1185
100 7 0 1233
100 7 1 1249
100 7 2 1167
100 8 0 1222
100 8 1 1253
100 8 2 1221
100 9 0 1145
100 9 1 1201
100 9 2 1140
60 0 3 438
60 0 4 322
60 0 5 407
60 0 6 422
60 0 7 395
60 0 8 424
60 0 9 417
60 0 10 464
60 1 3 459
60 1 4 442
60 1 5 428
60 1 6 409
60 1 7 414
60 1 8 434
60 1 9 429
60 1 10 428
60 2 3 449
60 2 4 404
60 2 5 431
60 2 6 438
60 2 7 436
60 2 8 422
60 2 9 346
60 2 10 413
60 3 3 447
60 3 4 443
60 3 5 365
60 3 6 446
60 3 7 445
60 3 8 347
60 3 9 456
60 3 10 430
60 4 3 453
60 4 4 433
60 4 5 389
60 4 6 434
60 4 7 407
60 4 8 444
60 4 9 442
60 4 10 415
60 5 3 452
60 5 4 459
60 5 5 415
60 5 6 438
60 5 7 297
60 5 8 433
60 5 9 439
60 5 10 433
60 6 3 424
60 6 4 414
60 6 5 387
60 6 6 417
60 6 7 452
60 6 8 446
60 6 9 422
60 6 10 425
60 7 3 445
60 7 4 418
60 7 5 446
60 7 6 367
60 7 7 428
60 7 8 364
60 7 9 446
60 7 10 390
60 8 3 428
60 8 4 416
60 8 5 439
60 8 6 445
60 8 7 432
60 8 8 422
60 8 9 450
60 8 10 413
60 9 3 417
60 9 4 397
60 9 5 391
60 9 6 447
60 9 7 460
60 9 8 449
60 9 9 394
60 9 10 437
80 0 3 772
80 0 4 767
80 0 5 759
80 0 6 767
80 0 7 810
80 0 8 789
80 0 9 800
80 0 10 779
80 1 3 805
80 1 4 684
80 1 5 769
80 1 6 783
80 1 7 780
80 1 8 780
80 1 9 796
80 1 10 803
80 2 3 771
80 2 4 796
80 2 5 810
80 2 6 779
80 2 7 763
80 2 8 803
80 2 9 795
80 2 10 762
80 3 3 789
80 3 4 748
80 3 5 684
80 3 6 762
80 3 7 777
80 3 8 736
80 3 9 799
80 3 10 805
80 4 3 773
80 4 4 766
80 4 5 736
80 4 6 640
80 4 7 740
80 4 8 732
80 4 9 778
80 4 10 719
80 5 3 798
80 5 4 787
80 5 5 783
80 5 6 767
80 5 7 752
80 5 8 814
80 5 9 781
80 5 10 663
80 6 3 768
80 6 4 758
80 6 5 766
80 6 6 728
80 6 7 585
80 6 8 788
80 6 9 770
80 6 10 785
80 7 3 742
80 7 4 615
80 7 5 783
80 7 6 761
80 7 7 805
80 7 8 763
80 7 9 783
80 7 10 596
80 8 3 689
80 8 4 732
80 8 5 775
80 8 6 761
80 8 7 762
80 8 8 691
80 8 9 742
80 8 10 797
80 9 3 774
80 9 4 773
80 9 5 747
80 9 6 733
80 9 7 761
80 9 8 686
80 9 9 771
80 9 10 786
100 0 3 1263
100 0 4 1255
100 0 5 1223
100 0 6 1224
100 0 7 1030
100 0 8 1212
100 0 9 1192
100 0 10 1185
100 1 3 1033
100 1 4 1239
100 1 5 1264
100 1 6 1238
100 1 7 1227
100 1 8 1230
100 1 9 1086
100 1 10 1232
100 2 3 1217
100 2 4 1251
100 2 5 1183
100 2 6 1252
100 2 7 1157
100 2 8 1223
100 2 9 1185
100 2 10 1209
100 3 3 1144
100 3 4 1236
100 3 5 1233
100 3 6 1241
100 3 7 1230
100 3 8 1188
100 3 9 1243
100 3 10 1043
100 4 3 1151
100 4 4 1195
100 4 5 1262
100 4 6 1262
100 4 7 1242
100 4 8 1237
100 4 9 1252
100 4 10 1241
100 5 3 1226
100 5 4 1245
100 5 5 1240
100 5 6 1240
100 5 7 1282
100 5 8 1223
100 5 9 1244
100 5 10 1235
100 6 3 1187
100 6 4 1237
100 6 5 1219
100 6 6 1217
100 6 7 1197
100 6 8 1109
100 6 9 1233
100 6 10 1172
100 7 3 1125
100 7 4 1215
100 7 5 1213
100 7 6 1262
100 7 7 1165
100 7 8 1174
100 7 9 1176
100 7 10 1220
100 8 3 1185
100 8 4 1237
100 8 5 1249
100 8 6 1230
100 8 7 1280
100 8 8 1206
100 8 9 1247
100 8 10 1231
100 9 3 1216
100 9 4 1201
100 9 5 1186
100 9 6 1107
100 9 7 1258
100 9 8 1067
100 9 9 1112
100 9 10 1155
