60 0 0 31
60 0 1 0
60 0 2 61
60 0 3 61
60 0 4 30
60 0 5 30
60 0 6 30
60 0 7 30
60 0 8 59
60 0 9 30
60 1 0 0
60 1 1 59
60 1 2 59
60 1 3 219
60 1 4 32
60 1 5 62
60 1 6 32
60 1 7 102
60 1 8 32
60 1 9 32
60 2 0 0
60 2 1 0
60 2 2 0
60 2 3 0
60 2 4 0
60 2 5 0
60 2 6 0
60 2 7 386
60 2 8 0
60 2 9 0
60 3 0 0
60 3 1 57
60 3 2 81
60 3 3 81
60 3 4 83
60 3 5 83
60 3 6 174
60 3 7 26
60 3 8 81
60 3 9 0
60 4 0 0
60 4 1 0
60 4 2 0
60 4 3 0
60 4 4 0
60 4 5 365
60 4 6 0
60 4 7 0
60 4 8 0
60 4 9 0
60 5 0 293
60 5 1 57
60 5 2 29
60 5 3 29
60 5 4 99
60 5 5 53
60 5 6 57
60 5 7 28
60 5 8 0
60 5 9 57
60 6 0 0
60 6 1 293
60 6 2 0
60 6 3 165
60 6 4 0
60 6 5 0
60 6 6 0
60 6 7 0
60 6 8 0
60 6 9 0
60 7 0 342
60 7 1 0
60 7 2 243
60 7 3 0
60 7 4 0
60 7 5 0
60 7 6 0
60 7 7 0
60 7 8 0
60 7 9 0
60 8 0 24
60 8 1 123
60 8 2 0
60 8 3 35
60 8 4 0
60 8 5 0
60 8 6 35
60 8 7 0
60 8 8 297
60 8 9 24
60 9 0 0
60 9 1 25
60 9 2 0
60 9 3 0
60 9 4 53
60 9 5 25
60 9 6 25
60 9 7 53
60 9 8 66
60 9 9 386
80 0 0 0
80 0 1 0
80 0 2 0
80 0 3 0
80 0 4 0
80 0 5 0
80 0 6 565
80 0 7 494
80 0 8 0
80 0 9 0
80 1 0 34
80 1 1 34
80 1 2 0
80 1 3 34
80 1 4 0
80 1 5 0
80 1 6 217
80 1 7 34
80 1 8 34
80 1 9 0
80 2 0 44
80 2 1 45
80 2 2 44
80 2 3 45
80 2 4 0
80 2 5 45
80 2 6 37
80 2 7 82
80 2 8 45
80 2 9 89
80 3 0 0
80 3 1 160
80 3 2 0
80 3 3 0
80 3 4 0
80 3 5 38
80 3 6 38
80 3 7 0
80 3 8 109
80 3 9 548
80 4 0 80
80 4 1 79
80 4 2 0
80 4 3 115
80 4 4 70
80 4 5 80
80 4 6 44
80 4 7 122
80 4 8 45
80 4 9 0
80 5 0 0
80 5 1 736
80 5 2 793
80 5 3 211
80 5 4 109
80 5 5 0
80 5 6 43
80 5 7 394
80 5 8 0
80 5 9 0
80 6 0 668
80 6 1 199
80 6 2 41
80 6 3 41
80 6 4 0
80 6 5 41
80 6 6 227
80 6 7 0
80 6 8 0
80 6 9 41
80 7 0 0
80 7 1 37
80 7 2 37
80 7 3 0
80 7 4 39
80 7 5 771
80 7 6 0
80 7 7 0
80 7 8 37
80 7 9 39
80 8 0 0
80 8 1 0
80 8 2 0
80 8 3 0
80 8 4 250
80 8 5 0
80 8 6 0
80 8 7 0
80 8 8 0
80 8 9 0
80 9 0 72
80 9 1 38
80 9 2 34
80 9 3 417
80 9 4 0
80 9 5 336
80 9 6 34
80 9 7 34
80 9 8 72
80 9 9 34
100 0 0 137
100 0 1 0
100 0 2 1184
100 0 3 137
100 0 4 137
100 0 5 137
100 0 6 655
100 0 7 437
100 0 8 43
100 0 9 43
100 1 0 0
100 1 1 864
100 1 2 52
100 1 3 141
100 1 4 52
100 1 5 1250
100 1 6 150
100 1 7 150
100 1 8 141
100 1 9 0
100 2 0 0
100 2 1 0
100 2 2 0
100 2 3 0
100 2 4 0
100 2 5 0
100 2 6 0
100 2 7 0
100 2 8 0
100 2 9 0
100 3 0 95
100 3 1 95
100 3 2 95
100 3 3 0
100 3 4 95
100 3 5 95
100 3 6 0
100 3 7 95
100 3 8 0
100 3 9 95
100 4 0 0
100 4 1 45
100 4 2 0
100 4 3 45
100 4 4 45
100 4 5 48
100 4 6 0
100 4 7 0
100 4 8 0
100 4 9 48
100 5 0 108
100 5 1 56
100 5 2 108
100 5 3 108
100 5 4 56
100 5 5 52
100 5 6 56
100 5 7 52
100 5 8 108
100 5 9 0
100 6 0 0
100 6 1 0
100 6 2 0
100 6 3 0
100 6 4 0
100 6 5 0
100 6 6 0
100 6 7 0
100 6 8 0
100 6 9 0
100 7 0 106
100 7 1 106
100 7 2 0
100 7 3 50
100 7 4 0
100 7 5 50
100 7 6 50
100 7 7 0
100 7 8 50
100 7 9 0
100 8 0 54
100 8 1 54
100 8 2 0
100 8 3 54
100 8 4 0
100 8 5 54
100 8 6 0
100 8 7 54
100 8 8 0
100 8 9 0
100 9 0 58
100 9 1 0
100 9 2 58
100 9 3 0
100 9 4 688
100 9 5 0
100 9 6 58
100 9 7 0
100 9 8 0
100 9 9 97
