60 0 0 470
60 0 1 428
60 0 2 460
60 1 0 433
60 1 1 429
60 1 2 433
60 2 0 439
60 2 1 307
60 2 2 454
60 3 0 441
60 3 1 441
60 3 2 449
60 4 0 380
60 4 1 449
60 4 2 429
60 5 0 445
60 5 1 390
60 5 2 431
60 6 0 448
60 6 1 449
60 6 2 437
60 7 0 460
60 7 1 432
60 7 2 441
60 8 0 455
60 8 1 431
60 8 2 429
60 9 0 452
60 9 1 448
60 9 2 424
80 0 0 771
80 0 1 777
80 0 2 771
80 1 0 818
80 1 1 785
80 1 2 794
80 2 0 587
80 2 1 772
80 2 2 778
80 3 0 770
80 3 1 782
80 3 2 764
80 4 0 821
80 4 1 744
80 4 2 807
80 5 0 784
80 5 1 771
80 5 2 811
80 6 0 771
80 6 1 731
80 6 2 788
80 7 0 790
80 7 1 806
80 7 2 709
80 8 0 754
80 8 1 747
80 8 2 793
80 9 0 811
80 9 1 701
80 9 2 808
100 0 0 1220
100 0 1 1234
100 0 2 1226
100 1 0 1253
100 1 1 1237
100 1 2 1262
100 2 0 1240
100 2 1 1184
100 2 2 1210
100 3 0 1254
100 3 1 1251
100 3 2 1243
100 4 0 1245
100 4 1 1226
100 4 2 1256
100 5 0 1196
100 5 1 1218
100 5 2 1125
100 6 0 1193
100 6 1 1198
100 6 2 1214
100 7 0 1198
100 7 1 1222
100 7 2 1187
100 8 0 1200
100 8 1 1223
100 8 2 1257
100 9 0 1188
100 9 1 1217
100 9 2 1207
60 0 3 432
60 0 4 442
60 0 5 404
60 0 6 460
60 0 7 445
60 0 8 430
60 0 9 443
60 0 10 391
60 1 3 429
60 1 4 407
60 1 5 428
60 1 6 422
60 1 7 436
60 1 8 430
60 1 9 453
60 1 10 437
60 2 3 447
60 2 4 446
60 2 5 458
60 2 6 441
60 2 7 401
60 2 8 441
60 2 9 440
60 2 10 439
60 3 3 439
60 3 4 436
60 3 5 409
60 3 6 422
60 3 7 437
60 3 8 450
60 3 9 441
60 3 10 457
60 4 3 439
60 4 4 459
60 4 5 438
60 4 6 430
60 4 7 427
60 4 8 446
60 4 9 438
60 4 10 456
60 5 3 418
60 5 4 442
60 5 5 437
60 5 6 444
60 5 7 441
60 5 8 414
60 5 9 472
60 5 10 452
60 6 3 468
60 6 4 428
60 6 5 415
60 6 6 394
60 6 7 443
60 6 8 434
60 6 9 421
60 6 10 444
60 7 3 444
60 7 4 450
60 7 5 421
60 7 6 439
60 7 7 412
60 7 8 443
60 7 9 460
60 7 10 433
60 8 3 451
60 8 4 471
60 8 5 450
60 8 6 432
60 8 7 443
60 8 8 436
60 8 9 454
60 8 10 449
60 9 3 425
60 9 4 438
60 9 5 434
60 9 6 382
60 9 7 453
60 9 8 337
60 9 9 428
60 9 10 462
80 0 3 770
80 0 4 786
80 0 5 769
80 0 6 777
80 0 7 778
80 0 8 768
80 0 9 778
80 0 10 820
80 1 3 781
80 1 4 772
80 1 5 784
80 1 6 787
80 1 7 801
80 1 8 792
80 1 9 741
80 1 10 829
80 2 3 760
80 2 4 793
80 2 5 742
80 2 6 772
80 2 7 787
80 2 8 798
80 2 9 786
80 2 10 773
80 3 3 774
80 3 4 763
80 3 5 770
80 3 6 792
80 3 7 777
80 3 8 817
80 3 9 793
80 3 10 801
80 4 3 807
80 4 4 828
80 4 5 728
80 4 6 795
80 4 7 767
80 4 8 775
80 4 9 804
80 4 10 641
80 5 3 723
80 5 4 753
80 5 5 813
80 5 6 728
80 5 7 794
80 5 8 796
80 5 9 764
80 5 10 773
80 6 3 793
80 6 4 779
80 6 5 776
80 6 6 798
80 6 7 798
80 6 8 790
80 6 9 795
80 6 10 787
80 7 3 812
80 7 4 769
80 7 5 824
80 7 6 786
80 7 7 797
80 7 8 769
80 7 9 805
80 7 10 700
80 8 3 799
80 8 4 732
80 8 5 784
80 8 6 791
80 8 7 759
80 8 8 774
80 8 9 786
80 8 10 790
80 9 3 773
80 9 4 790
80 9 5 718
80 9 6 801
80 9 7 773
80 9 8 814
80 9 9 780
80 9 10 756
100 0 3 1182
100 0 4 1274
100 0 5 1225
100 0 6 1239
100 0 7 1238
100 0 8 1175
100 0 9 1210
100 0 10 1234
100 1 3 1232
100 1 4 1218
100 1 5 1148
100 1 6 1212
100 1 7 1229
100 1 8 1278
100 1 9 1220
100 1 10 1248
100 2 3 1211
100 2 4 1242
100 2 5 1203
100 2 6 1261
100 2 7 1218
100 2 8 1252
100 2 9 1191
100 2 10 1181
100 3 3 1146
100 3 4 1222
100 3 5 1253
100 3 6 1233
100 3 7 1249
100 3 8 1232
100 3 9 1230
100 3 10 1260
100 4 3 1177
100 4 4 1256
100 4 5 1278
100 4 6 1228
100 4 7 1257
100 4 8 1244
100 4 9 1234
100 4 10 1174
100 5 3 1255
100 5 4 1236
100 5 5 1249
100 5 6 1250
100 5 7 1215
100 5 8 1196
100 5 9 1256
100 5 10 1243
100 6 3 1209
100 6 4 1076
100 6 5 1226
100 6 6 1212
100 6 7 1258
100 6 8 1230
100 6 9 1239
100 6 10 1251
100 7 3 1264
100 7 4 1263
100 7 5 1230
100 7 6 1216
100 7 7 1248
100 7 8 1266
100 7 9 1225
100 7 10 1257
100 8 3 1194
100 8 4 1251
100 8 5 1189
100 8 6 1252
100 8 7 1192
100 8 8 1242
100 8 9 1226
100 8 10 1243
100 9 3 1237
100 9 4 1255
100 9 5 1205
100 9 6 1217
100 9 7 1262
100 9 8 1234
100 9 9 1237
100 9 10 1261
