60 0 0 459
60 0 1 437
60 0 2 438
60 1 0 430
60 1 1 455
60 1 2 414
60 2 0 415
60 2 1 369
60 2 2 422
60 3 0 450
60 3 1 433
60 3 2 421
60 4 0 373
60 4 1 443
60 4 2 395
60 5 0 432
60 5 1 450
60 5 2 451
60 6 0 459
60 6 1 458
60 6 2 425
60 7 0 438
60 7 1 446
60 7 2 435
60 8 0 411
60 8 1 418
60 8 2 430
60 9 0 449
60 9 1 449
60 9 2 441
80 0 0 792
80 0 1 793
80 0 2 790
80 1 0 790
80 1 1 754
80 1 2 797
80 2 0 679
80 2 1 763
80 2 2 772
80 3 0 801
80 3 1 785
80 3 2 801
80 4 0 828
80 4 1 784
80 4 2 807
80 5 0 779
80 5 1 768
80 5 2 725
80 6 0 774
80 6 1 807
80 6 2 753
80 7 0 774
80 7 1 766
80 7 2 817
80 8 0 776
80 8 1 791
80 8 2 790
80 9 0 737
80 9 1 701
80 9 2 789
100 0 0 1182
100 0 1 1214
100 0 2 1271
100 1 0 1202
100 1 1 1223
100 1 2 1251
100 2 0 1234
100 2 1 1178
100 2 2 1209
100 3 0 1011
100 3 1 1225
100 3 2 1229
100 4 0 1245
100 4 1 1240
100 4 2 1225
100 5 0 1256
100 5 1 1251
100 5 2 1187
100 6 0 1264
100 6 1 1243
100 6 2 1234
100 7 0 1224
100 7 1 1119
100 7 2 1235
100 8 0 1241
100 8 1 1181
100 8 2 1235
100 9 0 1208
100 9 1 1216
100 9 2 1255
60 0 3 440
60 0 4 434
60 0 5 449
60 0 6 381
60 0 7 440
60 0 8 448
60 0 9 426
60 0 10 450
60 1 3 444
60 1 4 421
60 1 5 446
60 1 6 458
60 1 7 428
60 1 8 450
60 1 9 398
60 1 10 443
60 2 3 422
60 2 4 427
60 2 5 430
60 2 6 435
60 2 7 439
60 2 8 440
60 2 9 431
60 2 10 444
60 3 3 452
60 3 4 428
60 3 5 456
60 3 6 442
60 3 7 447
60 3 8 443
60 3 9 418
60 3 10 467
60 4 3 427
60 4 4 450
60 4 5 438
60 4 6 432
60 4 7 401
60 4 8 456
60 4 9 432
60 4 10 448
60 5 3 426
60 5 4 429
60 5 5 409
60 5 6 446
60 5 7 445
60 5 8 447
60 5 9 454
60 5 10 440
60 6 3 344
60 6 4 446
60 6 5 451
60 6 6 443
60 6 7 440
60 6 8 439
60 6 9 424
60 6 10 440
60 7 3 432
60 7 4 426
60 7 5 409
60 7 6 405
60 7 7 412
60 7 8 361
60 7 9 445
60 7 10 398
60 8 3 423
60 8 4 437
60 8 5 446
60 8 6 435
60 8 7 442
60 8 8 442
60 8 9 440
60 8 10 447
60 9 3 443
60 9 4 460
60 9 5 393
60 9 6 341
60 9 7 391
60 9 8 452
60 9 9 422
60 9 10 428
80 0 3 757
80 0 4 807
80 0 5 771
80 0 6 702
80 0 7 790
80 0 8 792
80 0 9 790
80 0 10 809
80 1 3 814
80 1 4 781
80 1 5 777
80 1 6 781
80 1 7 835
80 1 8 740
80 1 9 777
80 1 10 795
80 2 3 794
80 2 4 769
80 2 5 764
80 2 6 809
80 2 7 753
80 2 8 806
80 2 9 822
80 2 10 718
80 3 3 769
80 3 4 832
80 3 5 768
80 3 6 791
80 3 7 804
80 3 8 801
80 3 9 773
80 3 10 797
80 4 3 797
80 4 4 729
80 4 5 707
80 4 6 779
80 4 7 763
80 4 8 789
80 4 9 769
80 4 10 748
80 5 3 791
80 5 4 780
80 5 5 791
80 5 6 695
80 5 7 775
80 5 8 729
80 5 9 777
80 5 10 794
80 6 3 805
80 6 4 816
80 6 5 784
80 6 6 778
80 6 7 768
80 6 8 778
80 6 9 792
80 6 10 805
80 7 3 801
80 7 4 761
80 7 5 777
80 7 6 747
80 7 7 770
80 7 8 778
80 7 9 768
80 7 10 798
80 8 3 794
80 8 4 813
80 8 5 787
80 8 6 792
80 8 7 771
80 8 8 793
80 8 9 790
80 8 10 767
80 9 3 765
80 9 4 769
80 9 5 789
80 9 6 724
80 9 7 756
80 9 8 792
80 9 9 795
80 9 10 728
100 0 3 1243
100 0 4 1267
100 0 5 1240
100 0 6 1186
100 0 7 1174
100 0 8 1215
100 0 9 1250
100 0 10 1246
100 1 3 1241
100 1 4 1225
100 1 5 1232
100 1 6 1225
100 1 7 1262
100 1 8 1229
100 1 9 1228
100 1 10 1216
100 2 3 1220
100 2 4 1246
100 2 5 1231
100 2 6 1258
100 2 7 1226
100 2 8 1236
100 2 9 1196
100 2 10 1216
100 3 3 1240
100 3 4 1241
100 3 5 1163
100 3 6 1271
100 3 7 1246
100 3 8 1243
100 3 9 1216
100 3 10 1127
100 4 3 1239
100 4 4 1153
100 4 5 1180
100 4 6 1134
100 4 7 1217
100 4 8 1236
100 4 9 1248
100 4 10 1262
100 5 3 1229
100 5 4 1252
100 5 5 1260
100 5 6 1168
100 5 7 1238
100 5 8 1242
100 5 9 1231
100 5 10 1254
100 6 3 1261
100 6 4 1184
100 6 5 1226
100 6 6 1265
100 6 7 1248
100 6 8 1029
100 6 9 1251
100 6 10 1229
100 7 3 1223
100 7 4 1133
100 7 5 1240
100 7 6 1267
100 7 7 1247
100 7 8 1207
100 7 9 1256
100 7 10 1160
100 8 3 1218
100 8 4 1140
100 8 5 1175
100 8 6 1202
100 8 7 1164
100 8 8 1250
100 8 9 1250
100 8 10 1226
100 9 3 1241
100 9 4 1234
100 9 5 1243
100 9 6 1256
100 9 7 1270
100 9 8 1250
100 9 9 1282
100 9 10 1202
