60 0 0 421
60 0 1 456
60 0 2 461
60 1 0 455
60 1 1 441
60 1 2 226
60 2 0 435
60 2 1 364
60 2 2 433
60 3 0 366
60 3 1 426
60 3 2 430
60 4 0 440
60 4 1 434
60 4 2 428
60 5 0 414
60 5 1 446
60 5 2 419
60 6 0 451
60 6 1 446
60 6 2 445
60 7 0 400
60 7 1 417
60 7 2 437
60 8 0 446
60 8 1 443
60 8 2 438
60 9 0 460
60 9 1 476
60 9 2 432
80 0 0 800
80 0 1 796
80 0 2 792
80 1 0 778
80 1 1 682
80 1 2 582
80 2 0 773
80 2 1 791
80 2 2 755
80 3 0 721
80 3 1 818
80 3 2 777
80 4 0 782
80 4 1 789
80 4 2 801
80 5 0 794
80 5 1 804
80 5 2 783
80 6 0 798
80 6 1 732
80 6 2 802
80 7 0 793
80 7 1 759
80 7 2 784
80 8 0 742
80 8 1 761
80 8 2 803
80 9 0 778
80 9 1 736
80 9 2 742
100 0 0 1226
100 0 1 1226
100 0 2 1272
100 1 0 1237
100 1 1 1199
100 1 2 1247
100 2 0 1172
100 2 1 1228
100 2 2 1256
100 3 0 1265
100 3 1 1270
100 3 2 1215
100 4 0 1226
100 4 1 1243
100 4 2 1198
100 5 0 1219
100 5 1 1189
100 5 2 1255
100 6 0 1228
100 6 1 1230
100 6 2 1274
100 7 0 1175
100 7 1 1219
100 7 2 1211
100 8 0 1224
100 8 1 1248
100 8 2 1186
100 9 0 1249
100 9 1 1242
100 9 2 1250
60 0 3 446
60 0 4 431
60 0 5 448
60 0 6 381
60 0 7 405
60 0 8 450
60 0 9 452
60 0 10 453
60 1 3 437
60 1 4 420
60 1 5 359
60 1 6 438
60 1 7 431
60 1 8 428
60 1 9 445
60 1 10 457
60 2 3 449
60 2 4 446
60 2 5 441
60 2 6 450
60 2 7 442
60 2 8 458
60 2 9 446
60 2 10 438
60 3 3 428
60 3 4 410
60 3 5 465
60 3 6 432
60 3 7 461
60 3 8 442
60 3 9 452
60 3 10 450
60 4 3 381
60 4 4 433
60 4 5 398
60 4 6 436
60 4 7 444
60 4 8 448
60 4 9 358
60 4 10 411
60 5 3 423
60 5 4 430
60 5 5 433
60 5 6 437
60 5 7 427
60 5 8 442
60 5 9 415
60 5 10 449
60 6 3 440
60 6 4 442
60 6 5 413
60 6 6 461
60 6 7 444
60 6 8 429
60 6 9 437
60 6 10 436
60 7 3 441
60 7 4 434
60 7 5 447
60 7 6 413
60 7 7 446
60 7 8 445
60 7 9 429
60 7 10 430
60 8 3 431
60 8 4 438
60 8 5 433
60 8 6 426
60 8 7 434
60 8 8 442
60 8 9 427
60 8 10 419
60 9 3 415
60 9 4 385
60 9 5 448
60 9 6 432
60 9 7 446
60 9 8 454
60 9 9 454
60 9 10 434
80 0 3 799
80 0 4 794
80 0 5 808
80 0 6 796
80 0 7 814
80 0 8 777
80 0 9 779
80 0 10 771
80 1 3 785
80 1 4 766
80 1 5 759
80 1 6 770
80 1 7 783
80 1 8 802
80 1 9 776
80 1 10 781
80 2 3 787
80 2 4 809
80 2 5 743
80 2 6 796
80 2 7 750
80 2 8 752
80 2 9 775
80 2 10 766
80 3 3 717
80 3 4 770
80 3 5 777
80 3 6 771
80 3 7 818
80 3 8 798
80 3 9 798
80 3 10 784
80 4 3 774
80 4 4 801
80 4 5 807
80 4 6 769
80 4 7 653
80 4 8 769
80 4 9 817
80 4 10 772
80 5 3 803
80 5 4 751
80 5 5 778
80 5 6 743
80 5 7 778
80 5 8 786
80 5 9 781
80 5 10 809
80 6 3 732
80 6 4 778
80 6 5 812
80 6 6 823
80 6 7 746
80 6 8 699
80 6 9 763
80 6 10 793
80 7 3 833
80 7 4 753
80 7 5 769
80 7 6 803
80 7 7 765
80 7 8 797
80 7 9 761
80 7 10 783
80 8 3 765
80 8 4 798
80 8 5 761
80 8 6 767
80 8 7 760
80 8 8 807
80 8 9 806
80 8 10 802
80 9 3 776
80 9 4 802
80 9 5 755
80 9 6 778
80 9 7 765
80 9 8 761
80 9 9 806
80 9 10 796
100 0 3 1267
100 0 4 1253
100 0 5 1234
100 0 6 1228
100 0 7 1214
100 0 8 1245
100 0 9 1259
100 0 10 1229
100 1 3 1192
100 1 4 1249
100 1 5 1268
100 1 6 1234
100 1 7 1251
100 1 8 1248
100 1 9 1215
100 1 10 1211
100 2 3 1253
100 2 4 1236
100 2 5 1229
100 2 6 1218
100 2 7 1255
100 2 8 1209
100 2 9 1247
100 2 10 1181
100 3 3 1254
100 3 4 1233
100 3 5 1189
100 3 6 1234
100 3 7 1222
100 3 8 1261
100 3 9 1234
100 3 10 1238
100 4 3 1226
100 4 4 1242
100 4 5 1250
100 4 6 1267
100 4 7 1210
100 4 8 1269
100 4 9 1259
100 4 10 1146
100 5 3 1222
100 5 4 1250
100 5 5 1243
100 5 6 1257
100 5 7 1260
100 5 8 1173
100 5 9 1164
100 5 10 1229
100 6 3 1226
100 6 4 1192
100 6 5 1223
100 6 6 1236
100 6 7 1220
100 6 8 1239
100 6 9 1242
100 6 10 1257
100 7 3 1245
100 7 4 1228
100 7 5 1215
100 7 6 1244
100 7 7 1206
100 7 8 1236
100 7 9 1141
100 7 10 1246
100 8 3 1234
100 8 4 1235
100 8 5 1274
100 8 6 1228
100 8 7 1252
100 8 8 1252
100 8 9 1184
100 8 10 1259
100 9 3 1279
100 9 4 1157
100 9 5 1251
100 9 6 1228
100 9 7 1231
100 9 8 1251
100 9 9 1246
100 9 10 1223
