60 0 0 430
60 0 1 441
60 0 2 446
60 1 0 435
60 1 1 436
60 1 2 451
60 2 0 417
60 2 1 438
60 2 2 431
60 3 0 450
60 3 1 430
60 3 2 445
60 4 0 420
60 4 1 417
60 4 2 422
60 5 0 436
60 5 1 440
60 5 2 442
60 6 0 443
60 6 1 450
60 6 2 444
60 7 0 426
60 7 1 449
60 7 2 432
60 8 0 442
60 8 1 407
60 8 2 443
60 9 0 444
60 9 1 453
60 9 2 418
80 0 0 806
80 0 1 791
80 0 2 785
80 1 0 767
80 1 1 780
80 1 2 774
80 2 0 789
80 2 1 817
80 2 2 771
80 3 0 804
80 3 1 778
80 3 2 759
80 4 0 771
80 4 1 748
80 4 2 778
80 5 0 773
80 5 1 775
80 5 2 765
80 6 0 780
80 6 1 796
80 6 2 798
80 7 0 797
80 7 1 775
80 7 2 769
80 8 0 773
80 8 1 794
80 8 2 788
80 9 0 775
80 9 1 820
80 9 2 776
100 0 0 1231
100 0 1 1250
100 0 2 1238
100 1 0 1253
100 1 1 1204
100 1 2 1238
100 2 0 1269
100 2 1 1229
100 2 2 1160
100 3 0 1253
100 3 1 1226
100 3 2 1246
100 4 0 1266
100 4 1 1232
100 4 2 1213
100 5 0 1189
100 5 1 1267
100 5 2 1215
100 6 0 1276
100 6 1 1204
100 6 2 1263
100 7 0 1231
100 7 1 1232
100 7 2 1226
100 8 0 1165
100 8 1 1238
100 8 2 1238
100 9 0 1237
100 9 1 1223
100 9 2 1251
