60 0 0 448
60 0 1 448
60 0 2 424
60 1 0 440
60 1 1 431
60 1 2 443
60 2 0 419
60 2 1 441
60 2 2 440
60 3 0 447
60 3 1 431
60 3 2 435
60 4 0 444
60 4 1 391
60 4 2 443
60 5 0 440
60 5 1 439
60 5 2 367
60 6 0 416
60 6 1 441
60 6 2 453
60 7 0 437
60 7 1 396
60 7 2 392
60 8 0 447
60 8 1 449
60 8 2 415
60 9 0 444
60 9 1 402
60 9 2 448
80 0 0 781
80 0 1 803
80 0 2 783
80 1 0 786
80 1 1 714
80 1 2 792
80 2 0 765
80 2 1 782
80 2 2 711
80 3 0 686
80 3 1 805
80 3 2 762
80 4 0 779
80 4 1 781
80 4 2 752
80 5 0 785
80 5 1 797
80 5 2 652
80 6 0 799
80 6 1 696
80 6 2 783
80 7 0 775
80 7 1 801
80 7 2 778
80 8 0 740
80 8 1 788
80 8 2 723
80 9 0 779
80 9 1 756
80 9 2 770
100 0 0 1220
100 0 1 1164
100 0 2 1215
100 1 0 1247
100 1 1 1211
100 1 2 1227
100 2 0 1198
100 2 1 1262
100 2 2 1119
100 3 0 1245
100 3 1 938
100 3 2 1214
100 4 0 1181
100 4 1 1247
100 4 2 1094
100 5 0 1202
100 5 1 1239
100 5 2 1232
100 6 0 1226
100 6 1 1212
100 6 2 1236
100 7 0 1226
100 7 1 1228
100 7 2 1259
100 8 0 1174
100 8 1 1249
100 8 2 1255
100 9 0 1114
100 9 1 1171
100 9 2 1221
60 0 3 452
60 0 4 371
60 0 5 459
60 0 6 461
60 0 7 433
60 0 8 440
60 0 9 440
60 0 10 433
60 1 3 431
60 1 4 439
60 1 5 449
60 1 6 358
60 1 7 413
60 1 8 435
60 1 9 427
60 1 10 441
60 2 3 414
60 2 4 429
60 2 5 453
60 2 6 445
60 2 7 441
60 2 8 439
60 2 9 452
60 2 10 445
60 3 3 442
60 3 4 448
60 3 5 432
60 3 6 447
60 3 7 431
60 3 8 413
60 3 9 429
60 3 10 429
60 4 3 446
60 4 4 442
60 4 5 440
60 4 6 468
60 4 7 437
60 4 8 411
60 4 9 446
60 4 10 444
60 5 3 439
60 5 4 389
60 5 5 459
60 5 6 439
60 5 7 438
60 5 8 443
60 5 9 440
60 5 10 418
60 6 3 402
60 6 4 443
60 6 5 405
60 6 6 357
60 6 7 457
60 6 8 445
60 6 9 432
60 6 10 449
60 7 3 438
60 7 4 412
60 7 5 413
60 7 6 372
60 7 7 329
60 7 8 384
60 7 9 441
60 7 10 387
60 8 3 442
60 8 4 433
60 8 5 426
60 8 6 424
60 8 7 430
60 8 8 429
60 8 9 436
60 8 10 458
60 9 3 443
60 9 4 415
60 9 5 432
60 9 6 453
60 9 7 375
60 9 8 420
60 9 9 411
60 9 10 462
80 0 3 783
80 0 4 755
80 0 5 764
80 0 6 716
80 0 7 792
80 0 8 806
80 0 9 801
80 0 10 795
80 1 3 808
80 1 4 788
80 1 5 799
80 1 6 786
80 1 7 805
80 1 8 810
80 1 9 816
80 1 10 746
80 2 3 764
80 2 4 736
80 2 5 789
80 2 6 767
80 2 7 734
80 2 8 747
80 2 9 752
80 2 10 769
80 3 3 782
80 3 4 763
80 3 5 787
80 3 6 784
80 3 7 796
80 3 8 795
80 3 9 778
80 3 10 820
80 4 3 647
80 4 4 806
80 4 5 774
80 4 6 801
80 4 7 777
80 4 8 766
80 4 9 801
80 4 10 788
80 5 3 799
80 5 4 791
80 5 5 797
80 5 6 774
80 5 7 805
80 5 8 811
80 5 9 762
80 5 10 780
80 6 3 806
80 6 4 793
80 6 5 622
80 6 6 738
80 6 7 806
80 6 8 768
80 6 9 802
80 6 10 764
80 7 3 668
80 7 4 771
80 7 5 802
80 7 6 736
80 7 7 781
80 7 8 787
80 7 9 749
80 7 10 767
80 8 3 792
80 8 4 809
80 8 5 758
80 8 6 763
80 8 7 786
80 8 8 799
80 8 9 788
80 8 10 764
80 9 3 790
80 9 4 813
80 9 5 787
80 9 6 733
80 9 7 785
80 9 8 807
80 9 9 773
80 9 10 785
100 0 3 1188
100 0 4 1233
100 0 5 1260
100 0 6 1213
100 0 7 1207
100 0 8 1245
100 0 9 1250
100 0 10 1178
100 1 3 1246
100 1 4 1187
100 1 5 1113
100 1 6 1211
100 1 7 1238
100 1 8 1229
100 1 9 1074
100 1 10 1246
100 2 3 1192
100 2 4 1197
100 2 5 1201
100 2 6 1159
100 2 7 1126
100 2 8 1147
100 2 9 1212
100 2 10 1119
100 3 3 1198
100 3 4 1224
100 3 5 1216
100 3 6 1242
100 3 7 1211
100 3 8 1001
100 3 9 1160
100 3 10 1173
100 4 3 1197
100 4 4 1237
100 4 5 1239
100 4 6 1256
100 4 7 1201
100 4 8 1253
100 4 9 1234
100 4 10 1238
100 5 3 1169
100 5 4 1195
100 5 5 1263
100 5 6 1259
100 5 7 1251
100 5 8 1183
100 5 9 1199
100 5 10 1137
100 6 3 1238
100 6 4 1271
100 6 5 1227
100 6 6 1159
100 6 7 1125
100 6 8 1276
100 6 9 1198
100 6 10 1240
100 7 3 1239
100 7 4 1249
100 7 5 1179
100 7 6 1221
100 7 7 1257
100 7 8 1216
100 7 9 1216
100 7 10 1253
100 8 3 1193
100 8 4 1256
100 8 5 1255
100 8 6 1204
100 8 7 1240
100 8 8 1200
100 8 9 1196
100 8 10 1256
100 9 3 1225
100 9 4 1237
100 9 5 1176
100 9 6 1241
100 9 7 1242
100 9 8 1228
100 9 9 1253
100 9 10 1239
