60 0 0 428
60 0 1 432
60 0 2 435
60 1 0 443
60 1 1 459
60 1 2 455
60 2 0 395
60 2 1 412
60 2 2 422
60 3 0 453
60 3 1 429
60 3 2 450
60 4 0 441
60 4 1 450
60 4 2 380
60 5 0 428
60 5 1 460
60 5 2 431
60 6 0 439
60 6 1 377
60 6 2 451
60 7 0 442
60 7 1 457
60 7 2 410
60 8 0 416
60 8 1 438
60 8 2 449
60 9 0 425
60 9 1 418
60 9 2 381
80 0 0 825
80 0 1 772
80 0 2 781
80 1 0 772
80 1 1 783
80 1 2 810
80 2 0 807
80 2 1 770
80 2 2 792
80 3 0 773
80 3 1 789
80 3 2 785
80 4 0 759
80 4 1 781
80 4 2 787
80 5 0 795
80 5 1 732
80 5 2 745
80 6 0 803
80 6 1 826
80 6 2 792
80 7 0 785
80 7 1 803
80 7 2 759
80 8 0 816
80 8 1 772
80 8 2 791
80 9 0 736
80 9 1 793
80 9 2 815
100 0 0 1209
100 0 1 1228
100 0 2 1224
100 1 0 1151
100 1 1 1242
100 1 2 1237
100 2 0 1266
100 2 1 1189
100 2 2 1248
100 3 0 1243
100 3 1 1219
100 3 2 1247
100 4 0 1232
100 4 1 1228
100 4 2 1238
100 5 0 1257
100 5 1 1255
100 5 2 1151
100 6 0 1203
100 6 1 1233
100 6 2 1218
100 7 0 1232
100 7 1 1230
100 7 2 1242
100 8 0 1227
100 8 1 1252
100 8 2 1211
100 9 0 1213
100 9 1 1223
100 9 2 1224
60 0 3 348
60 0 4 445
60 0 5 413
60 0 6 447
60 0 7 455
60 0 8 457
60 0 9 439
60 0 10 427
60 1 3 425
60 1 4 447
60 1 5 439
60 1 6 420
60 1 7 445
60 1 8 455
60 1 9 454
60 1 10 435
60 2 3 435
60 2 4 433
60 2 5 458
60 2 6 429
60 2 7 430
60 2 8 441
60 2 9 446
60 2 10 441
60 3 3 422
60 3 4 461
60 3 5 431
60 3 6 439
60 3 7 418
60 3 8 437
60 3 9 422
60 3 10 449
60 4 3 449
60 4 4 428
60 4 5 421
60 4 6 442
60 4 7 416
60 4 8 445
60 4 9 431
60 4 10 445
60 5 3 464
60 5 4 325
60 5 5 442
60 5 6 414
60 5 7 456
60 5 8 421
60 5 9 414
60 5 10 455
60 6 3 410
60 6 4 452
60 6 5 439
60 6 6 452
60 6 7 458
60 6 8 435
60 6 9 444
60 6 10 437
60 7 3 430
60 7 4 460
60 7 5 463
60 7 6 417
60 7 7 437
60 7 8 460
60 7 9 445
60 7 10 438
60 8 3 445
60 8 4 428
60 8 5 434
60 8 6 440
60 8 7 436
60 8 8 442
60 8 9 432
60 8 10 444
60 9 3 451
60 9 4 426
60 9 5 461
60 9 6 441
60 9 7 444
60 9 8 362
60 9 9 438
60 9 10 455
80 0 3 778
80 0 4 788
80 0 5 791
80 0 6 775
80 0 7 794
80 0 8 795
80 0 9 797
80 0 10 807
80 1 3 780
80 1 4 803
80 1 5 741
80 1 6 795
80 1 7 785
80 1 8 775
80 1 9 817
80 1 10 766
80 2 3 801
80 2 4 695
80 2 5 757
80 2 6 779
80 2 7 776
80 2 8 810
80 2 9 750
80 2 10 745
80 3 3 790
80 3 4 752
80 3 5 776
80 3 6 784
80 3 7 810
80 3 8 751
80 3 9 795
80 3 10 756
80 4 3 750
80 4 4 780
80 4 5 785
80 4 6 776
80 4 7 773
80 4 8 777
80 4 9 791
80 4 10 804
80 5 3 787
80 5 4 804
80 5 5 806
80 5 6 766
80 5 7 785
80 5 8 835
80 5 9 785
80 5 10 800
80 6 3 795
80 6 4 789
80 6 5 800
80 6 6 786
80 6 7 805
80 6 8 796
80 6 9 816
80 6 10 824
80 7 3 796
80 7 4 792
80 7 5 784
80 7 6 757
80 7 7 785
80 7 8 752
80 7 9 796
80 7 10 786
80 8 3 775
80 8 4 756
80 8 5 737
80 8 6 736
80 8 7 706
80 8 8 801
80 8 9 752
80 8 10 754
80 9 3 758
80 9 4 779
80 9 5 784
80 9 6 804
80 9 7 770
80 9 8 791
80 9 9 794
80 9 10 772
100 0 3 1230
100 0 4 1207
100 0 5 1224
100 0 6 1236
100 0 7 1224
100 0 8 1228
100 0 9 1270
100 0 10 1250
100 1 3 1240
100 1 4 1231
100 1 5 1195
100 1 6 1252
100 1 7 1243
100 1 8 1237
100 1 9 1240
100 1 10 1240
100 2 3 1174
100 2 4 1232
100 2 5 1104
100 2 6 1209
100 2 7 1204
100 2 8 1116
100 2 9 1197
100 2 10 1239
100 3 3 1164
100 3 4 1254
100 3 5 1266
100 3 6 1225
100 3 7 1196
100 3 8 1251
100 3 9 1212
100 3 10 1244
100 4 3 1211
100 4 4 1259
100 4 5 1241
100 4 6 1262
100 4 7 1286
100 4 8 1183
100 4 9 1237
100 4 10 1250
100 5 3 1242
100 5 4 1234
100 5 5 1260
100 5 6 1232
100 5 7 1213
100 5 8 1205
100 5 9 1234
100 5 10 1233
100 6 3 1219
100 6 4 1221
100 6 5 1171
100 6 6 1234
100 6 7 1239
100 6 8 1222
100 6 9 1230
100 6 10 1269
100 7 3 1219
100 7 4 1200
100 7 5 1122
100 7 6 1228
100 7 7 1227
100 7 8 1270
100 7 9 1222
100 7 10 1221
100 8 3 1227
100 8 4 1176
100 8 5 1251
100 8 6 1196
100 8 7 1224
100 8 8 1178
100 8 9 1210
100 8 10 1254
100 9 3 1177
100 9 4 1228
100 9 5 1227
100 9 6 1237
100 9 7 1234
100 9 8 1204
100 9 9 1211
100 9 10 1262
