60 0 0 446
60 0 1 378
60 0 2 413
60 1 0 438
60 1 1 432
60 1 2 441
60 2 0 449
60 2 1 457
60 2 2 438
60 3 0 443
60 3 1 454
60 3 2 440
60 4 0 421
60 4 1 440
60 4 2 362
60 5 0 453
60 5 1 443
60 5 2 422
60 6 0 409
60 6 1 432
60 6 2 447
60 7 0 354
60 7 1 456
60 7 2 444
60 8 0 439
60 8 1 442
60 8 2 423
60 9 0 436
60 9 1 452
60 9 2 446
80 0 0 774
80 0 1 805
80 0 2 776
80 1 0 737
80 1 1 802
80 1 2 746
80 2 0 797
80 2 1 808
80 2 2 693
80 3 0 723
80 3 1 754
80 3 2 793
80 4 0 797
80 4 1 785
80 4 2 778
80 5 0 709
80 5 1 796
80 5 2 790
80 6 0 797
80 6 1 738
80 6 2 713
80 7 0 799
80 7 1 786
80 7 2 737
80 8 0 800
80 8 1 795
80 8 2 753
80 9 0 771
80 9 1 792
80 9 2 776
100 0 0 1203
100 0 1 1228
100 0 2 1229
100 1 0 1229
100 1 1 1236
100 1 2 1242
100 2 0 1218
100 2 1 1271
100 2 2 1246
100 3 0 1215
100 3 1 1219
100 3 2 1276
100 4 0 1234
100 4 1 1212
100 4 2 1208
100 5 0 1153
100 5 1 1286
100 5 2 1257
100 6 0 1203
100 6 1 1230
100 6 2 1229
100 7 0 1256
100 7 1 1270
100 7 2 1195
100 8 0 1192
100 8 1 1246
100 8 2 1201
100 9 0 1225
100 9 1 1177
100 9 2 1174
60 0 3 412
60 0 4 431
60 0 5 408
60 0 6 402
60 0 7 440
60 0 8 415
60 0 9 361
60 0 10 392
60 1 3 451
60 1 4 441
60 1 5 439
60 1 6 446
60 1 7 431
60 1 8 441
60 1 9 458
60 1 10 451
60 2 3 437
60 2 4 409
60 2 5 463
60 2 6 452
60 2 7 433
60 2 8 469
60 2 9 447
60 2 10 411
60 3 3 438
60 3 4 433
60 3 5 428
60 3 6 438
60 3 7 447
60 3 8 442
60 3 9 446
60 3 10 452
60 4 3 444
60 4 4 415
60 4 5 448
60 4 6 451
60 4 7 457
60 4 8 401
60 4 9 432
60 4 10 430
60 5 3 431
60 5 4 441
60 5 5 443
60 5 6 441
60 5 7 432
60 5 8 456
60 5 9 449
60 5 10 457
60 6 3 436
60 6 4 450
60 6 5 424
60 6 6 441
60 6 7 425
60 6 8 435
60 6 9 442
60 6 10 433
60 7 3 420
60 7 4 382
60 7 5 438
60 7 6 408
60 7 7 404
60 7 8 434
60 7 9 451
60 7 10 439
60 8 3 432
60 8 4 455
60 8 5 420
60 8 6 458
60 8 7 438
60 8 8 433
60 8 9 420
60 8 10 438
60 9 3 435
60 9 4 439
60 9 5 406
60 9 6 423
60 9 7 451
60 9 8 420
60 9 9 416
60 9 10 439
80 0 3 794
80 0 4 789
80 0 5 805
80 0 6 796
80 0 7 784
80 0 8 695
80 0 9 727
80 0 10 782
80 1 3 777
80 1 4 833
80 1 5 773
80 1 6 748
80 1 7 780
80 1 8 758
80 1 9 805
80 1 10 802
80 2 3 792
80 2 4 800
80 2 5 780
80 2 6 769
80 2 7 758
80 2 8 785
80 2 9 817
80 2 10 778
80 3 3 793
80 3 4 811
80 3 5 816
80 3 6 788
80 3 7 784
80 3 8 723
80 3 9 805
80 3 10 797
80 4 3 770
80 4 4 774
80 4 5 780
80 4 6 805
80 4 7 628
80 4 8 756
80 4 9 787
80 4 10 803
80 5 3 801
80 5 4 805
80 5 5 782
80 5 6 770
80 5 7 775
80 5 8 766
80 5 9 782
80 5 10 792
80 6 3 796
80 6 4 689
80 6 5 770
80 6 6 769
80 6 7 717
80 6 8 774
80 6 9 791
80 6 10 800
80 7 3 797
80 7 4 773
80 7 5 804
80 7 6 780
80 7 7 796
80 7 8 776
80 7 9 804
80 7 10 729
80 8 3 766
80 8 4 774
80 8 5 775
80 8 6 811
80 8 7 804
80 8 8 778
80 8 9 785
80 8 10 795
80 9 3 789
80 9 4 784
80 9 5 778
80 9 6 796
80 9 7 768
80 9 8 796
80 9 9 780
80 9 10 797
100 0 3 1257
100 0 4 1209
100 0 5 1166
100 0 6 1265
100 0 7 1262
100 0 8 1252
100 0 9 1230
100 0 10 1226
100 1 3 1211
100 1 4 1246
100 1 5 1263
100 1 6 1200
100 1 7 1224
100 1 8 1243
100 1 9 1232
100 1 10 1243
100 2 3 1237
100 2 4 1224
100 2 5 1245
100 2 6 1209
100 2 7 1227
100 2 8 1225
100 2 9 1146
100 2 10 1174
100 3 3 1224
100 3 4 1192
100 3 5 1213
100 3 6 1232
100 3 7 1259
100 3 8 1217
100 3 9 1194
100 3 10 1210
100 4 3 1243
100 4 4 1206
100 4 5 1244
100 4 6 1251
100 4 7 1260
100 4 8 1235
100 4 9 1254
100 4 10 1204
100 5 3 1213
100 5 4 1235
100 5 5 1218
100 5 6 1228
100 5 7 1230
100 5 8 1207
100 5 9 1236
100 5 10 1269
100 6 3 1257
100 6 4 1265
100 6 5 1240
100 6 6 1234
100 6 7 1228
100 6 8 1224
100 6 9 1191
100 6 10 1248
100 7 3 1252
100 7 4 1118
100 7 5 1262
100 7 6 1183
100 7 7 1255
100 7 8 1227
100 7 9 1237
100 7 10 1161
100 8 3 1274
100 8 4 1221
100 8 5 1204
100 8 6 1171
100 8 7 1256
100 8 8 1260
100 8 9 1159
100 8 10 1228
100 9 3 1216
100 9 4 1233
100 9 5 1231
100 9 6 1259
100 9 7 1237
100 9 8 1269
100 9 9 1241
100 9 10 1239
