60 0 0 418
60 0 1 424
60 0 2 461
60 1 0 349
60 1 1 441
60 1 2 366
60 2 0 424
60 2 1 396
60 2 2 419
60 3 0 425
60 3 1 431
60 3 2 452
60 4 0 436
60 4 1 414
60 4 2 441
60 5 0 420
60 5 1 442
60 5 2 438
60 6 0 452
60 6 1 442
60 6 2 429
60 7 0 421
60 7 1 438
60 7 2 444
60 8 0 451
60 8 1 444
60 8 2 408
60 9 0 394
60 9 1 394
60 9 2 439
80 0 0 785
80 0 1 732
80 0 2 784
80 1 0 774
80 1 1 786
80 1 2 772
80 2 0 799
80 2 1 802
80 2 2 790
80 3 0 766
80 3 1 746
80 3 2 782
80 4 0 773
80 4 1 812
80 4 2 779
80 5 0 787
80 5 1 783
80 5 2 770
80 6 0 781
80 6 1 771
80 6 2 824
80 7 0 680
80 7 1 705
80 7 2 768
80 8 0 688
80 8 1 790
80 8 2 796
80 9 0 676
80 9 1 688
80 9 2 804
100 0 0 1219
100 0 1 1234
100 0 2 1222
100 1 0 1216
100 1 1 1233
100 1 2 1241
100 2 0 1226
100 2 1 1260
100 2 2 1247
100 3 0 1235
100 3 1 1198
100 3 2 1263
100 4 0 1198
100 4 1 1238
100 4 2 1208
100 5 0 1184
100 5 1 1246
100 5 2 1200
100 6 0 1213
100 6 1 1259
100 6 2 1107
100 7 0 1179
100 7 1 1202
100 7 2 1187
100 8 0 1178
100 8 1 1211
100 8 2 1252
100 9 0 1214
100 9 1 1168
100 9 2 1131
60 0 3 393
60 0 4 437
60 0 5 437
60 0 6 434
60 0 7 439
60 0 8 447
60 0 9 442
60 0 10 417
60 1 3 423
60 1 4 431
60 1 5 440
60 1 6 357
60 1 7 466
60 1 8 423
60 1 9 447
60 1 10 448
60 2 3 438
60 2 4 439
60 2 5 443
60 2 6 426
60 2 7 436
60 2 8 455
60 2 9 384
60 2 10 451
60 3 3 430
60 3 4 412
60 3 5 423
60 3 6 403
60 3 7 455
60 3 8 450
60 3 9 433
60 3 10 388
60 4 3 354
60 4 4 429
60 4 5 442
60 4 6 416
60 4 7 370
60 4 8 437
60 4 9 392
60 4 10 432
60 5 3 445
60 5 4 439
60 5 5 379
60 5 6 444
60 5 7 455
60 5 8 414
60 5 9 436
60 5 10 447
60 6 3 445
60 6 4 431
60 6 5 454
60 6 6 426
60 6 7 421
60 6 8 454
60 6 9 414
60 6 10 427
60 7 3 421
60 7 4 443
60 7 5 407
60 7 6 445
60 7 7 438
60 7 8 448
60 7 9 331
60 7 10 428
60 8 3 462
60 8 4 450
60 8 5 447
60 8 6 449
60 8 7 448
60 8 8 410
60 8 9 376
60 8 10 450
60 9 3 437
60 9 4 449
60 9 5 451
60 9 6 406
60 9 7 369
60 9 8 370
60 9 9 397
60 9 10 429
80 0 3 806
80 0 4 757
80 0 5 686
80 0 6 760
80 0 7 730
80 0 8 777
80 0 9 776
80 0 10 677
80 1 3 789
80 1 4 643
80 1 5 820
80 1 6 761
80 1 7 775
80 1 8 754
80 1 9 808
80 1 10 778
80 2 3 779
80 2 4 787
80 2 5 771
80 2 6 796
80 2 7 775
80 2 8 615
80 2 9 768
80 2 10 722
80 3 3 808
80 3 4 794
80 3 5 741
80 3 6 744
80 3 7 773
80 3 8 773
80 3 9 808
80 3 10 791
80 4 3 791
80 4 4 785
80 4 5 761
80 4 6 676
80 4 7 764
80 4 8 796
80 4 9 809
80 4 10 768
80 5 3 764
80 5 4 753
80 5 5 738
80 5 6 748
80 5 7 807
80 5 8 787
80 5 9 622
80 5 10 624
80 6 3 736
80 6 4 780
80 6 5 789
80 6 6 769
80 6 7 768
80 6 8 772
80 6 9 749
80 6 10 797
80 7 3 765
80 7 4 740
80 7 5 786
80 7 6 809
80 7 7 808
80 7 8 805
80 7 9 702
80 7 10 708
80 8 3 747
80 8 4 775
80 8 5 776
80 8 6 792
80 8 7 808
80 8 8 794
80 8 9 794
80 8 10 801
80 9 3 800
80 9 4 771
80 9 5 800
80 9 6 794
80 9 7 768
80 9 8 702
80 9 9 673
80 9 10 788
100 0 3 1190
100 0 4 1196
100 0 5 1218
100 0 6 1202
100 0 7 1255
100 0 8 1179
100 0 9 1242
100 0 10 1205
100 1 3 1210
100 1 4 1158
100 1 5 1248
100 1 6 1249
100 1 7 1147
100 1 8 1135
100 1 9 1226
100 1 10 1170
100 2 3 1174
100 2 4 1168
100 2 5 1208
100 2 6 1240
100 2 7 1038
100 2 8 1228
100 2 9 1172
100 2 10 1232
100 3 3 1230
100 3 4 1196
100 3 5 1153
100 3 6 1246
100 3 7 1241
100 3 8 1250
100 3 9 1257
100 3 10 1207
100 4 3 1175
100 4 4 1202
100 4 5 1207
100 4 6 1251
100 4 7 1240
100 4 8 1209
100 4 9 1184
100 4 10 1243
100 5 3 1216
100 5 4 1254
100 5 5 1189
100 5 6 1203
100 5 7 1165
100 5 8 1168
100 5 9 798
100 5 10 1179
100 6 3 1136
100 6 4 1223
100 6 5 1078
100 6 6 1213
100 6 7 1166
100 6 8 1200
100 6 9 1267
100 6 10 1218
100 7 3 1172
100 7 4 1247
100 7 5 1118
100 7 6 1260
100 7 7 1250
100 7 8 1210
100 7 9 1228
100 7 10 1209
100 8 3 1211
100 8 4 1186
100 8 5 1222
100 8 6 1206
100 8 7 1173
100 8 8 982
100 8 9 1129
100 8 10 1082
100 9 3 1245
100 9 4 1233
100 9 5 1210
100 9 6 1137
100 9 7 1203
100 9 8 1066
100 9 9 1196
100 9 10 1132
