60 0 0 429
60 0 1 425
60 0 2 380
60 1 0 456
60 1 1 425
60 1 2 368
60 2 0 432
60 2 1 449
60 2 2 439
60 3 0 433
60 3 1 441
60 3 2 428
60 4 0 408
60 4 1 425
60 4 2 444
60 5 0 422
60 5 1 449
60 5 2 433
60 6 0 454
60 6 1 440
60 6 2 429
60 7 0 439
60 7 1 453
60 7 2 446
60 8 0 435
60 8 1 448
60 8 2 391
60 9 0 462
60 9 1 400
60 9 2 415
80 0 0 710
80 0 1 765
80 0 2 782
80 1 0 765
80 1 1 788
80 1 2 818
80 2 0 782
80 2 1 794
80 2 2 734
80 3 0 811
80 3 1 814
80 3 2 804
80 4 0 770
80 4 1 687
80 4 2 791
80 5 0 793
80 5 1 803
80 5 2 801
80 6 0 786
80 6 1 770
80 6 2 787
80 7 0 677
80 7 1 775
80 7 2 798
80 8 0 729
80 8 1 769
80 8 2 646
80 9 0 765
80 9 1 806
80 9 2 764
100 0 0 1223
100 0 1 1259
100 0 2 1233
100 1 0 1264
100 1 1 1244
100 1 2 1218
100 2 0 1175
100 2 1 1260
100 2 2 1157
100 3 0 1206
100 3 1 1198
100 3 2 1093
100 4 0 1172
100 4 1 1221
100 4 2 1230
100 5 0 1249
100 5 1 1252
100 5 2 1173
100 6 0 1220
100 6 1 1238
100 6 2 1228
100 7 0 1268
100 7 1 1253
100 7 2 1236
100 8 0 1242
100 8 1 1241
100 8 2 1230
100 9 0 1168
100 9 1 1196
100 9 2 1108
60 0 3 433
60 0 4 359
60 0 5 440
60 0 6 418
60 0 7 340
60 0 8 447
60 0 9 442
60 0 10 379
60 1 3 409
60 1 4 382
60 1 5 437
60 1 6 450
60 1 7 436
60 1 8 404
60 1 9 421
60 1 10 406
60 2 3 430
60 2 4 445
60 2 5 399
60 2 6 430
60 2 7 365
60 2 8 434
60 2 9 430
60 2 10 431
60 3 3 437
60 3 4 443
60 3 5 430
60 3 6 461
60 3 7 471
60 3 8 401
60 3 9 436
60 3 10 448
60 4 3 429
60 4 4 399
60 4 5 398
60 4 6 420
60 4 7 452
60 4 8 454
60 4 9 437
60 4 10 461
60 5 3 453
60 5 4 349
60 5 5 447
60 5 6 451
60 5 7 428
60 5 8 416
60 5 9 442
60 5 10 454
60 6 3 409
60 6 4 458
60 6 5 449
60 6 6 435
60 6 7 460
60 6 8 424
60 6 9 408
60 6 10 452
60 7 3 425
60 7 4 420
60 7 5 408
60 7 6 434
60 7 7 409
60 7 8 451
60 7 9 410
60 7 10 433
60 8 3 440
60 8 4 431
60 8 5 440
60 8 6 369
60 8 7 420
60 8 8 373
60 8 9 457
60 8 10 421
60 9 3 419
60 9 4 426
60 9 5 446
60 9 6 428
60 9 7 461
60 9 8 448
60 9 9 448
60 9 10 404
80 0 3 739
80 0 4 781
80 0 5 804
80 0 6 794
80 0 7 788
80 0 8 778
80 0 9 797
80 0 10 768
80 1 3 769
80 1 4 755
80 1 5 766
80 1 6 768
80 1 7 786
80 1 8 789
80 1 9 799
80 1 10 734
80 2 3 795
80 2 4 712
80 2 5 791
80 2 6 826
80 2 7 735
80 2 8 736
80 2 9 798
80 2 10 786
80 3 3 778
80 3 4 775
80 3 5 787
80 3 6 750
80 3 7 816
80 3 8 767
80 3 9 786
80 3 10 796
80 4 3 765
80 4 4 773
80 4 5 677
80 4 6 731
80 4 7 815
80 4 8 783
80 4 9 800
80 4 10 789
80 5 3 789
80 5 4 813
80 5 5 776
80 5 6 770
80 5 7 777
80 5 8 681
80 5 9 794
80 5 10 788
80 6 3 707
80 6 4 771
80 6 5 789
80 6 6 781
80 6 7 786
80 6 8 795
80 6 9 783
80 6 10 752
80 7 3 717
80 7 4 792
80 7 5 674
80 7 6 804
80 7 7 734
80 7 8 720
80 7 9 780
80 7 10 795
80 8 3 787
80 8 4 716
80 8 5 715
80 8 6 801
80 8 7 829
80 8 8 813
80 8 9 773
80 8 10 772
80 9 3 825
80 9 4 741
80 9 5 786
80 9 6 763
80 9 7 803
80 9 8 788
80 9 9 756
80 9 10 790
100 0 3 1240
100 0 4 1225
100 0 5 1168
100 0 6 1244
100 0 7 1264
100 0 8 1207
100 0 9 1224
100 0 10 1182
100 1 3 1263
100 1 4 1214
100 1 5 1111
100 1 6 1238
100 1 7 1200
100 1 8 1226
100 1 9 1211
100 1 10 1225
100 2 3 1244
100 2 4 1247
100 2 5 1214
100 2 6 1240
100 2 7 1206
100 2 8 1223
100 2 9 1254
100 2 10 1228
100 3 3 1231
100 3 4 1216
100 3 5 1104
100 3 6 1270
100 3 7 1234
100 3 8 1251
100 3 9 1225
100 3 10 1204
100 4 3 1186
100 4 4 990
100 4 5 1248
100 4 6 1242
100 4 7 1236
100 4 8 1209
100 4 9 1222
100 4 10 1113
100 5 3 1181
100 5 4 1238
100 5 5 1121
100 5 6 1231
100 5 7 1224
100 5 8 1271
100 5 9 1178
100 5 10 1183
100 6 3 1239
100 6 4 1227
100 6 5 1230
100 6 6 1236
100 6 7 1257
100 6 8 1213
100 6 9 988
100 6 10 1171
100 7 3 1230
100 7 4 1260
100 7 5 1203
100 7 6 1212
100 7 7 1273
100 7 8 1192
100 7 9 1253
100 7 10 1222
100 8 3 1225
100 8 4 1188
100 8 5 1219
100 8 6 1231
100 8 7 1195
100 8 8 1140
100 8 9 1255
100 8 10 1205
100 9 3 1190
100 9 4 1257
100 9 5 1249
100 9 6 1286
100 9 7 1205
100 9 8 1252
100 9 9 1175
100 9 10 1192
