60 0 0 437
60 0 1 461
60 0 2 437
60 1 0 403
60 1 1 431
60 1 2 453
60 2 0 450
60 2 1 428
60 2 2 409
60 3 0 449
60 3 1 458
60 3 2 449
60 4 0 455
60 4 1 451
60 4 2 453
60 5 0 444
60 5 1 454
60 5 2 359
60 6 0 417
60 6 1 443
60 6 2 458
60 7 0 440
60 7 1 440
60 7 2 445
60 8 0 433
60 8 1 440
60 8 2 448
60 9 0 431
60 9 1 432
60 9 2 423
80 0 0 789
80 0 1 787
80 0 2 785
80 1 0 802
80 1 1 800
80 1 2 771
80 2 0 745
80 2 1 803
80 2 2 801
80 3 0 791
80 3 1 781
80 3 2 786
80 4 0 805
80 4 1 799
80 4 2 805
80 5 0 717
80 5 1 780
80 5 2 786
80 6 0 798
80 6 1 769
80 6 2 767
80 7 0 764
80 7 1 768
80 7 2 816
80 8 0 745
80 8 1 776
80 8 2 781
80 9 0 779
80 9 1 803
80 9 2 779
100 0 0 1235
100 0 1 1258
100 0 2 1263
100 1 0 1247
100 1 1 1212
100 1 2 1221
100 2 0 1234
100 2 1 1235
100 2 2 1219
100 3 0 1171
100 3 1 1249
100 3 2 1204
100 4 0 1249
100 4 1 1247
100 4 2 1125
100 5 0 1137
100 5 1 1242
100 5 2 1273
100 6 0 1210
100 6 1 1090
100 6 2 1219
100 7 0 1258
100 7 1 1241
100 7 2 1218
100 8 0 1212
100 8 1 1255
100 8 2 1172
100 9 0 1193
100 9 1 1195
100 9 2 1210
60 0 3 435
60 0 4 464
60 0 5 436
60 0 6 446
60 0 7 415
60 0 8 446
60 0 9 428
60 0 10 431
60 1 3 428
60 1 4 448
60 1 5 443
60 1 6 436
60 1 7 378
60 1 8 440
60 1 9 445
60 1 10 439
60 2 3 451
60 2 4 389
60 2 5 438
60 2 6 418
60 2 7 456
60 2 8 440
60 2 9 432
60 2 10 437
60 3 3 426
60 3 4 396
60 3 5 402
60 3 6 417
60 3 7 431
60 3 8 364
60 3 9 411
60 3 10 430
60 4 3 417
60 4 4 432
60 4 5 432
60 4 6 478
60 4 7 458
60 4 8 410
60 4 9 458
60 4 10 442
60 5 3 456
60 5 4 448
60 5 5 444
60 5 6 462
60 5 7 444
60 5 8 426
60 5 9 426
60 5 10 448
60 6 3 410
60 6 4 442
60 6 5 424
60 6 6 433
60 6 7 439
60 6 8 455
60 6 9 457
60 6 10 421
60 7 3 392
60 7 4 462
60 7 5 442
60 7 6 439
60 7 7 436
60 7 8 444
60 7 9 434
60 7 10 450
60 8 3 448
60 8 4 452
60 8 5 444
60 8 6 454
60 8 7 409
60 8 8 401
60 8 9 424
60 8 10 444
60 9 3 444
60 9 4 420
60 9 5 448
60 9 6 449
60 9 7 428
60 9 8 455
60 9 9 444
60 9 10 424
80 0 3 798
80 0 4 798
80 0 5 793
80 0 6 762
80 0 7 790
80 0 8 762
80 0 9 816
80 0 10 787
80 1 3 776
80 1 4 791
80 1 5 799
80 1 6 781
80 1 7 777
80 1 8 688
80 1 9 795
80 1 10 794
80 2 3 801
80 2 4 744
80 2 5 785
80 2 6 757
80 2 7 785
80 2 8 801
80 2 9 772
80 2 10 792
80 3 3 811
80 3 4 793
80 3 5 798
80 3 6 770
80 3 7 805
80 3 8 791
80 3 9 775
80 3 10 793
80 4 3 769
80 4 4 745
80 4 5 781
80 4 6 724
80 4 7 773
80 4 8 818
80 4 9 814
80 4 10 781
80 5 3 770
80 5 4 815
80 5 5 757
80 5 6 791
80 5 7 735
80 5 8 809
80 5 9 789
80 5 10 807
80 6 3 826
80 6 4 775
80 6 5 792
80 6 6 779
80 6 7 820
80 6 8 790
80 6 9 816
80 6 10 771
80 7 3 791
80 7 4 757
80 7 5 783
80 7 6 689
80 7 7 784
80 7 8 804
80 7 9 801
80 7 10 812
80 8 3 782
80 8 4 755
80 8 5 808
80 8 6 732
80 8 7 778
80 8 8 759
80 8 9 785
80 8 10 801
80 9 3 818
80 9 4 799
80 9 5 794
80 9 6 802
80 9 7 802
80 9 8 797
80 9 9 774
80 9 10 728
100 0 3 1185
100 0 4 1208
100 0 5 1223
100 0 6 1210
100 0 7 1238
100 0 8 1236
100 0 9 1208
100 0 10 1265
100 1 3 1268
100 1 4 1206
100 1 5 1222
100 1 6 1248
100 1 7 1136
100 1 8 1221
100 1 9 1208
100 1 10 1233
100 2 3 1228
100 2 4 1225
100 2 5 1260
100 2 6 1189
100 2 7 1235
100 2 8 1242
100 2 9 1233
100 2 10 1228
100 3 3 1221
100 3 4 1223
100 3 5 1172
100 3 6 1205
100 3 7 1198
100 3 8 1222
100 3 9 1144
100 3 10 1215
100 4 3 1187
100 4 4 1239
100 4 5 1246
100 4 6 1235
100 4 7 1278
100 4 8 1247
100 4 9 1234
100 4 10 1221
100 5 3 1236
100 5 4 1136
100 5 5 1252
100 5 6 1229
100 5 7 1274
100 5 8 1245
100 5 9 1214
100 5 10 1249
100 6 3 1233
100 6 4 1245
100 6 5 1244
100 6 6 1168
100 6 7 1229
100 6 8 1215
100 6 9 1237
100 6 10 1233
100 7 3 1197
100 7 4 1251
100 7 5 1245
100 7 6 1292
100 7 7 1230
100 7 8 1237
100 7 9 1270
100 7 10 1273
100 8 3 1258
100 8 4 1235
100 8 5 1204
100 8 6 1255
100 8 7 1244
100 8 8 1230
100 8 9 1251
100 8 10 1254
100 9 3 1156
100 9 4 1246
100 9 5 1261
100 9 6 1253
100 9 7 1227
100 9 8 1239
100 9 9 1231
100 9 10 1241
