60 0 0 442
60 0 1 434
60 0 2 444
60 1 0 391
60 1 1 449
60 1 2 400
60 2 0 427
60 2 1 455
60 2 2 426
60 3 0 419
60 3 1 412
60 3 2 453
60 4 0 447
60 4 1 442
60 4 2 426
60 5 0 424
60 5 1 423
60 5 2 437
60 6 0 445
60 6 1 420
60 6 2 443
60 7 0 433
60 7 1 460
60 7 2 405
60 8 0 458
60 8 1 443
60 8 2 435
60 9 0 462
60 9 1 441
60 9 2 437
80 0 0 782
80 0 1 784
80 0 2 795
80 1 0 793
80 1 1 810
80 1 2 752
80 2 0 773
80 2 1 790
80 2 2 800
80 3 0 794
80 3 1 760
80 3 2 789
80 4 0 797
80 4 1 775
80 4 2 790
80 5 0 765
80 5 1 798
80 5 2 793
80 6 0 797
80 6 1 796
80 6 2 794
80 7 0 777
80 7 1 780
80 7 2 792
80 8 0 804
80 8 1 780
80 8 2 765
80 9 0 803
80 9 1 782
80 9 2 795
100 0 0 1219
100 0 1 1195
100 0 2 1208
100 1 0 1214
100 1 1 1216
100 1 2 1223
100 2 0 1224
100 2 1 1214
100 2 2 1218
100 3 0 1212
100 3 1 1237
100 3 2 1268
100 4 0 1199
100 4 1 1220
100 4 2 1200
100 5 0 1239
100 5 1 1220
100 5 2 1019
100 6 0 1219
100 6 1 1205
100 6 2 1218
100 7 0 1170
100 7 1 1263
100 7 2 1213
100 8 0 1229
100 8 1 1250
100 8 2 1236
100 9 0 1200
100 9 1 1243
100 9 2 1215
60 0 3 427
60 0 4 421
60 0 5 425
60 0 6 388
60 0 7 397
60 0 8 427
60 0 9 441
60 0 10 440
60 1 3 452
60 1 4 449
60 1 5 405
60 1 6 415
60 1 7 443
60 1 8 422
60 1 9 439
60 1 10 422
60 2 3 444
60 2 4 448
60 2 5 444
60 2 6 427
60 2 7 425
60 2 8 404
60 2 9 448
60 2 10 458
60 3 3 421
60 3 4 435
60 3 5 451
60 3 6 428
60 3 7 405
60 3 8 450
60 3 9 440
60 3 10 393
60 4 3 354
60 4 4 437
60 4 5 398
60 4 6 344
60 4 7 451
60 4 8 436
60 4 9 436
60 4 10 422
60 5 3 426
60 5 4 437
60 5 5 449
60 5 6 422
60 5 7 422
60 5 8 402
60 5 9 428
60 5 10 367
60 6 3 418
60 6 4 460
60 6 5 451
60 6 6 427
60 6 7 456
60 6 8 423
60 6 9 409
60 6 10 451
60 7 3 418
60 7 4 416
60 7 5 425
60 7 6 459
60 7 7 423
60 7 8 383
60 7 9 416
60 7 10 456
60 8 3 436
60 8 4 415
60 8 5 439
60 8 6 467
60 8 7 449
60 8 8 386
60 8 9 433
60 8 10 439
60 9 3 405
60 9 4 457
60 9 5 444
60 9 6 448
60 9 7 439
60 9 8 440
60 9 9 426
60 9 10 455
80 0 3 796
80 0 4 748
80 0 5 680
80 0 6 792
80 0 7 793
80 0 8 732
80 0 9 807
80 0 10 766
80 1 3 788
80 1 4 793
80 1 5 784
80 1 6 712
80 1 7 723
80 1 8 780
80 1 9 800
80 1 10 738
80 2 3 748
80 2 4 644
80 2 5 725
80 2 6 743
80 2 7 758
80 2 8 772
80 2 9 732
80 2 10 788
80 3 3 771
80 3 4 740
80 3 5 790
80 3 6 822
80 3 7 805
80 3 8 788
80 3 9 774
80 3 10 797
80 4 3 743
80 4 4 803
80 4 5 793
80 4 6 799
80 4 7 798
80 4 8 774
80 4 9 747
80 4 10 754
80 5 3 758
80 5 4 803
80 5 5 800
80 5 6 789
80 5 7 761
80 5 8 812
80 5 9 770
80 5 10 758
80 6 3 744
80 6 4 792
80 6 5 790
80 6 6 796
80 6 7 781
80 6 8 787
80 6 9 800
80 6 10 802
80 7 3 807
80 7 4 547
80 7 5 741
80 7 6 787
80 7 7 787
80 7 8 769
80 7 9 792
80 7 10 754
80 8 3 732
80 8 4 798
80 8 5 798
80 8 6 793
80 8 7 802
80 8 8 793
80 8 9 789
80 8 10 774
80 9 3 793
80 9 4 747
80 9 5 766
80 9 6 775
80 9 7 781
80 9 8 772
80 9 9 798
80 9 10 775
100 0 3 1223
100 0 4 1237
100 0 5 1218
100 0 6 1213
100 0 7 1225
100 0 8 1218
100 0 9 1239
100 0 10 1202
100 1 3 1216
100 1 4 1200
100 1 5 1185
100 1 6 1188
100 1 7 1242
100 1 8 1216
100 1 9 1235
100 1 10 1245
100 2 3 1256
100 2 4 1241
100 2 5 1259
100 2 6 1246
100 2 7 1235
100 2 8 1215
100 2 9 1226
100 2 10 1180
100 3 3 1258
100 3 4 1235
100 3 5 1123
100 3 6 1224
100 3 7 1083
100 3 8 1266
100 3 9 1218
100 3 10 1198
100 4 3 1271
100 4 4 1249
100 4 5 1208
100 4 6 1200
100 4 7 1206
100 4 8 1202
100 4 9 1120
100 4 10 1239
100 5 3 1227
100 5 4 1235
100 5 5 1233
100 5 6 1243
100 5 7 1238
100 5 8 1251
100 5 9 1220
100 5 10 1228
100 6 3 1255
100 6 4 1201
100 6 5 1232
100 6 6 1233
100 6 7 1230
100 6 8 1217
100 6 9 1097
100 6 10 1252
100 7 3 1253
100 7 4 1251
100 7 5 1216
100 7 6 1212
100 7 7 1175
100 7 8 1231
100 7 9 1173
100 7 10 1200
100 8 3 1267
100 8 4 1230
100 8 5 1218
100 8 6 1114
100 8 7 1207
100 8 8 1201
100 8 9 1111
100 8 10 1232
100 9 3 1232
100 9 4 1234
100 9 5 1195
100 9 6 1210
100 9 7 1207
100 9 8 1117
100 9 9 1122
100 9 10 1254
