60 0 0 441
60 0 1 429
60 0 2 397
60 1 0 429
60 1 1 446
60 1 2 457
60 2 0 443
60 2 1 448
60 2 2 444
60 3 0 434
60 3 1 473
60 3 2 434
60 4 0 446
60 4 1 440
60 4 2 456
60 5 0 431
60 5 1 434
60 5 2 446
60 6 0 438
60 6 1 435
60 6 2 456
60 7 0 408
60 7 1 411
60 7 2 446
60 8 0 348
60 8 1 454
60 8 2 412
60 9 0 431
60 9 1 458
60 9 2 439
80 0 0 739
80 0 1 789
80 0 2 792
80 1 0 799
80 1 1 746
80 1 2 777
80 2 0 777
80 2 1 780
80 2 2 753
80 3 0 761
80 3 1 717
80 3 2 789
80 4 0 813
80 4 1 789
80 4 2 799
80 5 0 786
80 5 1 770
80 5 2 740
80 6 0 802
80 6 1 803
80 6 2 787
80 7 0 798
80 7 1 768
80 7 2 793
80 8 0 804
80 8 1 791
80 8 2 770
80 9 0 789
80 9 1 806
80 9 2 796
100 0 0 1237
100 0 1 1237
100 0 2 1248
100 1 0 1226
100 1 1 1205
100 1 2 1226
100 2 0 1237
100 2 1 1222
100 2 2 1270
100 3 0 1146
100 3 1 1193
100 3 2 1217
100 4 0 1224
100 4 1 1261
100 4 2 1135
100 5 0 1197
100 5 1 1224
100 5 2 1207
100 6 0 1226
100 6 1 1222
100 6 2 1236
100 7 0 1171
100 7 1 1223
100 7 2 1158
100 8 0 1238
100 8 1 1261
100 8 2 1149
100 9 0 1249
100 9 1 1177
100 9 2 1237
60 0 3 441
60 0 4 424
60 0 5 465
60 0 6 424
60 0 7 448
60 0 8 430
60 0 9 447
60 0 10 446
60 1 3 430
60 1 4 429
60 1 5 427
60 1 6 423
60 1 7 432
60 1 8 418
60 1 9 432
60 1 10 442
60 2 3 442
60 2 4 456
60 2 5 454
60 2 6 427
60 2 7 393
60 2 8 417
60 2 9 404
60 2 10 455
60 3 3 451
60 3 4 402
60 3 5 456
60 3 6 434
60 3 7 421
60 3 8 415
60 3 9 294
60 3 10 421
60 4 3 330
60 4 4 423
60 4 5 386
60 4 6 458
60 4 7 413
60 4 8 438
60 4 9 457
60 4 10 421
60 5 3 462
60 5 4 418
60 5 5 441
60 5 6 406
60 5 7 445
60 5 8 431
60 5 9 451
60 5 10 419
60 6 3 444
60 6 4 434
60 6 5 446
60 6 6 445
60 6 7 445
60 6 8 435
60 6 9 428
60 6 10 433
60 7 3 433
60 7 4 442
60 7 5 419
60 7 6 437
60 7 7 445
60 7 8 432
60 7 9 449
60 7 10 401
60 8 3 385
60 8 4 445
60 8 5 415
60 8 6 427
60 8 7 407
60 8 8 425
60 8 9 357
60 8 10 454
60 9 3 395
60 9 4 445
60 9 5 445
60 9 6 384
60 9 7 443
60 9 8 450
60 9 9 440
60 9 10 427
80 0 3 795
80 0 4 786
80 0 5 736
80 0 6 781
80 0 7 774
80 0 8 776
80 0 9 779
80 0 10 786
80 1 3 789
80 1 4 816
80 1 5 775
80 1 6 757
80 1 7 789
80 1 8 755
80 1 9 778
80 1 10 707
80 2 3 786
80 2 4 815
80 2 5 810
80 2 6 787
80 2 7 793
80 2 8 707
80 2 9 792
80 2 10 750
80 3 3 784
80 3 4 793
80 3 5 760
80 3 6 761
80 3 7 776
80 3 8 804
80 3 9 781
80 3 10 754
80 4 3 730
80 4 4 699
80 4 5 789
80 4 6 780
80 4 7 736
80 4 8 788
80 4 9 788
80 4 10 773
80 5 3 796
80 5 4 797
80 5 5 784
80 5 6 793
80 5 7 795
80 5 8 770
80 5 9 767
80 5 10 798
80 6 3 781
80 6 4 754
80 6 5 795
80 6 6 808
80 6 7 758
80 6 8 792
80 6 9 794
80 6 10 788
80 7 3 780
80 7 4 787
80 7 5 786
80 7 6 784
80 7 7 758
80 7 8 788
80 7 9 787
80 7 10 749
80 8 3 795
80 8 4 751
80 8 5 794
80 8 6 808
80 8 7 774
80 8 8 777
80 8 9 796
80 8 10 809
80 9 3 775
80 9 4 801
80 9 5 798
80 9 6 788
80 9 7 704
80 9 8 792
80 9 9 777
80 9 10 780
100 0 3 1142
100 0 4 1240
100 0 5 1248
100 0 6 1184
100 0 7 1247
100 0 8 1181
100 0 9 1161
100 0 10 1218
100 1 3 1233
100 1 4 1232
100 1 5 1161
100 1 6 1228
100 1 7 1211
100 1 8 1180
100 1 9 1180
100 1 10 1217
100 2 3 1210
100 2 4 1230
100 2 5 1200
100 2 6 1202
100 2 7 1195
100 2 8 1243
100 2 9 1240
100 2 10 1237
100 3 3 1166
100 3 4 1204
100 3 5 1212
100 3 6 1126
100 3 7 1216
100 3 8 1234
100 3 9 1188
100 3 10 1228
100 4 3 1200
100 4 4 1202
100 4 5 1205
100 4 6 1225
100 4 7 1153
100 4 8 1229
100 4 9 1239
100 4 10 1226
100 5 3 1254
100 5 4 1206
100 5 5 1227
100 5 6 1211
100 5 7 1216
100 5 8 1231
100 5 9 1238
100 5 10 1220
100 6 3 1190
100 6 4 1205
100 6 5 1267
100 6 6 1268
100 6 7 1254
100 6 8 1211
100 6 9 1204
100 6 10 1203
100 7 3 1171
100 7 4 1176
100 7 5 1210
100 7 6 1211
100 7 7 1221
100 7 8 1241
100 7 9 1194
100 7 10 1238
100 8 3 1223
100 8 4 1247
100 8 5 1218
100 8 6 1237
100 8 7 1244
100 8 8 1253
100 8 9 1220
100 8 10 1249
100 9 3 1235
100 9 4 1263
100 9 5 1266
100 9 6 1193
100 9 7 1235
100 9 8 1218
100 9 9 1249
100 9 10 1242
