60 0 0 291
60 0 1 353
60 0 2 440
60 1 0 388
60 1 1 434
60 1 2 413
60 2 0 425
60 2 1 450
60 2 2 363
60 3 0 451
60 3 1 437
60 3 2 371
60 4 0 445
60 4 1 428
60 4 2 451
60 5 0 436
60 5 1 382
60 5 2 423
60 6 0 423
60 6 1 437
60 6 2 448
60 7 0 428
60 7 1 438
60 7 2 428
60 8 0 412
60 8 1 446
60 8 2 368
60 9 0 436
60 9 1 425
60 9 2 447
80 0 0 787
80 0 1 712
80 0 2 760
80 1 0 785
80 1 1 728
80 1 2 776
80 2 0 705
80 2 1 787
80 2 2 792
80 3 0 715
80 3 1 786
80 3 2 673
80 4 0 776
80 4 1 794
80 4 2 764
80 5 0 776
80 5 1 802
80 5 2 748
80 6 0 794
80 6 1 772
80 6 2 734
80 7 0 776
80 7 1 774
80 7 2 818
80 8 0 734
80 8 1 794
80 8 2 662
80 9 0 726
80 9 1 745
80 9 2 762
100 0 0 1224
100 0 1 1205
100 0 2 1262
100 1 0 1226
100 1 1 1224
100 1 2 1238
100 2 0 1255
100 2 1 1244
100 2 2 1121
100 3 0 1169
100 3 1 1224
100 3 2 1245
100 4 0 1147
100 4 1 1179
100 4 2 1265
100 5 0 1206
100 5 1 1227
100 5 2 1105
100 6 0 1228
100 6 1 1246
100 6 2 1216
100 7 0 1014
100 7 1 1242
100 7 2 1181
100 8 0 1225
100 8 1 1117
100 8 2 1156
100 9 0 1235
100 9 1 1194
100 9 2 1152
60 0 3 430
60 0 4 417
60 0 5 461
60 0 6 408
60 0 7 447
60 0 8 453
60 0 9 473
60 0 10 412
60 1 3 455
60 1 4 416
60 1 5 376
60 1 6 439
60 1 7 445
60 1 8 424
60 1 9 382
60 1 10 439
60 2 3 393
60 2 4 439
60 2 5 429
60 2 6 440
60 2 7 442
60 2 8 393
60 2 9 423
60 2 10 442
60 3 3 322
60 3 4 430
60 3 5 435
60 3 6 397
60 3 7 412
60 3 8 416
60 3 9 432
60 3 10 378
60 4 3 446
60 4 4 404
60 4 5 361
60 4 6 459
60 4 7 403
60 4 8 432
60 4 9 380
60 4 10 424
60 5 3 451
60 5 4 439
60 5 5 414
60 5 6 442
60 5 7 431
60 5 8 396
60 5 9 428
60 5 10 457
60 6 3 432
60 6 4 435
60 6 5 416
60 6 6 388
60 6 7 409
60 6 8 464
60 6 9 423
60 6 10 444
60 7 3 422
60 7 4 419
60 7 5 367
60 7 6 451
60 7 7 421
60 7 8 437
60 7 9 429
60 7 10 452
60 8 3 433
60 8 4 373
60 8 5 451
60 8 6 420
60 8 7 440
60 8 8 373
60 8 9 445
60 8 10 452
60 9 3 426
60 9 4 433
60 9 5 377
60 9 6 415
60 9 7 432
60 9 8 440
60 9 9 416
60 9 10 421
80 0 3 774
80 0 4 760
80 0 5 671
80 0 6 637
80 0 7 695
80 0 8 720
80 0 9 799
80 0 10 756
80 1 3 772
80 1 4 405
80 1 5 764
80 1 6 742
80 1 7 783
80 1 8 770
80 1 9 732
80 1 10 765
80 2 3 835
80 2 4 808
80 2 5 611
80 2 6 740
80 2 7 783
80 2 8 685
80 2 9 778
80 2 10 790
80 3 3 777
80 3 4 762
80 3 5 770
80 3 6 637
80 3 7 773
80 3 8 735
80 3 9 798
80 3 10 787
80 4 3 586
80 4 4 772
80 4 5 792
80 4 6 727
80 4 7 717
80 4 8 794
80 4 9 782
80 4 10 736
80 5 3 785
80 5 4 759
80 5 5 656
80 5 6 763
80 5 7 785
80 5 8 745
80 5 9 765
80 5 10 803
80 6 3 744
80 6 4 806
80 6 5 741
80 6 6 799
80 6 7 753
80 6 8 659
80 6 9 796
80 6 10 795
80 7 3 813
80 7 4 781
80 7 5 774
80 7 6 816
80 7 7 757
80 7 8 739
80 7 9 772
80 7 10 715
80 8 3 806
80 8 4 787
80 8 5 787
80 8 6 789
80 8 7 761
80 8 8 730
80 8 9 780
80 8 10 777
80 9 3 722
80 9 4 770
80 9 5 806
80 9 6 742
80 9 7 697
80 9 8 761
80 9 9 765
80 9 10 799
100 0 3 1218
100 0 4 1165
100 0 5 1214
100 0 6 1211
100 0 7 1198
100 0 8 1174
100 0 9 1192
100 0 10 1224
100 1 3 1233
100 1 4 1212
100 1 5 1233
100 1 6 1195
100 1 7 1130
100 1 8 1239
100 1 9 1234
100 1 10 1256
100 2 3 1218
100 2 4 1226
100 2 5 1271
100 2 6 1096
100 2 7 1233
100 2 8 1059
100 2 9 1184
100 2 10 1163
100 3 3 1223
100 3 4 1205
100 3 5 1062
100 3 6 1161
100 3 7 1235
100 3 8 1251
100 3 9 1160
100 3 10 1252
100 4 3 1237
100 4 4 1067
100 4 5 1156
100 4 6 1229
100 4 7 1265
100 4 8 983
100 4 9 999
100 4 10 1205
100 5 3 1192
100 5 4 1243
100 5 5 1231
100 5 6 1228
100 5 7 1152
100 5 8 1037
100 5 9 1152
100 5 10 1231
100 6 3 961
100 6 4 1131
100 6 5 1204
100 6 6 1204
100 6 7 1229
100 6 8 1233
100 6 9 1215
100 6 10 827
100 7 3 1184
100 7 4 1247
100 7 5 1136
100 7 6 1222
100 7 7 1219
100 7 8 1233
100 7 9 1175
100 7 10 1082
100 8 3 1215
100 8 4 1210
100 8 5 1200
100 8 6 1144
100 8 7 1219
100 8 8 1257
100 8 9 1217
100 8 10 1147
100 9 3 1183
100 9 4 1166
100 9 5 1243
100 9 6 1178
100 9 7 1240
100 9 8 1228
100 9 9 1116
100 9 10 1085
