60 0 0 435
60 0 1 441
60 0 2 447
60 1 0 423
60 1 1 435
60 1 2 443
60 2 0 410
60 2 1 391
60 2 2 449
60 3 0 437
60 3 1 404
60 3 2 436
60 4 0 455
60 4 1 443
60 4 2 408
60 5 0 430
60 5 1 437
60 5 2 441
60 6 0 403
60 6 1 454
60 6 2 434
60 7 0 434
60 7 1 435
60 7 2 445
60 8 0 404
60 8 1 394
60 8 2 444
60 9 0 444
60 9 1 408
60 9 2 452
80 0 0 829
80 0 1 814
80 0 2 792
80 1 0 801
80 1 1 823
80 1 2 789
80 2 0 773
80 2 1 766
80 2 2 804
80 3 0 762
80 3 1 776
80 3 2 793
80 4 0 776
80 4 1 774
80 4 2 752
80 5 0 714
80 5 1 810
80 5 2 764
80 6 0 775
80 6 1 796
80 6 2 779
80 7 0 769
80 7 1 792
80 7 2 791
80 8 0 817
80 8 1 794
80 8 2 807
80 9 0 774
80 9 1 773
80 9 2 780
100 0 0 1250
100 0 1 1201
100 0 2 1230
100 1 0 1217
100 1 1 1233
100 1 2 1266
100 2 0 1210
100 2 1 1234
100 2 2 1261
100 3 0 1250
100 3 1 1208
100 3 2 1243
100 4 0 1237
100 4 1 1222
100 4 2 1242
100 5 0 1233
100 5 1 1182
100 5 2 1177
100 6 0 1224
100 6 1 1245
100 6 2 1250
100 7 0 1253
100 7 1 1255
100 7 2 1263
100 8 0 1120
100 8 1 1202
100 8 2 1232
100 9 0 1229
100 9 1 1228
100 9 2 1248
60 0 3 416
60 0 4 440
60 0 5 394
60 0 6 454
60 0 7 454
60 0 8 382
60 0 9 406
60 0 10 429
60 1 3 451
60 1 4 445
60 1 5 386
60 1 6 482
60 1 7 336
60 1 8 432
60 1 9 424
60 1 10 428
60 2 3 421
60 2 4 442
60 2 5 444
60 2 6 381
60 2 7 401
60 2 8 437
60 2 9 404
60 2 10 450
60 3 3 435
60 3 4 403
60 3 5 454
60 3 6 444
60 3 7 448
60 3 8 444
60 3 9 460
60 3 10 340
60 4 3 454
60 4 4 418
60 4 5 428
60 4 6 400
60 4 7 455
60 4 8 435
60 4 9 425
60 4 10 449
60 5 3 432
60 5 4 427
60 5 5 423
60 5 6 446
60 5 7 399
60 5 8 434
60 5 9 444
60 5 10 403
60 6 3 415
60 6 4 339
60 6 5 423
60 6 6 449
60 6 7 447
60 6 8 426
60 6 9 433
60 6 10 426
60 7 3 445
60 7 4 440
60 7 5 443
60 7 6 394
60 7 7 464
60 7 8 440
60 7 9 459
60 7 10 424
60 8 3 415
60 8 4 412
60 8 5 437
60 8 6 430
60 8 7 447
60 8 8 434
60 8 9 443
60 8 10 443
60 9 3 424
60 9 4 443
60 9 5 442
60 9 6 420
60 9 7 424
60 9 8 457
60 9 9 417
60 9 10 465
80 0 3 761
80 0 4 788
80 0 5 809
80 0 6 734
80 0 7 781
80 0 8 745
80 0 9 766
80 0 10 785
80 1 3 802
80 1 4 772
80 1 5 809
80 1 6 748
80 1 7 787
80 1 8 779
80 1 9 796
80 1 10 801
80 2 3 762
80 2 4 762
80 2 5 767
80 2 6 714
80 2 7 792
80 2 8 788
80 2 9 815
80 2 10 815
80 3 3 747
80 3 4 782
80 3 5 789
80 3 6 799
80 3 7 793
80 3 8 745
80 3 9 814
80 3 10 785
80 4 3 779
80 4 4 775
80 4 5 818
80 4 6 792
80 4 7 791
80 4 8 810
80 4 9 750
80 4 10 808
80 5 3 753
80 5 4 809
80 5 5 813
80 5 6 796
80 5 7 773
80 5 8 772
80 5 9 768
80 5 10 798
80 6 3 793
80 6 4 768
80 6 5 789
80 6 6 800
80 6 7 809
80 6 8 778
80 6 9 756
80 6 10 832
80 7 3 799
80 7 4 810
80 7 5 813
80 7 6 798
80 7 7 772
80 7 8 808
80 7 9 659
80 7 10 808
80 8 3 789
80 8 4 721
80 8 5 788
80 8 6 762
80 8 7 793
80 8 8 820
80 8 9 765
80 8 10 800
80 9 3 791
80 9 4 789
80 9 5 771
80 9 6 789
80 9 7 789
80 9 8 798
80 9 9 762
80 9 10 776
100 0 3 1211
100 0 4 1252
100 0 5 1220
100 0 6 1234
100 0 7 1206
100 0 8 1268
100 0 9 1227
100 0 10 1204
100 1 3 1145
100 1 4 1209
100 1 5 1232
100 1 6 1235
100 1 7 1182
100 1 8 1251
100 1 9 1249
100 1 10 1213
100 2 3 1142
100 2 4 1197
100 2 5 1194
100 2 6 1147
100 2 7 1246
100 2 8 1186
100 2 9 1246
100 2 10 1239
100 3 3 1213
100 3 4 1255
100 3 5 1272
100 3 6 1243
100 3 7 1213
100 3 8 1223
100 3 9 1241
100 3 10 1255
100 4 3 1261
100 4 4 1216
100 4 5 1157
100 4 6 1252
100 4 7 1231
100 4 8 1256
100 4 9 1231
100 4 10 1114
100 5 3 1235
100 5 4 1201
100 5 5 1265
100 5 6 1223
100 5 7 1206
100 5 8 1238
100 5 9 1242
100 5 10 1222
100 6 3 1253
100 6 4 1189
100 6 5 1166
100 6 6 1288
100 6 7 1231
100 6 8 1260
100 6 9 1223
100 6 10 1255
100 7 3 1215
100 7 4 1100
100 7 5 1203
100 7 6 1247
100 7 7 1243
100 7 8 1226
100 7 9 1231
100 7 10 1240
100 8 3 1206
100 8 4 1222
100 8 5 1257
100 8 6 1251
100 8 7 1188
100 8 8 1242
100 8 9 1218
100 8 10 1235
100 9 3 1223
100 9 4 1190
100 9 5 1253
100 9 6 1218
100 9 7 1130
100 9 8 1184
100 9 9 1138
100 9 10 1265
