60 0 0 437
60 0 1 425
60 0 2 414
60 1 0 443
60 1 1 374
60 1 2 441
60 2 0 374
60 2 1 429
60 2 2 354
60 3 0 431
60 3 1 433
60 3 2 413
60 4 0 433
60 4 1 337
60 4 2 422
60 5 0 442
60 5 1 348
60 5 2 439
60 6 0 435
60 6 1 428
60 6 2 400
60 7 0 354
60 7 1 442
60 7 2 449
60 8 0 280
60 8 1 357
60 8 2 340
60 9 0 446
60 9 1 422
60 9 2 408
80 0 0 562
80 0 1 460
80 0 2 805
80 1 0 778
80 1 1 796
80 1 2 661
80 2 0 724
80 2 1 619
80 2 2 704
80 3 0 786
80 3 1 734
80 3 2 674
80 4 0 719
80 4 1 779
80 4 2 794
80 5 0 433
80 5 1 733
80 5 2 788
80 6 0 710
80 6 1 740
80 6 2 496
80 7 0 583
80 7 1 757
80 7 2 676
80 8 0 728
80 8 1 389
80 8 2 768
80 9 0 351
80 9 1 617
80 9 2 802
100 0 0 1235
100 0 1 1238
100 0 2 1218
100 1 0 1238
100 1 1 1180
100 1 2 1226
100 2 0 835
100 2 1 1148
100 2 2 1149
100 3 0 1190
100 3 1 1210
100 3 2 1213
100 4 0 1118
100 4 1 1112
100 4 2 610
100 5 0 1077
100 5 1 1097
100 5 2 1177
100 6 0 1205
100 6 1 744
100 6 2 914
100 7 0 1145
100 7 1 1214
100 7 2 1155
100 8 0 1201
100 8 1 1136
100 8 2 1248
100 9 0 1210
100 9 1 1153
100 9 2 1207
60 0 3 438
60 0 4 433
60 0 5 387
60 0 6 387
60 0 7 349
60 0 8 446
60 0 9 352
60 0 10 389
60 1 3 453
60 1 4 404
60 1 5 451
60 1 6 414
60 1 7 405
60 1 8 438
60 1 9 426
60 1 10 430
60 2 3 407
60 2 4 409
60 2 5 430
60 2 6 443
60 2 7 330
60 2 8 358
60 2 9 442
60 2 10 429
60 3 3 440
60 3 4 356
60 3 5 444
60 3 6 422
60 3 7 423
60 3 8 429
60 3 9 418
60 3 10 432
60 4 3 358
60 4 4 434
60 4 5 445
60 4 6 252
60 4 7 342
60 4 8 419
60 4 9 182
60 4 10 397
60 5 3 399
60 5 4 445
60 5 5 297
60 5 6 448
60 5 7 439
60 5 8 337
60 5 9 424
60 5 10 445
60 6 3 387
60 6 4 330
60 6 5 420
60 6 6 410
60 6 7 442
60 6 8 389
60 6 9 449
60 6 10 435
60 7 3 446
60 7 4 373
60 7 5 450
60 7 6 442
60 7 7 412
60 7 8 378
60 7 9 440
60 7 10 393
60 8 3 407
60 8 4 389
60 8 5 444
60 8 6 448
60 8 7 404
60 8 8 255
60 8 9 388
60 8 10 445
60 9 3 367
60 9 4 433
60 9 5 365
60 9 6 463
60 9 7 440
60 9 8 355
60 9 9 432
60 9 10 451
80 0 3 793
80 0 4 773
80 0 5 743
80 0 6 712
80 0 7 611
80 0 8 717
80 0 9 738
80 0 10 746
80 1 3 790
80 1 4 806
80 1 5 762
80 1 6 755
80 1 7 765
80 1 8 768
80 1 9 777
80 1 10 768
80 2 3 770
80 2 4 733
80 2 5 751
80 2 6 674
80 2 7 739
80 2 8 718
80 2 9 785
80 2 10 773
80 3 3 800
80 3 4 645
80 3 5 788
80 3 6 782
80 3 7 707
80 3 8 636
80 3 9 775
80 3 10 781
80 4 3 659
80 4 4 752
80 4 5 761
80 4 6 782
80 4 7 779
80 4 8 729
80 4 9 791
80 4 10 726
80 5 3 790
80 5 4 704
80 5 5 713
80 5 6 690
80 5 7 682
80 5 8 756
80 5 9 782
80 5 10 793
80 6 3 803
80 6 4 505
80 6 5 774
80 6 6 797
80 6 7 820
80 6 8 759
80 6 9 773
80 6 10 627
80 7 3 321
80 7 4 608
80 7 5 648
80 7 6 802
80 7 7 737
80 7 8 763
80 7 9 736
80 7 10 672
80 8 3 705
80 8 4 783
80 8 5 794
80 8 6 759
80 8 7 761
80 8 8 742
80 8 9 479
80 8 10 687
80 9 3 637
80 9 4 787
80 9 5 785
80 9 6 781
80 9 7 533
80 9 8 727
80 9 9 512
80 9 10 734
100 0 3 1215
100 0 4 1187
100 0 5 1047
100 0 6 1131
100 0 7 1226
100 0 8 1174
100 0 9 1187
100 0 10 1200
100 1 3 1105
100 1 4 1030
100 1 5 1230
100 1 6 1193
100 1 7 1226
100 1 8 1168
100 1 9 1198
100 1 10 1078
100 2 3 1101
100 2 4 1235
100 2 5 1140
100 2 6 1193
100 2 7 1217
100 2 8 1206
100 2 9 1162
100 2 10 1217
100 3 3 1178
100 3 4 1221
100 3 5 1126
100 3 6 1224
100 3 7 1142
100 3 8 1220
100 3 9 1133
100 3 10 806
100 4 3 1255
100 4 4 875
100 4 5 1244
100 4 6 1199
100 4 7 1118
100 4 8 1217
100 4 9 1033
100 4 10 1230
100 5 3 1231
100 5 4 1163
100 5 5 1221
100 5 6 1232
100 5 7 999
100 5 8 1223
100 5 9 969
100 5 10 1269
100 6 3 1170
100 6 4 1206
100 6 5 1222
100 6 6 1186
100 6 7 1164
100 6 8 1135
100 6 9 1197
100 6 10 966
100 7 3 1127
100 7 4 1237
100 7 5 1221
100 7 6 1238
100 7 7 1217
100 7 8 1210
100 7 9 999
100 7 10 1191
100 8 3 1129
100 8 4 1241
100 8 5 1139
100 8 6 1207
100 8 7 1096
100 8 8 1114
100 8 9 1252
100 8 10 1132
100 9 3 683
100 9 4 1218
100 9 5 1230
100 9 6 1088
100 9 7 1238
100 9 8 1251
100 9 9 1240
100 9 10 1258
