60 0 0 255
60 0 1 360
60 0 2 431
60 1 0 303
60 1 1 414
60 1 2 359
60 2 0 203
60 2 1 326
60 2 2 396
60 3 0 229
60 3 1 449
60 3 2 380
60 4 0 416
60 4 1 408
60 4 2 347
60 5 0 455
60 5 1 426
60 5 2 428
60 6 0 447
60 6 1 360
60 6 2 442
60 7 0 323
60 7 1 318
60 7 2 272
60 8 0 436
60 8 1 435
60 8 2 412
60 9 0 440
60 9 1 453
60 9 2 416
80 0 0 644
80 0 1 807
80 0 2 683
80 1 0 795
80 1 1 696
80 1 2 732
80 2 0 737
80 2 1 750
80 2 2 711
80 3 0 701
80 3 1 794
80 3 2 809
80 4 0 789
80 4 1 792
80 4 2 755
80 5 0 545
80 5 1 752
80 5 2 784
80 6 0 761
80 6 1 762
80 6 2 768
80 7 0 811
80 7 1 582
80 7 2 693
80 8 0 763
80 8 1 774
80 8 2 781
80 9 0 691
80 9 1 779
80 9 2 760
100 0 0 1228
100 0 1 1220
100 0 2 1163
100 1 0 1179
100 1 1 1179
100 1 2 1256
100 2 0 1196
100 2 1 1241
100 2 2 1122
100 3 0 1059
100 3 1 818
100 3 2 1228
100 4 0 1145
100 4 1 1173
100 4 2 883
100 5 0 1040
100 5 1 1248
100 5 2 1218
100 6 0 1131
100 6 1 1213
100 6 2 1203
100 7 0 1222
100 7 1 1236
100 7 2 1179
100 8 0 1203
100 8 1 1276
100 8 2 1201
100 9 0 1210
100 9 1 918
100 9 2 1113
