60 0 0 435
60 0 1 431
60 0 2 441
60 1 0 446
60 1 1 451
60 1 2 411
60 2 0 431
60 2 1 373
60 2 2 433
60 3 0 442
60 3 1 450
60 3 2 456
60 4 0 385
60 4 1 453
60 4 2 452
60 5 0 378
60 5 1 366
60 5 2 390
60 6 0 430
60 6 1 403
60 6 2 443
60 7 0 449
60 7 1 436
60 7 2 443
60 8 0 444
60 8 1 405
60 8 2 425
60 9 0 423
60 9 1 434
60 9 2 426
80 0 0 753
80 0 1 706
80 0 2 790
80 1 0 808
80 1 1 791
80 1 2 790
80 2 0 763
80 2 1 801
80 2 2 795
80 3 0 679
80 3 1 785
80 3 2 759
80 4 0 779
80 4 1 773
80 4 2 786
80 5 0 773
80 5 1 764
80 5 2 730
80 6 0 794
80 6 1 791
80 6 2 797
80 7 0 762
80 7 1 776
80 7 2 802
80 8 0 649
80 8 1 795
80 8 2 756
80 9 0 779
80 9 1 770
80 9 2 801
100 0 0 1260
100 0 1 1165
100 0 2 1170
100 1 0 1256
100 1 1 1188
100 1 2 1209
100 2 0 946
100 2 1 1216
100 2 2 1229
100 3 0 1251
100 3 1 1238
100 3 2 1236
100 4 0 1164
100 4 1 1222
100 4 2 1227
100 5 0 1160
100 5 1 1214
100 5 2 1227
100 6 0 1190
100 6 1 1237
100 6 2 1197
100 7 0 1203
100 7 1 1022
100 7 2 1233
100 8 0 1244
100 8 1 1227
100 8 2 1186
100 9 0 1178
100 9 1 1186
100 9 2 1226
60 0 3 358
60 0 4 412
60 0 5 452
60 0 6 434
60 0 7 419
60 0 8 432
60 0 9 440
60 0 10 416
60 1 3 409
60 1 4 440
60 1 5 438
60 1 6 441
60 1 7 412
60 1 8 416
60 1 9 404
60 1 10 470
60 2 3 423
60 2 4 359
60 2 5 432
60 2 6 450
60 2 7 429
60 2 8 423
60 2 9 411
60 2 10 428
60 3 3 390
60 3 4 448
60 3 5 446
60 3 6 437
60 3 7 362
60 3 8 398
60 3 9 376
60 3 10 444
60 4 3 423
60 4 4 440
60 4 5 330
60 4 6 439
60 4 7 445
60 4 8 402
60 4 9 460
60 4 10 413
60 5 3 429
60 5 4 370
60 5 5 397
60 5 6 432
60 5 7 422
60 5 8 455
60 5 9 429
60 5 10 445
60 6 3 454
60 6 4 437
60 6 5 440
60 6 6 440
60 6 7 439
60 6 8 431
60 6 9 447
60 6 10 437
60 7 3 445
60 7 4 424
60 7 5 442
60 7 6 441
60 7 7 431
60 7 8 446
60 7 9 441
60 7 10 452
60 8 3 441
60 8 4 410
60 8 5 440
60 8 6 444
60 8 7 465
60 8 8 404
60 8 9 413
60 8 10 428
60 9 3 410
60 9 4 441
60 9 5 446
60 9 6 425
60 9 7 421
60 9 8 437
60 9 9 448
60 9 10 437
80 0 3 741
80 0 4 792
80 0 5 743
80 0 6 747
80 0 7 811
80 0 8 788
80 0 9 778
80 0 10 790
80 1 3 789
80 1 4 787
80 1 5 789
80 1 6 831
80 1 7 721
80 1 8 755
80 1 9 761
80 1 10 729
80 2 3 793
80 2 4 748
80 2 5 781
80 2 6 788
80 2 7 758
80 2 8 779
80 2 9 741
80 2 10 808
80 3 3 771
80 3 4 798
80 3 5 747
80 3 6 781
80 3 7 765
80 3 8 723
80 3 9 789
80 3 10 797
80 4 3 777
80 4 4 769
80 4 5 768
80 4 6 758
80 4 7 778
80 4 8 826
80 4 9 786
80 4 10 791
80 5 3 758
80 5 4 637
80 5 5 786
80 5 6 798
80 5 7 787
80 5 8 798
80 5 9 769
80 5 10 766
80 6 3 788
80 6 4 816
80 6 5 783
80 6 6 814
80 6 7 807
80 6 8 792
80 6 9 794
80 6 10 737
80 7 3 783
80 7 4 639
80 7 5 582
80 7 6 771
80 7 7 787
80 7 8 790
80 7 9 745
80 7 10 788
80 8 3 796
80 8 4 700
80 8 5 768
80 8 6 751
80 8 7 805
80 8 8 811
80 8 9 705
80 8 10 746
80 9 3 788
80 9 4 809
80 9 5 767
80 9 6 727
80 9 7 799
80 9 8 796
80 9 9 764
80 9 10 758
100 0 3 1185
100 0 4 1250
100 0 5 1216
100 0 6 1185
100 0 7 1240
100 0 8 1234
100 0 9 1195
100 0 10 1197
100 1 3 1250
100 1 4 1295
100 1 5 1175
100 1 6 1225
100 1 7 1234
100 1 8 1225
100 1 9 1226
100 1 10 1240
100 2 3 1216
100 2 4 1272
100 2 5 1178
100 2 6 1218
100 2 7 1254
100 2 8 1187
100 2 9 1213
100 2 10 1225
100 3 3 1159
100 3 4 1236
100 3 5 1217
100 3 6 1264
100 3 7 1235
100 3 8 1212
100 3 9 1177
100 3 10 1202
100 4 3 1198
100 4 4 1179
100 4 5 1225
100 4 6 1217
100 4 7 1195
100 4 8 1041
100 4 9 1246
100 4 10 1213
100 5 3 1216
100 5 4 1201
100 5 5 1188
100 5 6 1011
100 5 7 1207
100 5 8 1195
100 5 9 1251
100 5 10 1185
100 6 3 1220
100 6 4 1228
100 6 5 1240
100 6 6 1196
100 6 7 1241
100 6 8 1229
100 6 9 1152
100 6 10 1167
100 7 3 1221
100 7 4 816
100 7 5 1071
100 7 6 1209
100 7 7 1240
100 7 8 1175
100 7 9 1249
100 7 10 1232
100 8 3 1226
100 8 4 1205
100 8 5 1194
100 8 6 1256
100 8 7 1238
100 8 8 1185
100 8 9 1204
100 8 10 1218
100 9 3 1256
100 9 4 1181
100 9 5 1258
100 9 6 1157
100 9 7 1221
100 9 8 1210
100 9 9 1221
100 9 10 1228
