60 0 0 402
60 0 1 457
60 0 2 409
60 1 0 446
60 1 1 430
60 1 2 408
60 2 0 442
60 2 1 413
60 2 2 433
60 3 0 421
60 3 1 435
60 3 2 440
60 4 0 427
60 4 1 414
60 4 2 453
60 5 0 442
60 5 1 431
60 5 2 429
60 6 0 402
60 6 1 447
60 6 2 463
60 7 0 424
60 7 1 444
60 7 2 421
60 8 0 439
60 8 1 452
60 8 2 399
60 9 0 443
60 9 1 448
60 9 2 468
80 0 0 751
80 0 1 792
80 0 2 790
80 1 0 815
80 1 1 810
80 1 2 723
80 2 0 788
80 2 1 795
80 2 2 795
80 3 0 716
80 3 1 775
80 3 2 779
80 4 0 790
80 4 1 729
80 4 2 783
80 5 0 780
80 5 1 790
80 5 2 788
80 6 0 793
80 6 1 790
80 6 2 822
80 7 0 786
80 7 1 798
80 7 2 795
80 8 0 790
80 8 1 796
80 8 2 784
80 9 0 795
80 9 1 707
80 9 2 831
100 0 0 1233
100 0 1 1222
100 0 2 1258
100 1 0 1267
100 1 1 1232
100 1 2 1275
100 2 0 1217
100 2 1 1261
100 2 2 1255
100 3 0 1261
100 3 1 1231
100 3 2 1161
100 4 0 1168
100 4 1 1236
100 4 2 1217
100 5 0 1236
100 5 1 1212
100 5 2 1248
100 6 0 1198
100 6 1 1215
100 6 2 1235
100 7 0 1207
100 7 1 1198
100 7 2 1216
100 8 0 1180
100 8 1 1231
100 8 2 1230
100 9 0 1223
100 9 1 1257
100 9 2 1225
60 0 3 435
60 0 4 454
60 0 5 424
60 0 6 452
60 0 7 411
60 0 8 400
60 0 9 440
60 0 10 426
60 1 3 430
60 1 4 457
60 1 5 415
60 1 6 430
60 1 7 412
60 1 8 424
60 1 9 449
60 1 10 431
60 2 3 437
60 2 4 439
60 2 5 438
60 2 6 435
60 2 7 455
60 2 8 443
60 2 9 438
60 2 10 441
60 3 3 466
60 3 4 426
60 3 5 450
60 3 6 458
60 3 7 444
60 3 8 443
60 3 9 453
60 3 10 384
60 4 3 452
60 4 4 430
60 4 5 353
60 4 6 440
60 4 7 401
60 4 8 458
60 4 9 450
60 4 10 427
60 5 3 443
60 5 4 431
60 5 5 449
60 5 6 427
60 5 7 442
60 5 8 406
60 5 9 445
60 5 10 392
60 6 3 431
60 6 4 445
60 6 5 467
60 6 6 449
60 6 7 455
60 6 8 429
60 6 9 415
60 6 10 445
60 7 3 447
60 7 4 436
60 7 5 439
60 7 6 438
60 7 7 425
60 7 8 455
60 7 9 468
60 7 10 466
60 8 3 435
60 8 4 438
60 8 5 446
60 8 6 416
60 8 7 431
60 8 8 432
60 8 9 440
60 8 10 437
60 9 3 433
60 9 4 403
60 9 5 444
60 9 6 440
60 9 7 445
60 9 8 452
60 9 9 443
60 9 10 427
80 0 3 793
80 0 4 785
80 0 5 782
80 0 6 754
80 0 7 766
80 0 8 803
80 0 9 774
80 0 10 770
80 1 3 771
80 1 4 702
80 1 5 805
80 1 6 762
80 1 7 771
80 1 8 780
80 1 9 780
80 1 10 815
80 2 3 807
80 2 4 723
80 2 5 789
80 2 6 751
80 2 7 752
80 2 8 792
80 2 9 799
80 2 10 675
80 3 3 789
80 3 4 801
80 3 5 771
80 3 6 783
80 3 7 753
80 3 8 789
80 3 9 793
80 3 10 797
80 4 3 800
80 4 4 712
80 4 5 814
80 4 6 800
80 4 7 788
80 4 8 663
80 4 9 783
80 4 10 802
80 5 3 782
80 5 4 774
80 5 5 792
80 5 6 780
80 5 7 784
80 5 8 809
80 5 9 795
80 5 10 794
80 6 3 753
80 6 4 747
80 6 5 785
80 6 6 790
80 6 7 809
80 6 8 755
80 6 9 798
80 6 10 788
80 7 3 794
80 7 4 800
80 7 5 782
80 7 6 768
80 7 7 783
80 7 8 763
80 7 9 800
80 7 10 800
80 8 3 806
80 8 4 812
80 8 5 778
80 8 6 778
80 8 7 782
80 8 8 682
80 8 9 794
80 8 10 799
80 9 3 771
80 9 4 792
80 9 5 772
80 9 6 777
80 9 7 743
80 9 8 732
80 9 9 761
80 9 10 789
100 0 3 1234
100 0 4 1274
100 0 5 1241
100 0 6 1234
100 0 7 1233
100 0 8 1199
100 0 9 1234
100 0 10 1242
100 1 3 1236
100 1 4 1177
100 1 5 1251
100 1 6 1268
100 1 7 1248
100 1 8 1230
100 1 9 1203
100 1 10 1261
100 2 3 1254
100 2 4 1239
100 2 5 1228
100 2 6 1203
100 2 7 1242
100 2 8 1229
100 2 9 1240
100 2 10 1214
100 3 3 1260
100 3 4 1240
100 3 5 1239
100 3 6 1249
100 3 7 1214
100 3 8 1257
100 3 9 1219
100 3 10 1230
100 4 3 1230
100 4 4 1241
100 4 5 1181
100 4 6 1257
100 4 7 1251
100 4 8 1265
100 4 9 1226
100 4 10 1232
100 5 3 1181
100 5 4 1187
100 5 5 1193
100 5 6 1125
100 5 7 1245
100 5 8 1225
100 5 9 1247
100 5 10 1232
100 6 3 1204
100 6 4 1167
100 6 5 1214
100 6 6 1238
100 6 7 1235
100 6 8 1206
100 6 9 1209
100 6 10 1232
100 7 3 1268
100 7 4 1222
100 7 5 1251
100 7 6 1209
100 7 7 1263
100 7 8 1188
100 7 9 1240
100 7 10 1221
100 8 3 1204
100 8 4 1258
100 8 5 1201
100 8 6 1214
100 8 7 1224
100 8 8 1224
100 8 9 1272
100 8 10 1191
100 9 3 1217
100 9 4 1250
100 9 5 1229
100 9 6 1246
100 9 7 1136
100 9 8 1140
100 9 9 1231
100 9 10 1207
