60 0 0 427
60 0 1 406
60 0 2 439
60 1 0 417
60 1 1 399
60 1 2 444
60 2 0 447
60 2 1 458
60 2 2 462
60 3 0 455
60 3 1 426
60 3 2 478
60 4 0 452
60 4 1 413
60 4 2 432
60 5 0 432
60 5 1 456
60 5 2 425
60 6 0 446
60 6 1 452
60 6 2 390
60 7 0 461
60 7 1 418
60 7 2 398
60 8 0 431
60 8 1 432
60 8 2 448
60 9 0 432
60 9 1 463
60 9 2 439
80 0 0 768
80 0 1 784
80 0 2 795
80 1 0 730
80 1 1 767
80 1 2 784
80 2 0 808
80 2 1 831
80 2 2 790
80 3 0 696
80 3 1 789
80 3 2 777
80 4 0 803
80 4 1 784
80 4 2 774
80 5 0 800
80 5 1 762
80 5 2 774
80 6 0 766
80 6 1 803
80 6 2 804
80 7 0 799
80 7 1 788
80 7 2 744
80 8 0 793
80 8 1 778
80 8 2 744
80 9 0 812
80 9 1 787
80 9 2 777
100 0 0 1227
100 0 1 1276
100 0 2 1279
100 1 0 1256
100 1 1 1252
100 1 2 1243
100 2 0 1188
100 2 1 1204
100 2 2 1147
100 3 0 1261
100 3 1 1231
100 3 2 1258
100 4 0 1222
100 4 1 1213
100 4 2 1238
100 5 0 1225
100 5 1 1233
100 5 2 1153
100 6 0 1230
100 6 1 1238
100 6 2 1239
100 7 0 1217
100 7 1 1192
100 7 2 1211
100 8 0 1211
100 8 1 1230
100 8 2 1232
100 9 0 1229
100 9 1 1210
100 9 2 1267
60 0 3 329
60 0 4 446
60 0 5 403
60 0 6 430
60 0 7 430
60 0 8 420
60 0 9 443
60 0 10 450
60 1 3 455
60 1 4 449
60 1 5 444
60 1 6 428
60 1 7 430
60 1 8 448
60 1 9 447
60 1 10 428
60 2 3 425
60 2 4 441
60 2 5 438
60 2 6 449
60 2 7 440
60 2 8 440
60 2 9 436
60 2 10 436
60 3 3 444
60 3 4 447
60 3 5 439
60 3 6 448
60 3 7 449
60 3 8 345
60 3 9 395
60 3 10 448
60 4 3 444
60 4 4 392
60 4 5 390
60 4 6 417
60 4 7 427
60 4 8 429
60 4 9 417
60 4 10 445
60 5 3 450
60 5 4 432
60 5 5 449
60 5 6 445
60 5 7 367
60 5 8 417
60 5 9 433
60 5 10 388
60 6 3 457
60 6 4 412
60 6 5 441
60 6 6 434
60 6 7 447
60 6 8 446
60 6 9 439
60 6 10 443
60 7 3 446
60 7 4 445
60 7 5 431
60 7 6 452
60 7 7 451
60 7 8 446
60 7 9 432
60 7 10 448
60 8 3 453
60 8 4 434
60 8 5 411
60 8 6 437
60 8 7 448
60 8 8 406
60 8 9 434
60 8 10 444
60 9 3 451
60 9 4 445
60 9 5 416
60 9 6 450
60 9 7 447
60 9 8 464
60 9 9 448
60 9 10 397
80 0 3 728
80 0 4 764
80 0 5 749
80 0 6 766
80 0 7 785
80 0 8 805
80 0 9 769
80 0 10 782
80 1 3 777
80 1 4 766
80 1 5 780
80 1 6 794
80 1 7 809
80 1 8 780
80 1 9 787
80 1 10 754
80 2 3 793
80 2 4 777
80 2 5 795
80 2 6 772
80 2 7 801
80 2 8 758
80 2 9 783
80 2 10 770
80 3 3 792
80 3 4 784
80 3 5 739
80 3 6 798
80 3 7 793
80 3 8 789
80 3 9 831
80 3 10 760
80 4 3 805
80 4 4 805
80 4 5 769
80 4 6 769
80 4 7 822
80 4 8 767
80 4 9 787
80 4 10 752
80 5 3 811
80 5 4 773
80 5 5 769
80 5 6 769
80 5 7 834
80 5 8 797
80 5 9 738
80 5 10 783
80 6 3 783
80 6 4 762
80 6 5 817
80 6 6 774
80 6 7 821
80 6 8 788
80 6 9 804
80 6 10 769
80 7 3 740
80 7 4 798
80 7 5 807
80 7 6 771
80 7 7 819
80 7 8 791
80 7 9 727
80 7 10 787
80 8 3 782
80 8 4 755
80 8 5 787
80 8 6 731
80 8 7 826
80 8 8 737
80 8 9 786
80 8 10 686
80 9 3 801
80 9 4 833
80 9 5 716
80 9 6 821
80 9 7 784
80 9 8 797
80 9 9 802
80 9 10 791
100 0 3 1242
100 0 4 1205
100 0 5 1184
100 0 6 1219
100 0 7 1261
100 0 8 1210
100 0 9 1207
100 0 10 1229
100 1 3 1186
100 1 4 1173
100 1 5 1243
100 1 6 1233
100 1 7 1209
100 1 8 1232
100 1 9 1195
100 1 10 1189
100 2 3 1253
100 2 4 1260
100 2 5 1206
100 2 6 1251
100 2 7 1203
100 2 8 1188
100 2 9 1265
100 2 10 1208
100 3 3 1201
100 3 4 1248
100 3 5 1249
100 3 6 1206
100 3 7 1216
100 3 8 1229
100 3 9 1262
100 3 10 1148
100 4 3 1230
100 4 4 1249
100 4 5 1227
100 4 6 1174
100 4 7 1201
100 4 8 1209
100 4 9 1222
100 4 10 1243
100 5 3 1262
100 5 4 1241
100 5 5 1234
100 5 6 1218
100 5 7 1169
100 5 8 1241
100 5 9 1255
100 5 10 1257
100 6 3 1170
100 6 4 1249
100 6 5 1209
100 6 6 1210
100 6 7 1236
100 6 8 1232
100 6 9 1143
100 6 10 1245
100 7 3 1218
100 7 4 1216
100 7 5 1187
100 7 6 1192
100 7 7 1244
100 7 8 1198
100 7 9 1254
100 7 10 1217
100 8 3 1225
100 8 4 1262
100 8 5 1177
100 8 6 1237
100 8 7 1218
100 8 8 1265
100 8 9 1253
100 8 10 1227
100 9 3 1250
100 9 4 1287
100 9 5 1256
100 9 6 1191
100 9 7 1229
100 9 8 1270
100 9 9 1267
100 9 10 1257
