60 0 0 438
60 0 1 454
60 0 2 427
60 1 0 454
60 1 1 439
60 1 2 410
60 2 0 462
60 2 1 417
60 2 2 445
60 3 0 449
60 3 1 462
60 3 2 436
60 4 0 457
60 4 1 427
60 4 2 445
60 5 0 433
60 5 1 436
60 5 2 436
60 6 0 434
60 6 1 459
60 6 2 441
60 7 0 460
60 7 1 377
60 7 2 447
60 8 0 460
60 8 1 434
60 8 2 435
60 9 0 449
60 9 1 427
60 9 2 429
80 0 0 796
80 0 1 806
80 0 2 790
80 1 0 776
80 1 1 786
80 1 2 785
80 2 0 794
80 2 1 811
80 2 2 794
80 3 0 814
80 3 1 776
80 3 2 782
80 4 0 784
80 4 1 796
80 4 2 797
80 5 0 767
80 5 1 800
80 5 2 796
80 6 0 796
80 6 1 799
80 6 2 790
80 7 0 755
80 7 1 773
80 7 2 724
80 8 0 788
80 8 1 755
80 8 2 790
80 9 0 768
80 9 1 786
80 9 2 758
100 0 0 1256
100 0 1 1149
100 0 2 1206
100 1 0 1234
100 1 1 1258
100 1 2 1212
100 2 0 1262
100 2 1 1243
100 2 2 1260
100 3 0 1248
100 3 1 1261
100 3 2 1235
100 4 0 1227
100 4 1 1191
100 4 2 1242
100 5 0 1222
100 5 1 1199
100 5 2 1120
100 6 0 1230
100 6 1 1218
100 6 2 1206
100 7 0 1228
100 7 1 1239
100 7 2 1230
100 8 0 1253
100 8 1 1170
100 8 2 1110
100 9 0 1222
100 9 1 1267
100 9 2 1222
60 0 3 416
60 0 4 431
60 0 5 447
60 0 6 428
60 0 7 438
60 0 8 379
60 0 9 445
60 0 10 449
60 1 3 424
60 1 4 449
60 1 5 442
60 1 6 445
60 1 7 421
60 1 8 443
60 1 9 442
60 1 10 437
60 2 3 443
60 2 4 415
60 2 5 411
60 2 6 436
60 2 7 437
60 2 8 432
60 2 9 457
60 2 10 418
60 3 3 483
60 3 4 446
60 3 5 449
60 3 6 432
60 3 7 469
60 3 8 388
60 3 9 431
60 3 10 441
60 4 3 442
60 4 4 413
60 4 5 416
60 4 6 438
60 4 7 441
60 4 8 437
60 4 9 405
60 4 10 436
60 5 3 452
60 5 4 420
60 5 5 400
60 5 6 422
60 5 7 443
60 5 8 428
60 5 9 421
60 5 10 456
60 6 3 428
60 6 4 447
60 6 5 453
60 6 6 438
60 6 7 437
60 6 8 433
60 6 9 433
60 6 10 434
60 7 3 432
60 7 4 465
60 7 5 437
60 7 6 450
60 7 7 380
60 7 8 436
60 7 9 448
60 7 10 431
60 8 3 416
60 8 4 445
60 8 5 437
60 8 6 440
60 8 7 451
60 8 8 441
60 8 9 427
60 8 10 403
60 9 3 433
60 9 4 419
60 9 5 435
60 9 6 414
60 9 7 422
60 9 8 438
60 9 9 453
60 9 10 442
80 0 3 820
80 0 4 790
80 0 5 806
80 0 6 764
80 0 7 766
80 0 8 805
80 0 9 787
80 0 10 762
80 1 3 801
80 1 4 728
80 1 5 795
80 1 6 764
80 1 7 759
80 1 8 774
80 1 9 799
80 1 10 788
80 2 3 805
80 2 4 793
80 2 5 806
80 2 6 791
80 2 7 762
80 2 8 793
80 2 9 756
80 2 10 806
80 3 3 785
80 3 4 769
80 3 5 783
80 3 6 796
80 3 7 765
80 3 8 757
80 3 9 782
80 3 10 795
80 4 3 757
80 4 4 782
80 4 5 790
80 4 6 764
80 4 7 753
80 4 8 724
80 4 9 783
80 4 10 769
80 5 3 746
80 5 4 737
80 5 5 793
80 5 6 772
80 5 7 787
80 5 8 769
80 5 9 799
80 5 10 795
80 6 3 773
80 6 4 769
80 6 5 776
80 6 6 771
80 6 7 806
80 6 8 778
80 6 9 810
80 6 10 794
80 7 3 804
80 7 4 795
80 7 5 792
80 7 6 794
80 7 7 797
80 7 8 766
80 7 9 803
80 7 10 791
80 8 3 825
80 8 4 755
80 8 5 777
80 8 6 767
80 8 7 798
80 8 8 789
80 8 9 795
80 8 10 768
80 9 3 808
80 9 4 810
80 9 5 831
80 9 6 781
80 9 7 784
80 9 8 810
80 9 9 798
80 9 10 770
100 0 3 1250
100 0 4 1246
100 0 5 1214
100 0 6 1251
100 0 7 1252
100 0 8 1218
100 0 9 1207
100 0 10 1221
100 1 3 1162
100 1 4 1243
100 1 5 1219
100 1 6 1242
100 1 7 1227
100 1 8 1233
100 1 9 1206
100 1 10 1233
100 2 3 1232
100 2 4 1222
100 2 5 1161
100 2 6 1219
100 2 7 1224
100 2 8 1259
100 2 9 1218
100 2 10 1273
100 3 3 1219
100 3 4 1204
100 3 5 1279
100 3 6 1233
100 3 7 1230
100 3 8 1236
100 3 9 1164
100 3 10 1235
100 4 3 1233
100 4 4 1195
100 4 5 1245
100 4 6 1229
100 4 7 1241
100 4 8 1174
100 4 9 1222
100 4 10 1251
100 5 3 1242
100 5 4 1209
100 5 5 1247
100 5 6 1207
100 5 7 1260
100 5 8 1235
100 5 9 1248
100 5 10 1251
100 6 3 1232
100 6 4 1233
100 6 5 1226
100 6 6 1217
100 6 7 1236
100 6 8 1252
100 6 9 1248
100 6 10 1234
100 7 3 1235
100 7 4 1264
100 7 5 1246
100 7 6 1153
100 7 7 1206
100 7 8 1119
100 7 9 1227
100 7 10 1264
100 8 3 1238
100 8 4 1159
100 8 5 1166
100 8 6 1249
100 8 7 1173
100 8 8 1225
100 8 9 1235
100 8 10 1242
100 9 3 1242
100 9 4 1244
100 9 5 1238
100 9 6 1216
100 9 7 1131
100 9 8 1247
100 9 9 1253
100 9 10 1212
