60 0 0 467
60 0 1 466
60 0 2 430
60 1 0 411
60 1 1 451
60 1 2 426
60 2 0 444
60 2 1 446
60 2 2 432
60 3 0 427
60 3 1 425
60 3 2 352
60 4 0 420
60 4 1 443
60 4 2 391
60 5 0 456
60 5 1 435
60 5 2 391
60 6 0 455
60 6 1 427
60 6 2 428
60 7 0 412
60 7 1 411
60 7 2 450
60 8 0 437
60 8 1 446
60 8 2 433
60 9 0 435
60 9 1 437
60 9 2 445
80 0 0 740
80 0 1 828
80 0 2 751
80 1 0 789
80 1 1 729
80 1 2 738
80 2 0 795
80 2 1 771
80 2 2 796
80 3 0 788
80 3 1 795
80 3 2 709
80 4 0 800
80 4 1 791
80 4 2 782
80 5 0 794
80 5 1 799
80 5 2 764
80 6 0 789
80 6 1 783
80 6 2 796
80 7 0 732
80 7 1 792
80 7 2 804
80 8 0 802
80 8 1 805
80 8 2 822
80 9 0 793
80 9 1 738
80 9 2 812
100 0 0 1203
100 0 1 1252
100 0 2 1264
100 1 0 1225
100 1 1 1232
100 1 2 1213
100 2 0 1074
100 2 1 1184
100 2 2 1234
100 3 0 1215
100 3 1 1204
100 3 2 1242
100 4 0 1213
100 4 1 1260
100 4 2 1157
100 5 0 1251
100 5 1 1241
100 5 2 1244
100 6 0 1214
100 6 1 1206
100 6 2 1271
100 7 0 1265
100 7 1 1195
100 7 2 1289
100 8 0 1130
100 8 1 1229
100 8 2 1196
100 9 0 1227
100 9 1 1231
100 9 2 1264
60 0 3 392
60 0 4 369
60 0 5 445
60 0 6 384
60 0 7 413
60 0 8 403
60 0 9 449
60 0 10 399
60 1 3 444
60 1 4 425
60 1 5 435
60 1 6 441
60 1 7 415
60 1 8 428
60 1 9 411
60 1 10 444
60 2 3 428
60 2 4 414
60 2 5 433
60 2 6 360
60 2 7 450
60 2 8 416
60 2 9 437
60 2 10 469
60 3 3 446
60 3 4 416
60 3 5 449
60 3 6 395
60 3 7 426
60 3 8 430
60 3 9 441
60 3 10 405
60 4 3 411
60 4 4 438
60 4 5 431
60 4 6 458
60 4 7 448
60 4 8 444
60 4 9 437
60 4 10 456
60 5 3 432
60 5 4 442
60 5 5 438
60 5 6 460
60 5 7 445
60 5 8 431
60 5 9 454
60 5 10 443
60 6 3 438
60 6 4 448
60 6 5 433
60 6 6 440
60 6 7 438
60 6 8 416
60 6 9 442
60 6 10 397
60 7 3 434
60 7 4 463
60 7 5 444
60 7 6 447
60 7 7 433
60 7 8 380
60 7 9 419
60 7 10 423
60 8 3 448
60 8 4 449
60 8 5 442
60 8 6 437
60 8 7 388
60 8 8 419
60 8 9 429
60 8 10 445
60 9 3 424
60 9 4 442
60 9 5 426
60 9 6 437
60 9 7 441
60 9 8 417
60 9 9 446
60 9 10 445
80 0 3 759
80 0 4 806
80 0 5 798
80 0 6 772
80 0 7 781
80 0 8 729
80 0 9 788
80 0 10 790
80 1 3 800
80 1 4 786
80 1 5 774
80 1 6 788
80 1 7 793
80 1 8 776
80 1 9 801
80 1 10 788
80 2 3 782
80 2 4 769
80 2 5 712
80 2 6 810
80 2 7 789
80 2 8 798
80 2 9 820
80 2 10 765
80 3 3 791
80 3 4 781
80 3 5 774
80 3 6 779
80 3 7 727
80 3 8 824
80 3 9 769
80 3 10 783
80 4 3 793
80 4 4 780
80 4 5 788
80 4 6 770
80 4 7 721
80 4 8 787
80 4 9 801
80 4 10 791
80 5 3 802
80 5 4 739
80 5 5 758
80 5 6 789
80 5 7 769
80 5 8 787
80 5 9 812
80 5 10 771
80 6 3 817
80 6 4 796
80 6 5 797
80 6 6 789
80 6 7 808
80 6 8 788
80 6 9 815
80 6 10 785
80 7 3 784
80 7 4 667
80 7 5 768
80 7 6 632
80 7 7 770
80 7 8 746
80 7 9 798
80 7 10 789
80 8 3 800
80 8 4 796
80 8 5 741
80 8 6 766
80 8 7 833
80 8 8 773
80 8 9 785
80 8 10 766
80 9 3 790
80 9 4 746
80 9 5 784
80 9 6 758
80 9 7 716
80 9 8 791
80 9 9 663
80 9 10 809
100 0 3 1148
100 0 4 1132
100 0 5 1252
100 0 6 1239
100 0 7 1227
100 0 8 1229
100 0 9 1288
100 0 10 1234
100 1 3 1196
100 1 4 1242
100 1 5 1234
100 1 6 1223
100 1 7 1243
100 1 8 1226
100 1 9 1142
100 1 10 1245
100 2 3 1246
100 2 4 1269
100 2 5 1205
100 2 6 1188
100 2 7 1189
100 2 8 1226
100 2 9 1222
100 2 10 1227
100 3 3 1235
100 3 4 1006
100 3 5 1110
100 3 6 1234
100 3 7 1224
100 3 8 1195
100 3 9 1240
100 3 10 1243
100 4 3 1181
100 4 4 1253
100 4 5 1259
100 4 6 1208
100 4 7 1235
100 4 8 1262
100 4 9 1204
100 4 10 1237
100 5 3 1247
100 5 4 1221
100 5 5 1227
100 5 6 1263
100 5 7 1246
100 5 8 1147
100 5 9 1189
100 5 10 1213
100 6 3 1242
100 6 4 1244
100 6 5 1249
100 6 6 1211
100 6 7 1232
100 6 8 1231
100 6 9 1248
100 6 10 1233
100 7 3 1226
100 7 4 1197
100 7 5 1229
100 7 6 1270
100 7 7 1268
100 7 8 1239
100 7 9 1223
100 7 10 1240
100 8 3 1226
100 8 4 1237
100 8 5 1245
100 8 6 1235
100 8 7 1252
100 8 8 1218
100 8 9 1264
100 8 10 1244
100 9 3 1246
100 9 4 1254
100 9 5 1144
100 9 6 1171
100 9 7 1146
100 9 8 1284
100 9 9 1211
100 9 10 1167
