60 0 0 461
60 0 1 439
60 0 2 464
60 1 0 442
60 1 1 440
60 1 2 436
60 2 0 452
60 2 1 432
60 2 2 441
60 3 0 439
60 3 1 423
60 3 2 354
60 4 0 398
60 4 1 409
60 4 2 429
60 5 0 405
60 5 1 441
60 5 2 419
60 6 0 401
60 6 1 452
60 6 2 410
60 7 0 421
60 7 1 423
60 7 2 480
60 8 0 436
60 8 1 453
60 8 2 448
60 9 0 455
60 9 1 439
60 9 2 439
80 0 0 765
80 0 1 793
80 0 2 787
80 1 0 770
80 1 1 738
80 1 2 729
80 2 0 783
80 2 1 775
80 2 2 780
80 3 0 768
80 3 1 808
80 3 2 794
80 4 0 776
80 4 1 795
80 4 2 791
80 5 0 764
80 5 1 771
80 5 2 769
80 6 0 752
80 6 1 806
80 6 2 816
80 7 0 775
80 7 1 801
80 7 2 777
80 8 0 789
80 8 1 787
80 8 2 762
80 9 0 817
80 9 1 785
80 9 2 780
100 0 0 1263
100 0 1 1221
100 0 2 1180
100 1 0 1159
100 1 1 1151
100 1 2 1243
100 2 0 1241
100 2 1 1228
100 2 2 1270
100 3 0 1191
100 3 1 1260
100 3 2 1248
100 4 0 1180
100 4 1 1179
100 4 2 1254
100 5 0 1253
100 5 1 1219
100 5 2 1115
100 6 0 1214
100 6 1 1199
100 6 2 1238
100 7 0 1207
100 7 1 1247
100 7 2 1197
100 8 0 1240
100 8 1 1173
100 8 2 1248
100 9 0 1221
100 9 1 1229
100 9 2 1180
60 0 3 455
60 0 4 437
60 0 5 461
60 0 6 455
60 0 7 390
60 0 8 427
60 0 9 448
60 0 10 437
60 1 3 365
60 1 4 407
60 1 5 434
60 1 6 439
60 1 7 433
60 1 8 433
60 1 9 424
60 1 10 457
60 2 3 432
60 2 4 411
60 2 5 377
60 2 6 442
60 2 7 429
60 2 8 455
60 2 9 452
60 2 10 431
60 3 3 462
60 3 4 435
60 3 5 445
60 3 6 442
60 3 7 450
60 3 8 458
60 3 9 388
60 3 10 455
60 4 3 433
60 4 4 440
60 4 5 448
60 4 6 430
60 4 7 426
60 4 8 435
60 4 9 435
60 4 10 470
60 5 3 419
60 5 4 463
60 5 5 424
60 5 6 430
60 5 7 412
60 5 8 432
60 5 9 452
60 5 10 458
60 6 3 423
60 6 4 434
60 6 5 414
60 6 6 424
60 6 7 412
60 6 8 442
60 6 9 438
60 6 10 450
60 7 3 432
60 7 4 391
60 7 5 441
60 7 6 413
60 7 7 452
60 7 8 398
60 7 9 413
60 7 10 457
60 8 3 446
60 8 4 413
60 8 5 438
60 8 6 453
60 8 7 437
60 8 8 465
60 8 9 437
60 8 10 409
60 9 3 431
60 9 4 439
60 9 5 445
60 9 6 414
60 9 7 468
60 9 8 463
60 9 9 421
60 9 10 433
80 0 3 774
80 0 4 797
80 0 5 787
80 0 6 788
80 0 7 794
80 0 8 720
80 0 9 792
80 0 10 763
80 1 3 778
80 1 4 744
80 1 5 798
80 1 6 802
80 1 7 770
80 1 8 757
80 1 9 777
80 1 10 795
80 2 3 787
80 2 4 753
80 2 5 799
80 2 6 804
80 2 7 795
80 2 8 768
80 2 9 781
80 2 10 749
80 3 3 808
80 3 4 750
80 3 5 784
80 3 6 779
80 3 7 788
80 3 8 748
80 3 9 741
80 3 10 810
80 4 3 782
80 4 4 782
80 4 5 774
80 4 6 785
80 4 7 772
80 4 8 752
80 4 9 773
80 4 10 754
80 5 3 704
80 5 4 761
80 5 5 755
80 5 6 769
80 5 7 769
80 5 8 810
80 5 9 778
80 5 10 730
80 6 3 789
80 6 4 802
80 6 5 816
80 6 6 802
80 6 7 768
80 6 8 797
80 6 9 808
80 6 10 780
80 7 3 754
80 7 4 792
80 7 5 764
80 7 6 775
80 7 7 759
80 7 8 764
80 7 9 799
80 7 10 771
80 8 3 756
80 8 4 806
80 8 5 787
80 8 6 758
80 8 7 774
80 8 8 784
80 8 9 779
80 8 10 806
80 9 3 781
80 9 4 789
80 9 5 784
80 9 6 761
80 9 7 772
80 9 8 779
80 9 9 784
80 9 10 761
100 0 3 1240
100 0 4 1058
100 0 5 1261
100 0 6 1263
100 0 7 1233
100 0 8 1187
100 0 9 1186
100 0 10 1256
100 1 3 1119
100 1 4 1262
100 1 5 1169
100 1 6 1244
100 1 7 1235
100 1 8 1243
100 1 9 1245
100 1 10 1237
100 2 3 1222
100 2 4 1250
100 2 5 1170
100 2 6 1234
100 2 7 1232
100 2 8 1219
100 2 9 1227
100 2 10 1226
100 3 3 1255
100 3 4 1234
100 3 5 1270
100 3 6 1256
100 3 7 1224
100 3 8 1065
100 3 9 1213
100 3 10 1268
100 4 3 1203
100 4 4 1256
100 4 5 1239
100 4 6 1251
100 4 7 1196
100 4 8 1095
100 4 9 1216
100 4 10 1224
100 5 3 1240
100 5 4 1222
100 5 5 1232
100 5 6 1235
100 5 7 1135
100 5 8 1213
100 5 9 1250
100 5 10 1227
100 6 3 1252
100 6 4 1261
100 6 5 1250
100 6 6 1234
100 6 7 1230
100 6 8 1245
100 6 9 1181
100 6 10 1220
100 7 3 1180
100 7 4 1240
100 7 5 1238
100 7 6 1130
100 7 7 1250
100 7 8 1185
100 7 9 1262
100 7 10 1215
100 8 3 1224
100 8 4 1204
100 8 5 1200
100 8 6 1251
100 8 7 1217
100 8 8 1249
100 8 9 1188
100 8 10 1282
100 9 3 1197
100 9 4 1229
100 9 5 1193
100 9 6 1173
100 9 7 1219
100 9 8 1243
100 9 9 1200
100 9 10 1223
