60 0 0 337
60 0 1 438
60 0 2 445
60 1 0 448
60 1 1 459
60 1 2 460
60 2 0 443
60 2 1 440
60 2 2 383
60 3 0 451
60 3 1 426
60 3 2 431
60 4 0 435
60 4 1 435
60 4 2 438
60 5 0 432
60 5 1 461
60 5 2 424
60 6 0 435
60 6 1 444
60 6 2 415
60 7 0 428
60 7 1 405
60 7 2 428
60 8 0 426
60 8 1 460
60 8 2 454
60 9 0 433
60 9 1 441
60 9 2 426
80 0 0 794
80 0 1 780
80 0 2 761
80 1 0 771
80 1 1 791
80 1 2 789
80 2 0 799
80 2 1 718
80 2 2 799
80 3 0 790
80 3 1 720
80 3 2 803
80 4 0 748
80 4 1 761
80 4 2 803
80 5 0 736
80 5 1 773
80 5 2 804
80 6 0 776
80 6 1 776
80 6 2 779
80 7 0 805
80 7 1 643
80 7 2 810
80 8 0 784
80 8 1 811
80 8 2 782
80 9 0 803
80 9 1 789
80 9 2 781
100 0 0 1164
100 0 1 1260
100 0 2 1220
100 1 0 1239
100 1 1 1162
100 1 2 1234
100 2 0 1221
100 2 1 1192
100 2 2 1233
100 3 0 1236
100 3 1 1209
100 3 2 1266
100 4 0 1238
100 4 1 1143
100 4 2 1220
100 5 0 1180
100 5 1 1236
100 5 2 1218
100 6 0 1239
100 6 1 1235
100 6 2 1156
100 7 0 1097
100 7 1 1224
100 7 2 1243
100 8 0 1201
100 8 1 1274
100 8 2 1231
100 9 0 1260
100 9 1 1259
100 9 2 1215
60 0 3 419
60 0 4 433
60 0 5 388
60 0 6 434
60 0 7 426
60 0 8 456
60 0 9 425
60 0 10 447
60 1 3 418
60 1 4 447
60 1 5 444
60 1 6 443
60 1 7 393
60 1 8 354
60 1 9 431
60 1 10 435
60 2 3 411
60 2 4 454
60 2 5 441
60 2 6 416
60 2 7 423
60 2 8 449
60 2 9 438
60 2 10 459
60 3 3 442
60 3 4 452
60 3 5 407
60 3 6 440
60 3 7 443
60 3 8 427
60 3 9 427
60 3 10 446
60 4 3 442
60 4 4 428
60 4 5 447
60 4 6 452
60 4 7 441
60 4 8 435
60 4 9 436
60 4 10 421
60 5 3 446
60 5 4 442
60 5 5 446
60 5 6 439
60 5 7 451
60 5 8 414
60 5 9 438
60 5 10 457
60 6 3 419
60 6 4 440
60 6 5 380
60 6 6 451
60 6 7 417
60 6 8 433
60 6 9 449
60 6 10 425
60 7 3 414
60 7 4 448
60 7 5 423
60 7 6 416
60 7 7 465
60 7 8 420
60 7 9 452
60 7 10 293
60 8 3 449
60 8 4 441
60 8 5 414
60 8 6 453
60 8 7 430
60 8 8 441
60 8 9 426
60 8 10 429
60 9 3 436
60 9 4 463
60 9 5 437
60 9 6 452
60 9 7 407
60 9 8 449
60 9 9 449
60 9 10 445
80 0 3 750
80 0 4 762
80 0 5 773
80 0 6 743
80 0 7 781
80 0 8 799
80 0 9 814
80 0 10 796
80 1 3 811
80 1 4 672
80 1 5 784
80 1 6 770
80 1 7 754
80 1 8 781
80 1 9 783
80 1 10 723
80 2 3 795
80 2 4 750
80 2 5 774
80 2 6 747
80 2 7 781
80 2 8 702
80 2 9 771
80 2 10 733
80 3 3 802
80 3 4 792
80 3 5 791
80 3 6 793
80 3 7 800
80 3 8 776
80 3 9 787
80 3 10 778
80 4 3 769
80 4 4 781
80 4 5 785
80 4 6 738
80 4 7 809
80 4 8 798
80 4 9 786
80 4 10 800
80 5 3 798
80 5 4 769
80 5 5 760
80 5 6 796
80 5 7 829
80 5 8 770
80 5 9 778
80 5 10 745
80 6 3 799
80 6 4 793
80 6 5 782
80 6 6 768
80 6 7 807
80 6 8 789
80 6 9 806
80 6 10 790
80 7 3 744
80 7 4 772
80 7 5 797
80 7 6 732
80 7 7 777
80 7 8 760
80 7 9 811
80 7 10 782
80 8 3 762
80 8 4 793
80 8 5 754
80 8 6 786
80 8 7 746
80 8 8 791
80 8 9 788
80 8 10 802
80 9 3 708
80 9 4 767
80 9 5 792
80 9 6 806
80 9 7 712
80 9 8 783
80 9 9 757
80 9 10 763
100 0 3 1221
100 0 4 1228
100 0 5 1228
100 0 6 1243
100 0 7 1207
100 0 8 1148
100 0 9 1161
100 0 10 1219
100 1 3 1224
100 1 4 1247
100 1 5 1255
100 1 6 1255
100 1 7 1260
100 1 8 1252
100 1 9 1212
100 1 10 1160
100 2 3 1237
100 2 4 1259
100 2 5 1223
100 2 6 1156
100 2 7 1227
100 2 8 1093
100 2 9 1173
100 2 10 1228
100 3 3 1212
100 3 4 1199
100 3 5 1242
100 3 6 1207
100 3 7 1236
100 3 8 1198
100 3 9 1216
100 3 10 1228
100 4 3 1215
100 4 4 1240
100 4 5 1225
100 4 6 1153
100 4 7 1261
100 4 8 1257
100 4 9 1266
100 4 10 1167
100 5 3 1234
100 5 4 1226
100 5 5 1179
100 5 6 1260
100 5 7 1225
100 5 8 1239
100 5 9 1235
100 5 10 1227
100 6 3 1091
100 6 4 1225
100 6 5 1185
100 6 6 1223
100 6 7 1247
100 6 8 1237
100 6 9 1203
100 6 10 1209
100 7 3 1253
100 7 4 1261
100 7 5 1247
100 7 6 1292
100 7 7 1213
100 7 8 1224
100 7 9 1180
100 7 10 1217
100 8 3 1225
100 8 4 1220
100 8 5 1259
100 8 6 1215
100 8 7 1221
100 8 8 1249
100 8 9 1253
100 8 10 1174
100 9 3 1116
100 9 4 1118
100 9 5 1148
100 9 6 1194
100 9 7 1232
100 9 8 1212
100 9 9 1183
100 9 10 1218
