60 0 0 463
60 0 1 411
60 0 2 418
60 1 0 434
60 1 1 446
60 1 2 451
60 2 0 451
60 2 1 415
60 2 2 439
60 3 0 427
60 3 1 449
60 3 2 408
60 4 0 400
60 4 1 455
60 4 2 431
60 5 0 446
60 5 1 419
60 5 2 423
60 6 0 422
60 6 1 456
60 6 2 395
60 7 0 434
60 7 1 438
60 7 2 430
60 8 0 400
60 8 1 428
60 8 2 436
60 9 0 426
60 9 1 442
60 9 2 400
80 0 0 771
80 0 1 789
80 0 2 797
80 1 0 751
80 1 1 796
80 1 2 774
80 2 0 774
80 2 1 789
80 2 2 769
80 3 0 751
80 3 1 794
80 3 2 777
80 4 0 767
80 4 1 711
80 4 2 817
80 5 0 792
80 5 1 770
80 5 2 787
80 6 0 784
80 6 1 713
80 6 2 813
80 7 0 781
80 7 1 797
80 7 2 800
80 8 0 725
80 8 1 747
80 8 2 790
80 9 0 797
80 9 1 787
80 9 2 755
100 0 0 1276
100 0 1 1266
100 0 2 1206
100 1 0 1215
100 1 1 1234
100 1 2 1258
100 2 0 1242
100 2 1 1192
100 2 2 1259
100 3 0 1153
100 3 1 1263
100 3 2 1143
100 4 0 1229
100 4 1 1219
100 4 2 1233
100 5 0 1231
100 5 1 1204
100 5 2 1220
100 6 0 1230
100 6 1 1180
100 6 2 1164
100 7 0 1269
100 7 1 1242
100 7 2 1241
100 8 0 1232
100 8 1 1227
100 8 2 1267
100 9 0 1238
100 9 1 1039
100 9 2 1226
60 0 3 442
60 0 4 441
60 0 5 440
60 0 6 341
60 0 7 469
60 0 8 443
60 0 9 447
60 0 10 385
60 1 3 428
60 1 4 451
60 1 5 433
60 1 6 435
60 1 7 415
60 1 8 432
60 1 9 449
60 1 10 442
60 2 3 453
60 2 4 442
60 2 5 461
60 2 6 451
60 2 7 433
60 2 8 413
60 2 9 438
60 2 10 453
60 3 3 448
60 3 4 362
60 3 5 443
60 3 6 437
60 3 7 408
60 3 8 429
60 3 9 421
60 3 10 431
60 4 3 370
60 4 4 442
60 4 5 432
60 4 6 450
60 4 7 452
60 4 8 439
60 4 9 420
60 4 10 435
60 5 3 462
60 5 4 402
60 5 5 454
60 5 6 425
60 5 7 444
60 5 8 426
60 5 9 421
60 5 10 376
60 6 3 430
60 6 4 413
60 6 5 453
60 6 6 476
60 6 7 426
60 6 8 455
60 6 9 400
60 6 10 431
60 7 3 381
60 7 4 381
60 7 5 445
60 7 6 440
60 7 7 447
60 7 8 432
60 7 9 423
60 7 10 430
60 8 3 429
60 8 4 443
60 8 5 441
60 8 6 414
60 8 7 403
60 8 8 435
60 8 9 434
60 8 10 434
60 9 3 437
60 9 4 401
60 9 5 452
60 9 6 450
60 9 7 410
60 9 8 453
60 9 9 403
60 9 10 444
80 0 3 795
80 0 4 624
80 0 5 774
80 0 6 774
80 0 7 786
80 0 8 781
80 0 9 779
80 0 10 833
80 1 3 764
80 1 4 801
80 1 5 741
80 1 6 791
80 1 7 826
80 1 8 819
80 1 9 764
80 1 10 757
80 2 3 782
80 2 4 790
80 2 5 766
80 2 6 826
80 2 7 765
80 2 8 795
80 2 9 791
80 2 10 782
80 3 3 808
80 3 4 806
80 3 5 790
80 3 6 776
80 3 7 790
80 3 8 775
80 3 9 814
80 3 10 800
80 4 3 768
80 4 4 811
80 4 5 762
80 4 6 765
80 4 7 800
80 4 8 711
80 4 9 746
80 4 10 767
80 5 3 773
80 5 4 769
80 5 5 782
80 5 6 775
80 5 7 770
80 5 8 778
80 5 9 792
80 5 10 803
80 6 3 795
80 6 4 785
80 6 5 799
80 6 6 806
80 6 7 793
80 6 8 807
80 6 9 692
80 6 10 766
80 7 3 786
80 7 4 800
80 7 5 804
80 7 6 789
80 7 7 761
80 7 8 803
80 7 9 790
80 7 10 790
80 8 3 795
80 8 4 783
80 8 5 752
80 8 6 798
80 8 7 758
80 8 8 805
80 8 9 795
80 8 10 761
80 9 3 780
80 9 4 808
80 9 5 770
80 9 6 722
80 9 7 750
80 9 8 800
80 9 9 796
80 9 10 775
100 0 3 1180
100 0 4 1254
100 0 5 1164
100 0 6 1225
100 0 7 1129
100 0 8 1243
100 0 9 1238
100 0 10 1222
100 1 3 1229
100 1 4 1210
100 1 5 1229
100 1 6 1198
100 1 7 1243
100 1 8 1242
100 1 9 1232
100 1 10 1125
100 2 3 1229
100 2 4 1235
100 2 5 1233
100 2 6 1227
100 2 7 1199
100 2 8 1255
100 2 9 1258
100 2 10 1211
100 3 3 1243
100 3 4 1236
100 3 5 1208
100 3 6 1107
100 3 7 1240
100 3 8 1276
100 3 9 1246
100 3 10 1262
100 4 3 1176
100 4 4 1229
100 4 5 1237
100 4 6 1299
100 4 7 1182
100 4 8 1203
100 4 9 1285
100 4 10 1166
100 5 3 1224
100 5 4 1219
100 5 5 1191
100 5 6 1248
100 5 7 1252
100 5 8 1206
100 5 9 1233
100 5 10 1209
100 6 3 1241
100 6 4 1253
100 6 5 1232
100 6 6 1209
100 6 7 1279
100 6 8 1258
100 6 9 1229
100 6 10 1244
100 7 3 1178
100 7 4 1181
100 7 5 1253
100 7 6 1249
100 7 7 1213
100 7 8 1190
100 7 9 1233
100 7 10 1196
100 8 3 1184
100 8 4 1215
100 8 5 1174
100 8 6 1225
100 8 7 1226
100 8 8 1222
100 8 9 1225
100 8 10 1211
100 9 3 1224
100 9 4 1211
100 9 5 1139
100 9 6 1252
100 9 7 1255
100 9 8 1238
100 9 9 1274
100 9 10 1201
