60 0 0 449
60 0 1 393
60 0 2 447
60 1 0 418
60 1 1 433
60 1 2 448
60 2 0 443
60 2 1 430
60 2 2 434
60 3 0 429
60 3 1 406
60 3 2 429
60 4 0 467
60 4 1 408
60 4 2 349
60 5 0 445
60 5 1 427
60 5 2 457
60 6 0 462
60 6 1 445
60 6 2 441
60 7 0 433
60 7 1 413
60 7 2 403
60 8 0 431
60 8 1 454
60 8 2 464
60 9 0 418
60 9 1 413
60 9 2 401
80 0 0 787
80 0 1 710
80 0 2 780
80 1 0 772
80 1 1 786
80 1 2 804
80 2 0 798
80 2 1 763
80 2 2 761
80 3 0 834
80 3 1 798
80 3 2 792
80 4 0 776
80 4 1 788
80 4 2 771
80 5 0 808
80 5 1 773
80 5 2 759
80 6 0 790
80 6 1 780
80 6 2 791
80 7 0 760
80 7 1 790
80 7 2 772
80 8 0 790
80 8 1 769
80 8 2 722
80 9 0 770
80 9 1 807
80 9 2 786
100 0 0 1238
100 0 1 1241
100 0 2 1214
100 1 0 1229
100 1 1 1153
100 1 2 1235
100 2 0 1245
100 2 1 1169
100 2 2 1253
100 3 0 1214
100 3 1 1194
100 3 2 1206
100 4 0 1223
100 4 1 1246
100 4 2 1166
100 5 0 1175
100 5 1 1251
100 5 2 1237
100 6 0 1128
100 6 1 1247
100 6 2 1233
100 7 0 1228
100 7 1 1223
100 7 2 1254
100 8 0 1247
100 8 1 1233
100 8 2 1242
100 9 0 1134
100 9 1 1215
100 9 2 1260
60 0 3 373
60 0 4 439
60 0 5 410
60 0 6 446
60 0 7 430
60 0 8 437
60 0 9 441
60 0 10 427
60 1 3 444
60 1 4 429
60 1 5 424
60 1 6 412
60 1 7 432
60 1 8 437
60 1 9 390
60 1 10 442
60 2 3 439
60 2 4 461
60 2 5 463
60 2 6 466
60 2 7 410
60 2 8 378
60 2 9 434
60 2 10 436
60 3 3 444
60 3 4 414
60 3 5 468
60 3 6 428
60 3 7 459
60 3 8 432
60 3 9 380
60 3 10 444
60 4 3 447
60 4 4 399
60 4 5 458
60 4 6 437
60 4 7 425
60 4 8 441
60 4 9 443
60 4 10 433
60 5 3 449
60 5 4 454
60 5 5 441
60 5 6 440
60 5 7 460
60 5 8 474
60 5 9 399
60 5 10 446
60 6 3 451
60 6 4 462
60 6 5 416
60 6 6 448
60 6 7 437
60 6 8 466
60 6 9 433
60 6 10 332
60 7 3 442
60 7 4 432
60 7 5 429
60 7 6 434
60 7 7 443
60 7 8 428
60 7 9 421
60 7 10 446
60 8 3 458
60 8 4 428
60 8 5 439
60 8 6 446
60 8 7 446
60 8 8 460
60 8 9 426
60 8 10 441
60 9 3 458
60 9 4 457
60 9 5 421
60 9 6 437
60 9 7 440
60 9 8 435
60 9 9 432
60 9 10 420
80 0 3 770
80 0 4 775
80 0 5 798
80 0 6 796
80 0 7 793
80 0 8 738
80 0 9 779
80 0 10 798
80 1 3 787
80 1 4 778
80 1 5 756
80 1 6 765
80 1 7 776
80 1 8 783
80 1 9 749
80 1 10 802
80 2 3 793
80 2 4 791
80 2 5 721
80 2 6 789
80 2 7 805
80 2 8 806
80 2 9 779
80 2 10 785
80 3 3 782
80 3 4 747
80 3 5 779
80 3 6 780
80 3 7 695
80 3 8 744
80 3 9 756
80 3 10 707
80 4 3 762
80 4 4 706
80 4 5 809
80 4 6 786
80 4 7 793
80 4 8 755
80 4 9 790
80 4 10 752
80 5 3 774
80 5 4 791
80 5 5 797
80 5 6 762
80 5 7 784
80 5 8 729
80 5 9 759
80 5 10 785
80 6 3 793
80 6 4 780
80 6 5 756
80 6 6 797
80 6 7 766
80 6 8 797
80 6 9 765
80 6 10 790
80 7 3 786
80 7 4 762
80 7 5 814
80 7 6 776
80 7 7 790
80 7 8 797
80 7 9 792
80 7 10 747
80 8 3 740
80 8 4 676
80 8 5 775
80 8 6 775
80 8 7 780
80 8 8 790
80 8 9 779
80 8 10 773
80 9 3 799
80 9 4 793
80 9 5 806
80 9 6 786
80 9 7 798
80 9 8 782
80 9 9 824
80 9 10 787
100 0 3 1240
100 0 4 1261
100 0 5 1205
100 0 6 1227
100 0 7 1193
100 0 8 1178
100 0 9 1286
100 0 10 1211
100 1 3 1225
100 1 4 1220
100 1 5 1176
100 1 6 1143
100 1 7 1234
100 1 8 1186
100 1 9 1229
100 1 10 1257
100 2 3 1123
100 2 4 1190
100 2 5 1215
100 2 6 1255
100 2 7 1239
100 2 8 1235
100 2 9 1219
100 2 10 1240
100 3 3 1235
100 3 4 1275
100 3 5 1072
100 3 6 1156
100 3 7 1163
100 3 8 1212
100 3 9 1222
100 3 10 1240
100 4 3 1238
100 4 4 1030
100 4 5 1186
100 4 6 1236
100 4 7 1136
100 4 8 1234
100 4 9 1194
100 4 10 1117
100 5 3 1216
100 5 4 1197
100 5 5 1190
100 5 6 1200
100 5 7 1230
100 5 8 1257
100 5 9 1253
100 5 10 1266
100 6 3 1248
100 6 4 1240
100 6 5 1245
100 6 6 1199
100 6 7 1184
100 6 8 1250
100 6 9 1231
100 6 10 1215
100 7 3 1271
100 7 4 1213
100 7 5 1222
100 7 6 1220
100 7 7 1256
100 7 8 1221
100 7 9 1236
100 7 10 1208
100 8 3 1242
100 8 4 1238
100 8 5 1262
100 8 6 1216
100 8 7 1232
100 8 8 1291
100 8 9 1224
100 8 10 1216
100 9 3 1167
100 9 4 1253
100 9 5 1234
100 9 6 1250
100 9 7 1220
100 9 8 1256
100 9 9 1260
100 9 10 1252
