60 0 0 368
60 0 1 433
60 0 2 452
60 1 0 459
60 1 1 323
60 1 2 436
60 2 0 426
60 2 1 395
60 2 2 442
60 3 0 446
60 3 1 394
60 3 2 434
60 4 0 465
60 4 1 446
60 4 2 451
60 5 0 454
60 5 1 450
60 5 2 437
60 6 0 424
60 6 1 442
60 6 2 418
60 7 0 428
60 7 1 445
60 7 2 446
60 8 0 433
60 8 1 445
60 8 2 415
60 9 0 422
60 9 1 445
60 9 2 448
80 0 0 799
80 0 1 796
80 0 2 791
80 1 0 753
80 1 1 809
80 1 2 787
80 2 0 735
80 2 1 803
80 2 2 786
80 3 0 768
80 3 1 733
80 3 2 782
80 4 0 782
80 4 1 759
80 4 2 790
80 5 0 706
80 5 1 775
80 5 2 778
80 6 0 810
80 6 1 792
80 6 2 801
80 7 0 735
80 7 1 782
80 7 2 784
80 8 0 810
80 8 1 767
80 8 2 643
80 9 0 803
80 9 1 779
80 9 2 805
100 0 0 1214
100 0 1 1242
100 0 2 1215
100 1 0 1239
100 1 1 1207
100 1 2 1220
100 2 0 1197
100 2 1 1213
100 2 2 1220
100 3 0 1301
100 3 1 1020
100 3 2 1127
100 4 0 1163
100 4 1 1221
100 4 2 1201
100 5 0 1232
100 5 1 1223
100 5 2 1258
100 6 0 1175
100 6 1 1220
100 6 2 1264
100 7 0 1238
100 7 1 1227
100 7 2 1229
100 8 0 1203
100 8 1 1197
100 8 2 1118
100 9 0 1236
100 9 1 1239
100 9 2 1224
60 0 3 412
60 0 4 440
60 0 5 428
60 0 6 478
60 0 7 443
60 0 8 445
60 0 9 341
60 0 10 450
60 1 3 404
60 1 4 441
60 1 5 433
60 1 6 437
60 1 7 445
60 1 8 436
60 1 9 451
60 1 10 459
60 2 3 435
60 2 4 436
60 2 5 435
60 2 6 454
60 2 7 426
60 2 8 427
60 2 9 447
60 2 10 426
60 3 3 406
60 3 4 395
60 3 5 429
60 3 6 460
60 3 7 447
60 3 8 440
60 3 9 377
60 3 10 427
60 4 3 417
60 4 4 452
60 4 5 331
60 4 6 450
60 4 7 422
60 4 8 438
60 4 9 437
60 4 10 422
60 5 3 441
60 5 4 424
60 5 5 440
60 5 6 413
60 5 7 462
60 5 8 364
60 5 9 453
60 5 10 448
60 6 3 435
60 6 4 407
60 6 5 440
60 6 6 448
60 6 7 429
60 6 8 459
60 6 9 410
60 6 10 435
60 7 3 459
60 7 4 440
60 7 5 430
60 7 6 384
60 7 7 457
60 7 8 369
60 7 9 436
60 7 10 422
60 8 3 424
60 8 4 446
60 8 5 403
60 8 6 397
60 8 7 432
60 8 8 436
60 8 9 445
60 8 10 455
60 9 3 370
60 9 4 438
60 9 5 457
60 9 6 418
60 9 7 411
60 9 8 420
60 9 9 437
60 9 10 424
80 0 3 789
80 0 4 763
80 0 5 787
80 0 6 792
80 0 7 785
80 0 8 792
80 0 9 775
80 0 10 823
80 1 3 790
80 1 4 735
80 1 5 702
80 1 6 799
80 1 7 782
80 1 8 792
80 1 9 816
80 1 10 797
80 2 3 807
80 2 4 827
80 2 5 779
80 2 6 788
80 2 7 779
80 2 8 764
80 2 9 793
80 2 10 791
80 3 3 779
80 3 4 742
80 3 5 734
80 3 6 748
80 3 7 785
80 3 8 750
80 3 9 782
80 3 10 786
80 4 3 773
80 4 4 735
80 4 5 816
80 4 6 752
80 4 7 724
80 4 8 775
80 4 9 624
80 4 10 725
80 5 3 790
80 5 4 805
80 5 5 777
80 5 6 754
80 5 7 798
80 5 8 775
80 5 9 771
80 5 10 780
80 6 3 782
80 6 4 791
80 6 5 794
80 6 6 794
80 6 7 727
80 6 8 795
80 6 9 771
80 6 10 805
80 7 3 741
80 7 4 796
80 7 5 768
80 7 6 755
80 7 7 744
80 7 8 813
80 7 9 802
80 7 10 784
80 8 3 807
80 8 4 794
80 8 5 795
80 8 6 788
80 8 7 774
80 8 8 754
80 8 9 712
80 8 10 792
80 9 3 784
80 9 4 791
80 9 5 751
80 9 6 803
80 9 7 800
80 9 8 758
80 9 9 757
80 9 10 768
100 0 3 1225
100 0 4 1215
100 0 5 1227
100 0 6 1243
100 0 7 1212
100 0 8 1263
100 0 9 1205
100 0 10 1227
100 1 3 1253
100 1 4 1237
100 1 5 1238
100 1 6 1220
100 1 7 1247
100 1 8 1247
100 1 9 1135
100 1 10 1185
100 2 3 1190
100 2 4 1240
100 2 5 1262
100 2 6 1210
100 2 7 1086
100 2 8 1087
100 2 9 1195
100 2 10 1255
100 3 3 1175
100 3 4 1243
100 3 5 1230
100 3 6 1236
100 3 7 1274
100 3 8 1201
100 3 9 1229
100 3 10 1196
100 4 3 1220
100 4 4 1235
100 4 5 1239
100 4 6 1212
100 4 7 1228
100 4 8 1114
100 4 9 1199
100 4 10 1242
100 5 3 1263
100 5 4 1246
100 5 5 1251
100 5 6 1228
100 5 7 1255
100 5 8 1225
100 5 9 1240
100 5 10 1188
100 6 3 1244
100 6 4 1188
100 6 5 1268
100 6 6 1244
100 6 7 1221
100 6 8 1108
100 6 9 1247
100 6 10 1218
100 7 3 1215
100 7 4 1142
100 7 5 1230
100 7 6 1252
100 7 7 1214
100 7 8 1257
100 7 9 1217
100 7 10 1253
100 8 3 1210
100 8 4 1255
100 8 5 1238
100 8 6 1205
100 8 7 1255
100 8 8 1266
100 8 9 1282
100 8 10 1143
100 9 3 1253
100 9 4 1231
100 9 5 1119
100 9 6 1162
100 9 7 1247
100 9 8 1256
100 9 9 1220
100 9 10 1245
