60 0 0 436
60 0 1 439
60 0 2 382
60 1 0 448
60 1 1 449
60 1 2 429
60 2 0 423
60 2 1 443
60 2 2 395
60 3 0 448
60 3 1 444
60 3 2 445
60 4 0 443
60 4 1 445
60 4 2 443
60 5 0 447
60 5 1 407
60 5 2 434
60 6 0 430
60 6 1 434
60 6 2 432
60 7 0 453
60 7 1 430
60 7 2 459
60 8 0 432
60 8 1 456
60 8 2 437
60 9 0 449
60 9 1 443
60 9 2 442
80 0 0 787
80 0 1 671
80 0 2 803
80 1 0 798
80 1 1 815
80 1 2 763
80 2 0 753
80 2 1 778
80 2 2 810
80 3 0 775
80 3 1 755
80 3 2 769
80 4 0 757
80 4 1 771
80 4 2 792
80 5 0 802
80 5 1 795
80 5 2 745
80 6 0 791
80 6 1 802
80 6 2 782
80 7 0 779
80 7 1 785
80 7 2 814
80 8 0 783
80 8 1 752
80 8 2 794
80 9 0 798
80 9 1 797
80 9 2 776
100 0 0 1268
100 0 1 1224
100 0 2 1213
100 1 0 1258
100 1 1 1194
100 1 2 1245
100 2 0 1228
100 2 1 1263
100 2 2 1098
100 3 0 1214
100 3 1 1250
100 3 2 1216
100 4 0 1277
100 4 1 1273
100 4 2 1257
100 5 0 1230
100 5 1 1234
100 5 2 1210
100 6 0 1221
100 6 1 1235
100 6 2 1238
100 7 0 1237
100 7 1 1269
100 7 2 1223
100 8 0 1199
100 8 1 1269
100 8 2 1244
100 9 0 1273
100 9 1 1228
100 9 2 1238
60 0 3 400
60 0 4 419
60 0 5 464
60 0 6 424
60 0 7 427
60 0 8 448
60 0 9 376
60 0 10 445
60 1 3 446
60 1 4 344
60 1 5 444
60 1 6 451
60 1 7 459
60 1 8 421
60 1 9 441
60 1 10 448
60 2 3 445
60 2 4 447
60 2 5 374
60 2 6 448
60 2 7 419
60 2 8 445
60 2 9 414
60 2 10 457
60 3 3 445
60 3 4 435
60 3 5 448
60 3 6 433
60 3 7 433
60 3 8 446
60 3 9 428
60 3 10 441
60 4 3 437
60 4 4 393
60 4 5 441
60 4 6 429
60 4 7 446
60 4 8 429
60 4 9 442
60 4 10 414
60 5 3 455
60 5 4 432
60 5 5 443
60 5 6 446
60 5 7 449
60 5 8 450
60 5 9 445
60 5 10 472
60 6 3 452
60 6 4 441
60 6 5 378
60 6 6 436
60 6 7 457
60 6 8 478
60 6 9 429
60 6 10 453
60 7 3 404
60 7 4 425
60 7 5 404
60 7 6 430
60 7 7 438
60 7 8 420
60 7 9 435
60 7 10 402
60 8 3 388
60 8 4 428
60 8 5 441
60 8 6 422
60 8 7 410
60 8 8 448
60 8 9 433
60 8 10 375
60 9 3 405
60 9 4 427
60 9 5 422
60 9 6 437
60 9 7 453
60 9 8 434
60 9 9 405
60 9 10 422
80 0 3 812
80 0 4 733
80 0 5 790
80 0 6 777
80 0 7 736
80 0 8 791
80 0 9 801
80 0 10 748
80 1 3 788
80 1 4 834
80 1 5 797
80 1 6 795
80 1 7 776
80 1 8 773
80 1 9 738
80 1 10 786
80 2 3 753
80 2 4 746
80 2 5 767
80 2 6 796
80 2 7 797
80 2 8 756
80 2 9 802
80 2 10 783
80 3 3 772
80 3 4 813
80 3 5 777
80 3 6 771
80 3 7 782
80 3 8 793
80 3 9 829
80 3 10 760
80 4 3 780
80 4 4 778
80 4 5 789
80 4 6 787
80 4 7 791
80 4 8 770
80 4 9 802
80 4 10 802
80 5 3 816
80 5 4 788
80 5 5 777
80 5 6 808
80 5 7 730
80 5 8 784
80 5 9 816
80 5 10 773
80 6 3 769
80 6 4 760
80 6 5 755
80 6 6 662
80 6 7 682
80 6 8 796
80 6 9 791
80 6 10 784
80 7 3 785
80 7 4 794
80 7 5 753
80 7 6 774
80 7 7 740
80 7 8 730
80 7 9 798
80 7 10 778
80 8 3 792
80 8 4 791
80 8 5 794
80 8 6 800
80 8 7 797
80 8 8 803
80 8 9 789
80 8 10 775
80 9 3 784
80 9 4 677
80 9 5 779
80 9 6 790
80 9 7 808
80 9 8 814
80 9 9 774
80 9 10 769
100 0 3 1222
100 0 4 1214
100 0 5 1260
100 0 6 1257
100 0 7 1221
100 0 8 1213
100 0 9 1199
100 0 10 1233
100 1 3 1197
100 1 4 1265
100 1 5 1208
100 1 6 1253
100 1 7 1264
100 1 8 1203
100 1 9 1233
100 1 10 1246
100 2 3 1228
100 2 4 1237
100 2 5 1236
100 2 6 1238
100 2 7 1204
100 2 8 1263
100 2 9 1230
100 2 10 1256
100 3 3 1237
100 3 4 1231
100 3 5 1236
100 3 6 1227
100 3 7 1225
100 3 8 1222
100 3 9 1242
100 3 10 1272
100 4 3 1242
100 4 4 1231
100 4 5 1226
100 4 6 1245
100 4 7 1248
100 4 8 1247
100 4 9 1233
100 4 10 1223
100 5 3 1217
100 5 4 1236
100 5 5 1222
100 5 6 1250
100 5 7 1270
100 5 8 1152
100 5 9 1056
100 5 10 1265
100 6 3 1247
100 6 4 1255
100 6 5 1272
100 6 6 1232
100 6 7 1208
100 6 8 1254
100 6 9 1237
100 6 10 1230
100 7 3 1212
100 7 4 1228
100 7 5 1207
100 7 6 1185
100 7 7 1261
100 7 8 1177
100 7 9 1208
100 7 10 1243
100 8 3 1261
100 8 4 1252
100 8 5 1249
100 8 6 1219
100 8 7 1249
100 8 8 1217
100 8 9 1273
100 8 10 1187
100 9 3 1244
100 9 4 1276
100 9 5 1241
100 9 6 1254
100 9 7 1230
100 9 8 1229
100 9 9 1250
100 9 10 1253
