60 0 0 357
60 0 1 460
60 0 2 446
60 1 0 443
60 1 1 435
60 1 2 440
60 2 0 431
60 2 1 419
60 2 2 462
60 3 0 445
60 3 1 443
60 3 2 394
60 4 0 443
60 4 1 449
60 4 2 383
60 5 0 446
60 5 1 449
60 5 2 431
60 6 0 441
60 6 1 451
60 6 2 431
60 7 0 453
60 7 1 442
60 7 2 439
60 8 0 424
60 8 1 442
60 8 2 431
60 9 0 427
60 9 1 450
60 9 2 425
80 0 0 795
80 0 1 784
80 0 2 789
80 1 0 799
80 1 1 788
80 1 2 787
80 2 0 795
80 2 1 775
80 2 2 747
80 3 0 796
80 3 1 772
80 3 2 808
80 4 0 818
80 4 1 799
80 4 2 778
80 5 0 705
80 5 1 772
80 5 2 764
80 6 0 754
80 6 1 805
80 6 2 786
80 7 0 756
80 7 1 776
80 7 2 776
80 8 0 763
80 8 1 787
80 8 2 774
80 9 0 761
80 9 1 813
80 9 2 789
100 0 0 1221
100 0 1 1237
100 0 2 1225
100 1 0 1170
100 1 1 1210
100 1 2 1220
100 2 0 1257
100 2 1 1237
100 2 2 1232
100 3 0 1251
100 3 1 1242
100 3 2 1254
100 4 0 1234
100 4 1 1252
100 4 2 1220
100 5 0 1192
100 5 1 1226
100 5 2 1263
100 6 0 1238
100 6 1 1243
100 6 2 1233
100 7 0 1235
100 7 1 1231
100 7 2 1257
100 8 0 1151
100 8 1 1216
100 8 2 1244
100 9 0 1241
100 9 1 1256
100 9 2 1224
60 0 3 453
60 0 4 444
60 0 5 452
60 0 6 438
60 0 7 436
60 0 8 425
60 0 9 418
60 0 10 430
60 1 3 456
60 1 4 461
60 1 5 429
60 1 6 424
60 1 7 430
60 1 8 385
60 1 9 425
60 1 10 434
60 2 3 455
60 2 4 448
60 2 5 416
60 2 6 455
60 2 7 437
60 2 8 429
60 2 9 446
60 2 10 414
60 3 3 431
60 3 4 450
60 3 5 435
60 3 6 433
60 3 7 461
60 3 8 430
60 3 9 413
60 3 10 454
60 4 3 453
60 4 4 439
60 4 5 441
60 4 6 435
60 4 7 432
60 4 8 448
60 4 9 430
60 4 10 413
60 5 3 433
60 5 4 439
60 5 5 456
60 5 6 451
60 5 7 444
60 5 8 429
60 5 9 449
60 5 10 453
60 6 3 452
60 6 4 419
60 6 5 444
60 6 6 449
60 6 7 443
60 6 8 452
60 6 9 444
60 6 10 453
60 7 3 447
60 7 4 454
60 7 5 463
60 7 6 434
60 7 7 455
60 7 8 431
60 7 9 408
60 7 10 459
60 8 3 443
60 8 4 430
60 8 5 426
60 8 6 457
60 8 7 414
60 8 8 443
60 8 9 438
60 8 10 361
60 9 3 441
60 9 4 439
60 9 5 426
60 9 6 471
60 9 7 435
60 9 8 433
60 9 9 400
60 9 10 400
80 0 3 783
80 0 4 786
80 0 5 796
80 0 6 782
80 0 7 751
80 0 8 743
80 0 9 809
80 0 10 810
80 1 3 799
80 1 4 798
80 1 5 706
80 1 6 806
80 1 7 727
80 1 8 780
80 1 9 791
80 1 10 759
80 2 3 790
80 2 4 804
80 2 5 727
80 2 6 798
80 2 7 745
80 2 8 796
80 2 9 792
80 2 10 762
80 3 3 764
80 3 4 746
80 3 5 801
80 3 6 781
80 3 7 788
80 3 8 785
80 3 9 776
80 3 10 814
80 4 3 777
80 4 4 712
80 4 5 780
80 4 6 776
80 4 7 735
80 4 8 768
80 4 9 736
80 4 10 768
80 5 3 778
80 5 4 783
80 5 5 795
80 5 6 802
80 5 7 791
80 5 8 756
80 5 9 817
80 5 10 760
80 6 3 792
80 6 4 796
80 6 5 802
80 6 6 761
80 6 7 772
80 6 8 794
80 6 9 796
80 6 10 791
80 7 3 796
80 7 4 766
80 7 5 791
80 7 6 658
80 7 7 754
80 7 8 789
80 7 9 804
80 7 10 800
80 8 3 792
80 8 4 803
80 8 5 721
80 8 6 790
80 8 7 801
80 8 8 790
80 8 9 806
80 8 10 813
80 9 3 794
80 9 4 760
80 9 5 762
80 9 6 815
80 9 7 779
80 9 8 792
80 9 9 802
80 9 10 810
100 0 3 1251
100 0 4 1201
100 0 5 1193
100 0 6 1224
100 0 7 1110
100 0 8 1245
100 0 9 1193
100 0 10 1254
100 1 3 1223
100 1 4 1213
100 1 5 1232
100 1 6 1256
100 1 7 1211
100 1 8 1242
100 1 9 1245
100 1 10 1179
100 2 3 1260
100 2 4 1240
100 2 5 1224
100 2 6 1132
100 2 7 1211
100 2 8 1084
100 2 9 1222
100 2 10 1207
100 3 3 1179
100 3 4 1254
100 3 5 1259
100 3 6 1259
100 3 7 1195
100 3 8 1224
100 3 9 1217
100 3 10 1241
100 4 3 1227
100 4 4 1237
100 4 5 1245
100 4 6 1220
100 4 7 1246
100 4 8 1252
100 4 9 1251
100 4 10 1172
100 5 3 1260
100 5 4 1197
100 5 5 1237
100 5 6 1194
100 5 7 1224
100 5 8 1222
100 5 9 1285
100 5 10 1166
100 6 3 1219
100 6 4 1239
100 6 5 1223
100 6 6 1229
100 6 7 1244
100 6 8 1205
100 6 9 1229
100 6 10 1237
100 7 3 1268
100 7 4 1202
100 7 5 1240
100 7 6 1217
100 7 7 1259
100 7 8 1175
100 7 9 1152
100 7 10 1211
100 8 3 1225
100 8 4 1181
100 8 5 1230
100 8 6 1012
100 8 7 1264
100 8 8 1245
100 8 9 1258
100 8 10 1271
100 9 3 1236
100 9 4 1226
100 9 5 1251
100 9 6 1230
100 9 7 1243
100 9 8 1176
100 9 9 1251
100 9 10 1226
