60 0 0 396
60 0 1 430
60 0 2 427
60 1 0 437
60 1 1 437
60 1 2 448
60 2 0 446
60 2 1 323
60 2 2 448
60 3 0 446
60 3 1 444
60 3 2 460
60 4 0 467
60 4 1 453
60 4 2 310
60 5 0 409
60 5 1 429
60 5 2 446
60 6 0 392
60 6 1 460
60 6 2 452
60 7 0 452
60 7 1 436
60 7 2 433
60 8 0 462
60 8 1 441
60 8 2 449
60 9 0 462
60 9 1 439
60 9 2 425
80 0 0 769
80 0 1 756
80 0 2 783
80 1 0 799
80 1 1 774
80 1 2 765
80 2 0 785
80 2 1 748
80 2 2 794
80 3 0 695
80 3 1 808
80 3 2 781
80 4 0 766
80 4 1 763
80 4 2 732
80 5 0 752
80 5 1 727
80 5 2 759
80 6 0 754
80 6 1 786
80 6 2 738
80 7 0 791
80 7 1 755
80 7 2 707
80 8 0 805
80 8 1 779
80 8 2 788
80 9 0 556
80 9 1 788
80 9 2 717
100 0 0 1195
100 0 1 1248
100 0 2 1241
100 1 0 1236
100 1 1 1226
100 1 2 1210
100 2 0 1200
100 2 1 1189
100 2 2 1037
100 3 0 1225
100 3 1 1209
100 3 2 1088
100 4 0 1237
100 4 1 1246
100 4 2 1209
100 5 0 1208
100 5 1 1226
100 5 2 1156
100 6 0 1188
100 6 1 1219
100 6 2 1202
100 7 0 1185
100 7 1 1186
100 7 2 1219
100 8 0 1239
100 8 1 1144
100 8 2 1232
100 9 0 1196
100 9 1 1237
100 9 2 1276
60 0 3 433
60 0 4 282
60 0 5 427
60 0 6 443
60 0 7 403
60 0 8 434
60 0 9 412
60 0 10 441
60 1 3 449
60 1 4 410
60 1 5 375
60 1 6 440
60 1 7 339
60 1 8 413
60 1 9 452
60 1 10 441
60 2 3 442
60 2 4 437
60 2 5 427
60 2 6 449
60 2 7 429
60 2 8 453
60 2 9 427
60 2 10 352
60 3 3 445
60 3 4 416
60 3 5 442
60 3 6 439
60 3 7 446
60 3 8 376
60 3 9 459
60 3 10 441
60 4 3 418
60 4 4 441
60 4 5 412
60 4 6 439
60 4 7 445
60 4 8 459
60 4 9 433
60 4 10 433
60 5 3 417
60 5 4 439
60 5 5 443
60 5 6 406
60 5 7 422
60 5 8 451
60 5 9 443
60 5 10 440
60 6 3 455
60 6 4 371
60 6 5 431
60 6 6 443
60 6 7 437
60 6 8 371
60 6 9 441
60 6 10 430
60 7 3 414
60 7 4 437
60 7 5 389
60 7 6 443
60 7 7 441
60 7 8 441
60 7 9 435
60 7 10 367
60 8 3 442
60 8 4 439
60 8 5 431
60 8 6 447
60 8 7 451
60 8 8 445
60 8 9 452
60 8 10 442
60 9 3 425
60 9 4 432
60 9 5 434
60 9 6 448
60 9 7 429
60 9 8 347
60 9 9 428
60 9 10 446
80 0 3 779
80 0 4 771
80 0 5 784
80 0 6 794
80 0 7 792
80 0 8 769
80 0 9 791
80 0 10 724
80 1 3 776
80 1 4 714
80 1 5 808
80 1 6 763
80 1 7 789
80 1 8 787
80 1 9 728
80 1 10 743
80 2 3 736
80 2 4 644
80 2 5 741
80 2 6 780
80 2 7 724
80 2 8 774
80 2 9 768
80 2 10 770
80 3 3 773
80 3 4 726
80 3 5 777
80 3 6 797
80 3 7 796
80 3 8 782
80 3 9 813
80 3 10 783
80 4 3 780
80 4 4 773
80 4 5 791
80 4 6 691
80 4 7 803
80 4 8 741
80 4 9 788
80 4 10 785
80 5 3 788
80 5 4 778
80 5 5 663
80 5 6 748
80 5 7 793
80 5 8 708
80 5 9 787
80 5 10 798
80 6 3 789
80 6 4 735
80 6 5 719
80 6 6 764
80 6 7 748
80 6 8 779
80 6 9 755
80 6 10 670
80 7 3 823
80 7 4 779
80 7 5 606
80 7 6 670
80 7 7 776
80 7 8 808
80 7 9 797
80 7 10 784
80 8 3 740
80 8 4 755
80 8 5 791
80 8 6 790
80 8 7 764
80 8 8 782
80 8 9 797
80 8 10 800
80 9 3 775
80 9 4 759
80 9 5 777
80 9 6 766
80 9 7 697
80 9 8 756
80 9 9 729
80 9 10 798
100 0 3 1222
100 0 4 1240
100 0 5 940
100 0 6 1192
100 0 7 1216
100 0 8 1276
100 0 9 1187
100 0 10 1156
100 1 3 1198
100 1 4 1250
100 1 5 1259
100 1 6 1216
100 1 7 1215
100 1 8 1234
100 1 9 1228
100 1 10 1163
100 2 3 1220
100 2 4 1207
100 2 5 1278
100 2 6 1251
100 2 7 1209
100 2 8 1234
100 2 9 1212
100 2 10 1252
100 3 3 1210
100 3 4 1243
100 3 5 1269
100 3 6 1247
100 3 7 1188
100 3 8 1168
100 3 9 1219
100 3 10 1279
100 4 3 1244
100 4 4 1256
100 4 5 1193
100 4 6 1219
100 4 7 1230
100 4 8 1018
100 4 9 1217
100 4 10 1222
100 5 3 1274
100 5 4 1216
100 5 5 1222
100 5 6 1173
100 5 7 1212
100 5 8 1175
100 5 9 1239
100 5 10 1259
100 6 3 1230
100 6 4 1165
100 6 5 1239
100 6 6 1233
100 6 7 1196
100 6 8 1191
100 6 9 1258
100 6 10 1169
100 7 3 1268
100 7 4 1253
100 7 5 1219
100 7 6 1248
100 7 7 1224
100 7 8 1144
100 7 9 1251
100 7 10 1208
100 8 3 1225
100 8 4 1232
100 8 5 1250
100 8 6 1242
100 8 7 1184
100 8 8 1216
100 8 9 1121
100 8 10 1250
100 9 3 1162
100 9 4 1224
100 9 5 1232
100 9 6 1249
100 9 7 1236
100 9 8 1239
100 9 9 1208
100 9 10 1238
