60 0 0 445
60 0 1 408
60 0 2 464
60 1 0 406
60 1 1 442
60 1 2 452
60 2 0 459
60 2 1 443
60 2 2 418
60 3 0 402
60 3 1 389
60 3 2 427
60 4 0 431
60 4 1 455
60 4 2 440
60 5 0 449
60 5 1 429
60 5 2 443
60 6 0 438
60 6 1 421
60 6 2 435
60 7 0 424
60 7 1 430
60 7 2 428
60 8 0 424
60 8 1 439
60 8 2 426
60 9 0 454
60 9 1 446
60 9 2 428
80 0 0 809
80 0 1 759
80 0 2 800
80 1 0 806
80 1 1 764
80 1 2 806
80 2 0 755
80 2 1 772
80 2 2 811
80 3 0 730
80 3 1 729
80 3 2 795
80 4 0 781
80 4 1 804
80 4 2 769
80 5 0 752
80 5 1 795
80 5 2 817
80 6 0 790
80 6 1 789
80 6 2 809
80 7 0 798
80 7 1 776
80 7 2 791
80 8 0 799
80 8 1 757
80 8 2 751
80 9 0 795
80 9 1 792
80 9 2 790
100 0 0 1251
100 0 1 1230
100 0 2 1242
100 1 0 1233
100 1 1 1261
100 1 2 1212
100 2 0 1219
100 2 1 1209
100 2 2 1229
100 3 0 1220
100 3 1 1230
100 3 2 1221
100 4 0 1265
100 4 1 1221
100 4 2 1217
100 5 0 1247
100 5 1 1196
100 5 2 1220
100 6 0 1254
100 6 1 1210
100 6 2 1193
100 7 0 1217
100 7 1 1231
100 7 2 1245
100 8 0 1233
100 8 1 1208
100 8 2 1278
100 9 0 1251
100 9 1 1206
100 9 2 1215
60 0 3 450
60 0 4 438
60 0 5 393
60 0 6 430
60 0 7 382
60 0 8 447
60 0 9 446
60 0 10 451
60 1 3 443
60 1 4 442
60 1 5 421
60 1 6 431
60 1 7 452
60 1 8 464
60 1 9 373
60 1 10 435
60 2 3 435
60 2 4 443
60 2 5 444
60 2 6 435
60 2 7 431
60 2 8 431
60 2 9 411
60 2 10 440
60 3 3 441
60 3 4 409
60 3 5 426
60 3 6 431
60 3 7 431
60 3 8 423
60 3 9 441
60 3 10 428
60 4 3 403
60 4 4 420
60 4 5 435
60 4 6 472
60 4 7 433
60 4 8 443
60 4 9 441
60 4 10 438
60 5 3 434
60 5 4 439
60 5 5 450
60 5 6 451
60 5 7 432
60 5 8 455
60 5 9 439
60 5 10 447
60 6 3 415
60 6 4 452
60 6 5 446
60 6 6 417
60 6 7 450
60 6 8 361
60 6 9 441
60 6 10 443
60 7 3 467
60 7 4 441
60 7 5 426
60 7 6 440
60 7 7 440
60 7 8 446
60 7 9 417
60 7 10 457
60 8 3 420
60 8 4 450
60 8 5 431
60 8 6 433
60 8 7 456
60 8 8 442
60 8 9 447
60 8 10 382
60 9 3 432
60 9 4 435
60 9 5 447
60 9 6 430
60 9 7 426
60 9 8 451
60 9 9 449
60 9 10 423
80 0 3 806
80 0 4 736
80 0 5 791
80 0 6 767
80 0 7 737
80 0 8 768
80 0 9 805
80 0 10 803
80 1 3 786
80 1 4 760
80 1 5 780
80 1 6 806
80 1 7 798
80 1 8 745
80 1 9 801
80 1 10 763
80 2 3 810
80 2 4 772
80 2 5 779
80 2 6 789
80 2 7 774
80 2 8 732
80 2 9 780
80 2 10 748
80 3 3 808
80 3 4 782
80 3 5 733
80 3 6 803
80 3 7 809
80 3 8 790
80 3 9 695
80 3 10 771
80 4 3 784
80 4 4 812
80 4 5 790
80 4 6 759
80 4 7 662
80 4 8 773
80 4 9 815
80 4 10 781
80 5 3 807
80 5 4 786
80 5 5 763
80 5 6 791
80 5 7 794
80 5 8 796
80 5 9 803
80 5 10 801
80 6 3 779
80 6 4 799
80 6 5 790
80 6 6 806
80 6 7 781
80 6 8 788
80 6 9 779
80 6 10 802
80 7 3 770
80 7 4 794
80 7 5 740
80 7 6 781
80 7 7 798
80 7 8 786
80 7 9 784
80 7 10 760
80 8 3 811
80 8 4 791
80 8 5 802
80 8 6 764
80 8 7 794
80 8 8 798
80 8 9 813
80 8 10 777
80 9 3 778
80 9 4 750
80 9 5 778
80 9 6 800
80 9 7 801
80 9 8 773
80 9 9 816
80 9 10 775
100 0 3 1226
100 0 4 1234
100 0 5 1214
100 0 6 1239
100 0 7 1241
100 0 8 1211
100 0 9 1243
100 0 10 1226
100 1 3 1239
100 1 4 1215
100 1 5 1216
100 1 6 1048
100 1 7 1229
100 1 8 1203
100 1 9 1165
100 1 10 1240
100 2 3 1253
100 2 4 1263
100 2 5 1213
100 2 6 1216
100 2 7 1217
100 2 8 1209
100 2 9 1260
100 2 10 1210
100 3 3 1229
100 3 4 1225
100 3 5 1265
100 3 6 1258
100 3 7 1231
100 3 8 1279
100 3 9 1255
100 3 10 1233
100 4 3 1248
100 4 4 1205
100 4 5 1221
100 4 6 1254
100 4 7 1191
100 4 8 1208
100 4 9 1271
100 4 10 1251
100 5 3 1279
100 5 4 1107
100 5 5 1265
100 5 6 1241
100 5 7 1270
100 5 8 1227
100 5 9 1229
100 5 10 1258
100 6 3 1244
100 6 4 1102
100 6 5 1265
100 6 6 1201
100 6 7 1261
100 6 8 1231
100 6 9 1231
100 6 10 1243
100 7 3 1184
100 7 4 1210
100 7 5 1223
100 7 6 1237
100 7 7 1225
100 7 8 1256
100 7 9 1209
100 7 10 1249
100 8 3 1232
100 8 4 1221
100 8 5 1229
100 8 6 1252
100 8 7 1246
100 8 8 1216
100 8 9 1262
100 8 10 1210
100 9 3 1260
100 9 4 1235
100 9 5 1128
100 9 6 1222
100 9 7 1263
100 9 8 1241
100 9 9 1207
100 9 10 1228
