60 0 0 446
60 0 1 437
60 0 2 422
60 1 0 432
60 1 1 440
60 1 2 460
60 2 0 450
60 2 1 424
60 2 2 457
60 3 0 410
60 3 1 398
60 3 2 446
60 4 0 427
60 4 1 456
60 4 2 436
60 5 0 441
60 5 1 388
60 5 2 461
60 6 0 435
60 6 1 428
60 6 2 423
60 7 0 440
60 7 1 433
60 7 2 413
60 8 0 453
60 8 1 446
60 8 2 445
60 9 0 449
60 9 1 429
60 9 2 440
80 0 0 778
80 0 1 756
80 0 2 762
80 1 0 765
80 1 1 788
80 1 2 776
80 2 0 768
80 2 1 725
80 2 2 801
80 3 0 804
80 3 1 774
80 3 2 783
80 4 0 753
80 4 1 734
80 4 2 767
80 5 0 782
80 5 1 812
80 5 2 709
80 6 0 801
80 6 1 790
80 6 2 804
80 7 0 780
80 7 1 794
80 7 2 764
80 8 0 712
80 8 1 782
80 8 2 794
80 9 0 784
80 9 1 766
80 9 2 709
100 0 0 1221
100 0 1 1219
100 0 2 1230
100 1 0 1197
100 1 1 1147
100 1 2 1241
100 2 0 1084
100 2 1 1241
100 2 2 1226
100 3 0 1202
100 3 1 1224
100 3 2 1084
100 4 0 1222
100 4 1 1218
100 4 2 1161
100 5 0 1153
100 5 1 1130
100 5 2 1187
100 6 0 1235
100 6 1 1213
100 6 2 1238
100 7 0 1243
100 7 1 1216
100 7 2 1217
100 8 0 1267
100 8 1 1220
100 8 2 1215
100 9 0 1123
100 9 1 1251
100 9 2 1235
