60 0 0 420
60 0 1 460
60 0 2 425
60 1 0 431
60 1 1 423
60 1 2 445
60 2 0 429
60 2 1 430
60 2 2 449
60 3 0 423
60 3 1 359
60 3 2 437
60 4 0 378
60 4 1 444
60 4 2 427
60 5 0 432
60 5 1 424
60 5 2 395
60 6 0 387
60 6 1 454
60 6 2 442
60 7 0 448
60 7 1 387
60 7 2 447
60 8 0 445
60 8 1 469
60 8 2 420
60 9 0 450
60 9 1 455
60 9 2 438
80 0 0 775
80 0 1 646
80 0 2 747
80 1 0 735
80 1 1 778
80 1 2 706
80 2 0 804
80 2 1 795
80 2 2 787
80 3 0 782
80 3 1 780
80 3 2 787
80 4 0 746
80 4 1 771
80 4 2 803
80 5 0 724
80 5 1 777
80 5 2 741
80 6 0 772
80 6 1 796
80 6 2 777
80 7 0 759
80 7 1 800
80 7 2 803
80 8 0 809
80 8 1 810
80 8 2 767
80 9 0 755
80 9 1 805
80 9 2 798
100 0 0 1196
100 0 1 1160
100 0 2 1228
100 1 0 1219
100 1 1 1165
100 1 2 1201
100 2 0 1237
100 2 1 1199
100 2 2 1180
100 3 0 940
100 3 1 1248
100 3 2 1230
100 4 0 1258
100 4 1 1218
100 4 2 1254
100 5 0 1210
100 5 1 1235
100 5 2 1175
100 6 0 1205
100 6 1 1164
100 6 2 1215
100 7 0 1176
100 7 1 1216
100 7 2 1252
100 8 0 1207
100 8 1 1239
100 8 2 1272
100 9 0 1115
100 9 1 1218
100 9 2 1221
60 0 3 440
60 0 4 449
60 0 5 433
60 0 6 446
60 0 7 381
60 0 8 454
60 0 9 447
60 0 10 373
60 1 3 438
60 1 4 420
60 1 5 433
60 1 6 429
60 1 7 451
60 1 8 417
60 1 9 426
60 1 10 381
60 2 3 453
60 2 4 373
60 2 5 439
60 2 6 466
60 2 7 453
60 2 8 460
60 2 9 431
60 2 10 423
60 3 3 445
60 3 4 424
60 3 5 448
60 3 6 432
60 3 7 408
60 3 8 414
60 3 9 448
60 3 10 472
60 4 3 434
60 4 4 430
60 4 5 434
60 4 6 423
60 4 7 442
60 4 8 431
60 4 9 436
60 4 10 430
60 5 3 352
60 5 4 426
60 5 5 426
60 5 6 421
60 5 7 408
60 5 8 412
60 5 9 440
60 5 10 440
60 6 3 415
60 6 4 416
60 6 5 453
60 6 6 355
60 6 7 447
60 6 8 440
60 6 9 415
60 6 10 415
60 7 3 439
60 7 4 478
60 7 5 424
60 7 6 449
60 7 7 419
60 7 8 414
60 7 9 441
60 7 10 409
60 8 3 427
60 8 4 468
60 8 5 429
60 8 6 429
60 8 7 440
60 8 8 436
60 8 9 452
60 8 10 393
60 9 3 445
60 9 4 439
60 9 5 437
60 9 6 402
60 9 7 449
60 9 8 434
60 9 9 454
60 9 10 433
80 0 3 786
80 0 4 789
80 0 5 774
80 0 6 782
80 0 7 772
80 0 8 774
80 0 9 749
80 0 10 791
80 1 3 750
80 1 4 784
80 1 5 750
80 1 6 795
80 1 7 739
80 1 8 782
80 1 9 763
80 1 10 768
80 2 3 802
80 2 4 746
80 2 5 793
80 2 6 780
80 2 7 770
80 2 8 709
80 2 9 674
80 2 10 757
80 3 3 791
80 3 4 796
80 3 5 796
80 3 6 781
80 3 7 777
80 3 8 774
80 3 9 795
80 3 10 816
80 4 3 726
80 4 4 748
80 4 5 765
80 4 6 773
80 4 7 680
80 4 8 804
80 4 9 777
80 4 10 735
80 5 3 700
80 5 4 786
80 5 5 775
80 5 6 793
80 5 7 786
80 5 8 805
80 5 9 811
80 5 10 803
80 6 3 796
80 6 4 775
80 6 5 759
80 6 6 789
80 6 7 805
80 6 8 805
80 6 9 800
80 6 10 767
80 7 3 810
80 7 4 783
80 7 5 787
80 7 6 796
80 7 7 797
80 7 8 780
80 7 9 749
80 7 10 750
80 8 3 783
80 8 4 774
80 8 5 796
80 8 6 763
80 8 7 788
80 8 8 725
80 8 9 783
80 8 10 792
80 9 3 759
80 9 4 806
80 9 5 761
80 9 6 764
80 9 7 807
80 9 8 738
80 9 9 741
80 9 10 806
100 0 3 1190
100 0 4 1259
100 0 5 1233
100 0 6 1220
100 0 7 1173
100 0 8 1250
100 0 9 1228
100 0 10 1264
100 1 3 1245
100 1 4 1232
100 1 5 1243
100 1 6 1212
100 1 7 1121
100 1 8 1231
100 1 9 1166
100 1 10 1253
100 2 3 1203
100 2 4 1210
100 2 5 1259
100 2 6 1213
100 2 7 1248
100 2 8 1246
100 2 9 1251
100 2 10 1214
100 3 3 1265
100 3 4 1224
100 3 5 1182
100 3 6 1248
100 3 7 1238
100 3 8 1226
100 3 9 1209
100 3 10 1221
100 4 3 1218
100 4 4 1256
100 4 5 1246
100 4 6 1227
100 4 7 1262
100 4 8 1228
100 4 9 1251
100 4 10 1240
100 5 3 1137
100 5 4 1228
100 5 5 1211
100 5 6 1202
100 5 7 1130
100 5 8 1139
100 5 9 1233
100 5 10 1207
100 6 3 1147
100 6 4 1239
100 6 5 1237
100 6 6 1232
100 6 7 1228
100 6 8 1233
100 6 9 1257
100 6 10 1232
100 7 3 1243
100 7 4 1253
100 7 5 1277
100 7 6 1274
100 7 7 1180
100 7 8 1264
100 7 9 1244
100 7 10 1189
100 8 3 1219
100 8 4 1157
100 8 5 1227
100 8 6 1225
100 8 7 1217
100 8 8 1216
100 8 9 1211
100 8 10 1237
100 9 3 1227
100 9 4 1235
100 9 5 1247
100 9 6 1254
100 9 7 1234
100 9 8 1219
100 9 9 1225
100 9 10 1247
