60 0 0 440
60 0 1 419
60 0 2 427
60 1 0 410
60 1 1 433
60 1 2 446
60 2 0 435
60 2 1 429
60 2 2 423
60 3 0 432
60 3 1 464
60 3 2 447
60 4 0 459
60 4 1 444
60 4 2 442
60 5 0 434
60 5 1 442
60 5 2 449
60 6 0 383
60 6 1 441
60 6 2 445
60 7 0 409
60 7 1 441
60 7 2 440
60 8 0 431
60 8 1 435
60 8 2 424
60 9 0 398
60 9 1 425
60 9 2 424
80 0 0 793
80 0 1 642
80 0 2 764
80 1 0 776
80 1 1 726
80 1 2 727
80 2 0 774
80 2 1 743
80 2 2 788
80 3 0 779
80 3 1 778
80 3 2 785
80 4 0 807
80 4 1 771
80 4 2 694
80 5 0 752
80 5 1 775
80 5 2 567
80 6 0 714
80 6 1 784
80 6 2 805
80 7 0 797
80 7 1 763
80 7 2 776
80 8 0 778
80 8 1 795
80 8 2 762
80 9 0 724
80 9 1 751
80 9 2 803
100 0 0 1241
100 0 1 1252
100 0 2 1213
100 1 0 1256
100 1 1 1255
100 1 2 1240
100 2 0 1211
100 2 1 1220
100 2 2 1226
100 3 0 1221
100 3 1 1197
100 3 2 1210
100 4 0 1280
100 4 1 1214
100 4 2 1180
100 5 0 1230
100 5 1 1255
100 5 2 1114
100 6 0 1245
100 6 1 1205
100 6 2 1167
100 7 0 1255
100 7 1 1254
100 7 2 1210
100 8 0 1183
100 8 1 1241
100 8 2 1173
100 9 0 1252
100 9 1 1167
100 9 2 1262
60 0 3 456
60 0 4 433
60 0 5 415
60 0 6 453
60 0 7 435
60 0 8 429
60 0 9 372
60 0 10 394
60 1 3 445
60 1 4 447
60 1 5 427
60 1 6 420
60 1 7 441
60 1 8 445
60 1 9 448
60 1 10 461
60 2 3 433
60 2 4 433
60 2 5 395
60 2 6 404
60 2 7 441
60 2 8 451
60 2 9 448
60 2 10 435
60 3 3 450
60 3 4 408
60 3 5 429
60 3 6 346
60 3 7 457
60 3 8 442
60 3 9 461
60 3 10 428
60 4 3 448
60 4 4 449
60 4 5 442
60 4 6 438
60 4 7 449
60 4 8 445
60 4 9 441
60 4 10 439
60 5 3 441
60 5 4 432
60 5 5 444
60 5 6 441
60 5 7 413
60 5 8 454
60 5 9 437
60 5 10 462
60 6 3 437
60 6 4 337
60 6 5 455
60 6 6 456
60 6 7 472
60 6 8 447
60 6 9 449
60 6 10 425
60 7 3 432
60 7 4 431
60 7 5 429
60 7 6 453
60 7 7 448
60 7 8 416
60 7 9 453
60 7 10 422
60 8 3 436
60 8 4 432
60 8 5 452
60 8 6 374
60 8 7 439
60 8 8 454
60 8 9 444
60 8 10 423
60 9 3 440
60 9 4 402
60 9 5 441
60 9 6 453
60 9 7 441
60 9 8 443
60 9 9 443
60 9 10 432
80 0 3 735
80 0 4 780
80 0 5 775
80 0 6 800
80 0 7 716
80 0 8 810
80 0 9 772
80 0 10 740
80 1 3 790
80 1 4 814
80 1 5 758
80 1 6 784
80 1 7 770
80 1 8 787
80 1 9 811
80 1 10 776
80 2 3 779
80 2 4 748
80 2 5 784
80 2 6 720
80 2 7 780
80 2 8 753
80 2 9 746
80 2 10 760
80 3 3 773
80 3 4 789
80 3 5 742
80 3 6 778
80 3 7 815
80 3 8 794
80 3 9 795
80 3 10 810
80 4 3 753
80 4 4 783
80 4 5 812
80 4 6 691
80 4 7 806
80 4 8 788
80 4 9 788
80 4 10 797
80 5 3 802
80 5 4 788
80 5 5 778
80 5 6 787
80 5 7 767
80 5 8 755
80 5 9 787
80 5 10 765
80 6 3 610
80 6 4 743
80 6 5 700
80 6 6 777
80 6 7 784
80 6 8 776
80 6 9 789
80 6 10 760
80 7 3 802
80 7 4 775
80 7 5 794
80 7 6 747
80 7 7 694
80 7 8 806
80 7 9 783
80 7 10 795
80 8 3 793
80 8 4 767
80 8 5 802
80 8 6 822
80 8 7 781
80 8 8 766
80 8 9 811
80 8 10 778
80 9 3 732
80 9 4 800
80 9 5 759
80 9 6 793
80 9 7 776
80 9 8 787
80 9 9 763
80 9 10 775
100 0 3 1270
100 0 4 1232
100 0 5 1145
100 0 6 1071
100 0 7 1209
100 0 8 1253
100 0 9 1191
100 0 10 1230
100 1 3 1203
100 1 4 1210
100 1 5 1251
100 1 6 1178
100 1 7 1205
100 1 8 1183
100 1 9 1230
100 1 10 1249
100 2 3 1098
100 2 4 1259
100 2 5 1249
100 2 6 1218
100 2 7 1220
100 2 8 1233
100 2 9 1227
100 2 10 1238
100 3 3 1263
100 3 4 1255
100 3 5 1250
100 3 6 1113
100 3 7 1221
100 3 8 1189
100 3 9 1240
100 3 10 1229
100 4 3 1194
100 4 4 1177
100 4 5 1257
100 4 6 1130
100 4 7 1235
100 4 8 1239
100 4 9 1240
100 4 10 1235
100 5 3 1212
100 5 4 1233
100 5 5 1223
100 5 6 1174
100 5 7 1218
100 5 8 1254
100 5 9 1252
100 5 10 1205
100 6 3 1259
100 6 4 1260
100 6 5 1201
100 6 6 1241
100 6 7 1215
100 6 8 1250
100 6 9 1153
100 6 10 1249
100 7 3 1231
100 7 4 1248
100 7 5 1165
100 7 6 1210
100 7 7 1194
100 7 8 1194
100 7 9 1262
100 7 10 1248
100 8 3 1209
100 8 4 1242
100 8 5 1247
100 8 6 1249
100 8 7 1229
100 8 8 1064
100 8 9 1233
100 8 10 1222
100 9 3 1244
100 9 4 1225
100 9 5 1112
100 9 6 1147
100 9 7 1225
100 9 8 1196
100 9 9 1191
100 9 10 1154
