60 0 0 442
60 0 1 446
60 0 2 448
60 1 0 437
60 1 1 424
60 1 2 444
60 2 0 435
60 2 1 401
60 2 2 435
60 3 0 354
60 3 1 409
60 3 2 460
60 4 0 442
60 4 1 426
60 4 2 432
60 5 0 392
60 5 1 445
60 5 2 412
60 6 0 415
60 6 1 401
60 6 2 427
60 7 0 456
60 7 1 401
60 7 2 415
60 8 0 437
60 8 1 440
60 8 2 437
60 9 0 440
60 9 1 420
60 9 2 443
80 0 0 787
80 0 1 758
80 0 2 757
80 1 0 783
80 1 1 800
80 1 2 770
80 2 0 752
80 2 1 830
80 2 2 757
80 3 0 759
80 3 1 797
80 3 2 817
80 4 0 772
80 4 1 782
80 4 2 785
80 5 0 804
80 5 1 773
80 5 2 776
80 6 0 794
80 6 1 742
80 6 2 770
80 7 0 707
80 7 1 796
80 7 2 790
80 8 0 795
80 8 1 809
80 8 2 788
80 9 0 795
80 9 1 822
80 9 2 777
100 0 0 1238
100 0 1 1273
100 0 2 1167
100 1 0 1235
100 1 1 1221
100 1 2 1241
100 2 0 1218
100 2 1 1129
100 2 2 1143
100 3 0 1223
100 3 1 1221
100 3 2 1246
100 4 0 1248
100 4 1 1185
100 4 2 1251
100 5 0 1238
100 5 1 1226
100 5 2 1214
100 6 0 1236
100 6 1 1190
100 6 2 1219
100 7 0 1248
100 7 1 1043
100 7 2 1223
100 8 0 1213
100 8 1 1235
100 8 2 1245
100 9 0 1218
100 9 1 1253
100 9 2 1224
60 0 3 380
60 0 4 447
60 0 5 466
60 0 6 442
60 0 7 419
60 0 8 440
60 0 9 416
60 0 10 439
60 1 3 460
60 1 4 441
60 1 5 438
60 1 6 458
60 1 7 429
60 1 8 454
60 1 9 460
60 1 10 444
60 2 3 428
60 2 4 440
60 2 5 443
60 2 6 454
60 2 7 419
60 2 8 448
60 2 9 457
60 2 10 442
60 3 3 428
60 3 4 440
60 3 5 455
60 3 6 462
60 3 7 437
60 3 8 437
60 3 9 456
60 3 10 420
60 4 3 369
60 4 4 433
60 4 5 448
60 4 6 440
60 4 7 449
60 4 8 433
60 4 9 442
60 4 10 447
60 5 3 436
60 5 4 449
60 5 5 425
60 5 6 446
60 5 7 463
60 5 8 455
60 5 9 427
60 5 10 434
60 6 3 444
60 6 4 446
60 6 5 443
60 6 6 427
60 6 7 456
60 6 8 429
60 6 9 459
60 6 10 425
60 7 3 462
60 7 4 448
60 7 5 440
60 7 6 434
60 7 7 391
60 7 8 453
60 7 9 450
60 7 10 431
60 8 3 442
60 8 4 449
60 8 5 449
60 8 6 430
60 8 7 421
60 8 8 435
60 8 9 429
60 8 10 428
60 9 3 452
60 9 4 429
60 9 5 437
60 9 6 423
60 9 7 400
60 9 8 450
60 9 9 462
60 9 10 425
80 0 3 767
80 0 4 797
80 0 5 792
80 0 6 740
80 0 7 791
80 0 8 784
80 0 9 790
80 0 10 804
80 1 3 805
80 1 4 757
80 1 5 795
80 1 6 807
80 1 7 789
80 1 8 793
80 1 9 757
80 1 10 768
80 2 3 789
80 2 4 806
80 2 5 757
80 2 6 786
80 2 7 796
80 2 8 805
80 2 9 776
80 2 10 743
80 3 3 799
80 3 4 774
80 3 5 788
80 3 6 780
80 3 7 770
80 3 8 776
80 3 9 742
80 3 10 789
80 4 3 794
80 4 4 751
80 4 5 744
80 4 6 705
80 4 7 758
80 4 8 772
80 4 9 786
80 4 10 790
80 5 3 785
80 5 4 794
80 5 5 835
80 5 6 788
80 5 7 774
80 5 8 773
80 5 9 806
80 5 10 780
80 6 3 806
80 6 4 804
80 6 5 788
80 6 6 772
80 6 7 790
80 6 8 803
80 6 9 786
80 6 10 805
80 7 3 780
80 7 4 774
80 7 5 813
80 7 6 795
80 7 7 771
80 7 8 795
80 7 9 766
80 7 10 779
80 8 3 746
80 8 4 756
80 8 5 799
80 8 6 794
80 8 7 796
80 8 8 775
80 8 9 779
80 8 10 796
80 9 3 789
80 9 4 781
80 9 5 763
80 9 6 801
80 9 7 788
80 9 8 771
80 9 9 776
80 9 10 806
100 0 3 1231
100 0 4 1250
100 0 5 1258
100 0 6 1204
100 0 7 1174
100 0 8 1231
100 0 9 1043
100 0 10 1247
100 1 3 1256
100 1 4 1270
100 1 5 1222
100 1 6 1257
100 1 7 1170
100 1 8 1236
100 1 9 1257
100 1 10 1225
100 2 3 1225
100 2 4 1191
100 2 5 1223
100 2 6 1234
100 2 7 1251
100 2 8 1226
100 2 9 1222
100 2 10 1235
100 3 3 1218
100 3 4 1259
100 3 5 1264
100 3 6 1225
100 3 7 1155
100 3 8 1246
100 3 9 1221
100 3 10 1241
100 4 3 1255
100 4 4 1244
100 4 5 1162
100 4 6 1190
100 4 7 1245
100 4 8 1238
100 4 9 1209
100 4 10 1273
100 5 3 1196
100 5 4 1215
100 5 5 1195
100 5 6 1188
100 5 7 1229
100 5 8 1214
100 5 9 1274
100 5 10 1212
100 6 3 1225
100 6 4 1258
100 6 5 1177
100 6 6 1157
100 6 7 1077
100 6 8 1242
100 6 9 1172
100 6 10 1204
100 7 3 1262
100 7 4 1163
100 7 5 1253
100 7 6 1219
100 7 7 1250
100 7 8 1216
100 7 9 1196
100 7 10 1194
100 8 3 1232
100 8 4 1241
100 8 5 1115
100 8 6 1214
100 8 7 1269
100 8 8 1217
100 8 9 1246
100 8 10 1239
100 9 3 1263
100 9 4 1201
100 9 5 1234
100 9 6 1213
100 9 7 1276
100 9 8 1189
100 9 9 1218
100 9 10 1250
