60 0 0 454
60 0 1 417
60 0 2 446
60 1 0 448
60 1 1 450
60 1 2 449
60 2 0 445
60 2 1 445
60 2 2 427
60 3 0 403
60 3 1 439
60 3 2 433
60 4 0 443
60 4 1 456
60 4 2 441
60 5 0 438
60 5 1 458
60 5 2 437
60 6 0 446
60 6 1 379
60 6 2 419
60 7 0 469
60 7 1 429
60 7 2 454
60 8 0 431
60 8 1 386
60 8 2 437
60 9 0 453
60 9 1 395
60 9 2 442
80 0 0 753
80 0 1 800
80 0 2 756
80 1 0 793
80 1 1 781
80 1 2 680
80 2 0 796
80 2 1 740
80 2 2 770
80 3 0 780
80 3 1 829
80 3 2 789
80 4 0 833
80 4 1 835
80 4 2 826
80 5 0 803
80 5 1 799
80 5 2 795
80 6 0 725
80 6 1 785
80 6 2 777
80 7 0 776
80 7 1 797
80 7 2 793
80 8 0 782
80 8 1 748
80 8 2 739
80 9 0 774
80 9 1 789
80 9 2 782
100 0 0 1253
100 0 1 1195
100 0 2 1238
100 1 0 1194
100 1 1 1249
100 1 2 1159
100 2 0 1231
100 2 1 1153
100 2 2 1208
100 3 0 1252
100 3 1 1135
100 3 2 1179
100 4 0 1169
100 4 1 1256
100 4 2 1178
100 5 0 1162
100 5 1 1258
100 5 2 1259
100 6 0 1183
100 6 1 1222
100 6 2 1181
100 7 0 1243
100 7 1 1245
100 7 2 1188
100 8 0 1180
100 8 1 1247
100 8 2 1233
100 9 0 1256
100 9 1 1220
100 9 2 1248
