60 0 0 433
60 0 1 439
60 0 2 427
60 1 0 379
60 1 1 350
60 1 2 421
60 2 0 394
60 2 1 424
60 2 2 425
60 3 0 400
60 3 1 407
60 3 2 424
60 4 0 425
60 4 1 438
60 4 2 239
60 5 0 451
60 5 1 451
60 5 2 431
60 6 0 448
60 6 1 378
60 6 2 447
60 7 0 424
60 7 1 438
60 7 2 437
60 8 0 432
60 8 1 395
60 8 2 445
60 9 0 428
60 9 1 408
60 9 2 448
80 0 0 799
80 0 1 789
80 0 2 786
80 1 0 672
80 1 1 800
80 1 2 801
80 2 0 783
80 2 1 782
80 2 2 690
80 3 0 743
80 3 1 721
80 3 2 786
80 4 0 814
80 4 1 745
80 4 2 792
80 5 0 765
80 5 1 753
80 5 2 756
80 6 0 770
80 6 1 785
80 6 2 757
80 7 0 756
80 7 1 790
80 7 2 751
80 8 0 714
80 8 1 766
80 8 2 700
80 9 0 745
80 9 1 824
80 9 2 630
100 0 0 1095
100 0 1 1270
100 0 2 1220
100 1 0 1240
100 1 1 1095
100 1 2 1215
100 2 0 1221
100 2 1 1182
100 2 2 1099
100 3 0 1229
100 3 1 952
100 3 2 1224
100 4 0 1238
100 4 1 1230
100 4 2 1240
100 5 0 1241
100 5 1 1173
100 5 2 1181
100 6 0 1087
100 6 1 1188
100 6 2 1190
100 7 0 1169
100 7 1 1115
100 7 2 1229
100 8 0 1168
100 8 1 1199
100 8 2 1187
100 9 0 1251
100 9 1 1165
100 9 2 931
60 0 3 428
60 0 4 431
60 0 5 421
60 0 6 340
60 0 7 446
60 0 8 417
60 0 9 388
60 0 10 453
60 1 3 422
60 1 4 388
60 1 5 429
60 1 6 437
60 1 7 425
60 1 8 446
60 1 9 412
60 1 10 453
60 2 3 435
60 2 4 424
60 2 5 438
60 2 6 415
60 2 7 438
60 2 8 445
60 2 9 441
60 2 10 439
60 3 3 416
60 3 4 363
60 3 5 414
60 3 6 433
60 3 7 445
60 3 8 437
60 3 9 441
60 3 10 447
60 4 3 386
60 4 4 440
60 4 5 430
60 4 6 453
60 4 7 400
60 4 8 440
60 4 9 448
60 4 10 387
60 5 3 437
60 5 4 456
60 5 5 460
60 5 6 444
60 5 7 370
60 5 8 452
60 5 9 454
60 5 10 441
60 6 3 391
60 6 4 435
60 6 5 440
60 6 6 450
60 6 7 431
60 6 8 430
60 6 9 405
60 6 10 426
60 7 3 400
60 7 4 404
60 7 5 425
60 7 6 432
60 7 7 429
60 7 8 382
60 7 9 428
60 7 10 424
60 8 3 413
60 8 4 431
60 8 5 442
60 8 6 436
60 8 7 358
60 8 8 427
60 8 9 436
60 8 10 452
60 9 3 454
60 9 4 430
60 9 5 437
60 9 6 437
60 9 7 442
60 9 8 416
60 9 9 415
60 9 10 438
80 0 3 800
80 0 4 805
80 0 5 769
80 0 6 767
80 0 7 774
80 0 8 685
80 0 9 786
80 0 10 788
80 1 3 609
80 1 4 777
80 1 5 701
80 1 6 684
80 1 7 779
80 1 8 781
80 1 9 789
80 1 10 777
80 2 3 702
80 2 4 792
80 2 5 775
80 2 6 770
80 2 7 781
80 2 8 809
80 2 9 705
80 2 10 794
80 3 3 744
80 3 4 752
80 3 5 729
80 3 6 774
80 3 7 767
80 3 8 778
80 3 9 707
80 3 10 773
80 4 3 738
80 4 4 793
80 4 5 790
80 4 6 778
80 4 7 676
80 4 8 692
80 4 9 785
80 4 10 781
80 5 3 576
80 5 4 730
80 5 5 808
80 5 6 786
80 5 7 781
80 5 8 694
80 5 9 730
80 5 10 780
80 6 3 762
80 6 4 766
80 6 5 790
80 6 6 814
80 6 7 738
80 6 8 749
80 6 9 760
80 6 10 675
80 7 3 651
80 7 4 587
80 7 5 744
80 7 6 640
80 7 7 779
80 7 8 810
80 7 9 768
80 7 10 798
80 8 3 790
80 8 4 760
80 8 5 777
80 8 6 762
80 8 7 742
80 8 8 787
80 8 9 791
80 8 10 737
80 9 3 768
80 9 4 784
80 9 5 818
80 9 6 537
80 9 7 778
80 9 8 692
80 9 9 796
80 9 10 758
100 0 3 1214
100 0 4 1176
100 0 5 1264
100 0 6 1206
100 0 7 1041
100 0 8 1206
100 0 9 1249
100 0 10 1209
100 1 3 1229
100 1 4 1238
100 1 5 1227
100 1 6 969
100 1 7 1224
100 1 8 1193
100 1 9 1249
100 1 10 1122
100 2 3 1200
100 2 4 1152
100 2 5 1199
100 2 6 1195
100 2 7 1222
100 2 8 1196
100 2 9 1130
100 2 10 1172
100 3 3 1213
100 3 4 1133
100 3 5 1224
100 3 6 1212
100 3 7 1102
100 3 8 1223
100 3 9 1153
100 3 10 1193
100 4 3 1243
100 4 4 1236
100 4 5 1238
100 4 6 1209
100 4 7 1231
100 4 8 1153
100 4 9 1121
100 4 10 1063
100 5 3 1230
100 5 4 1203
100 5 5 1241
100 5 6 1120
100 5 7 993
100 5 8 1209
100 5 9 1132
100 5 10 1228
100 6 3 1170
100 6 4 1202
100 6 5 1249
100 6 6 1246
100 6 7 1167
100 6 8 1220
100 6 9 1240
100 6 10 1182
100 7 3 1218
100 7 4 1209
100 7 5 1076
100 7 6 1234
100 7 7 1248
100 7 8 1136
100 7 9 1242
100 7 10 1086
100 8 3 1211
100 8 4 1249
100 8 5 1283
100 8 6 1224
100 8 7 1265
100 8 8 1263
100 8 9 1210
100 8 10 1238
100 9 3 1214
100 9 4 1168
100 9 5 1198
100 9 6 1198
100 9 7 1238
100 9 8 1244
100 9 9 1253
100 9 10 1246
