60 0 0 412
60 0 1 417
60 0 2 443
60 1 0 417
60 1 1 440
60 1 2 444
60 2 0 394
60 2 1 426
60 2 2 426
60 3 0 401
60 3 1 444
60 3 2 434
60 4 0 449
60 4 1 425
60 4 2 458
60 5 0 435
60 5 1 460
60 5 2 448
60 6 0 443
60 6 1 447
60 6 2 435
60 7 0 440
60 7 1 448
60 7 2 437
60 8 0 422
60 8 1 436
60 8 2 453
60 9 0 445
60 9 1 465
60 9 2 441
80 0 0 791
80 0 1 738
80 0 2 775
80 1 0 811
80 1 1 797
80 1 2 797
80 2 0 796
80 2 1 766
80 2 2 786
80 3 0 776
80 3 1 726
80 3 2 768
80 4 0 799
80 4 1 757
80 4 2 704
80 5 0 795
80 5 1 782
80 5 2 796
80 6 0 799
80 6 1 786
80 6 2 768
80 7 0 803
80 7 1 792
80 7 2 782
80 8 0 794
80 8 1 728
80 8 2 752
80 9 0 790
80 9 1 804
80 9 2 784
100 0 0 1233
100 0 1 1252
100 0 2 1246
100 1 0 1275
100 1 1 1249
100 1 2 1199
100 2 0 1258
100 2 1 1251
100 2 2 1229
100 3 0 1258
100 3 1 1234
100 3 2 1199
100 4 0 1240
100 4 1 1227
100 4 2 1283
100 5 0 1219
100 5 1 1216
100 5 2 1273
100 6 0 1236
100 6 1 1223
100 6 2 1178
100 7 0 1222
100 7 1 1241
100 7 2 1232
100 8 0 1264
100 8 1 1266
100 8 2 1272
100 9 0 1220
100 9 1 1218
100 9 2 1230
60 0 3 452
60 0 4 429
60 0 5 420
60 0 6 409
60 0 7 407
60 0 8 343
60 0 9 400
60 0 10 439
60 1 3 434
60 1 4 445
60 1 5 424
60 1 6 455
60 1 7 437
60 1 8 414
60 1 9 386
60 1 10 461
60 2 3 429
60 2 4 453
60 2 5 429
60 2 6 421
60 2 7 442
60 2 8 456
60 2 9 469
60 2 10 408
60 3 3 445
60 3 4 414
60 3 5 427
60 3 6 458
60 3 7 438
60 3 8 417
60 3 9 440
60 3 10 472
60 4 3 449
60 4 4 451
60 4 5 445
60 4 6 440
60 4 7 437
60 4 8 449
60 4 9 385
60 4 10 441
60 5 3 436
60 5 4 445
60 5 5 403
60 5 6 409
60 5 7 449
60 5 8 422
60 5 9 451
60 5 10 446
60 6 3 449
60 6 4 472
60 6 5 413
60 6 6 438
60 6 7 445
60 6 8 452
60 6 9 448
60 6 10 443
60 7 3 457
60 7 4 435
60 7 5 353
60 7 6 409
60 7 7 390
60 7 8 456
60 7 9 432
60 7 10 448
60 8 3 432
60 8 4 440
60 8 5 415
60 8 6 437
60 8 7 427
60 8 8 432
60 8 9 426
60 8 10 431
60 9 3 428
60 9 4 442
60 9 5 447
60 9 6 392
60 9 7 452
60 9 8 459
60 9 9 445
60 9 10 446
80 0 3 801
80 0 4 789
80 0 5 812
80 0 6 778
80 0 7 750
80 0 8 766
80 0 9 773
80 0 10 786
80 1 3 807
80 1 4 798
80 1 5 791
80 1 6 825
80 1 7 799
80 1 8 762
80 1 9 807
80 1 10 812
80 2 3 786
80 2 4 784
80 2 5 753
80 2 6 768
80 2 7 795
80 2 8 789
80 2 9 793
80 2 10 751
80 3 3 768
80 3 4 780
80 3 5 813
80 3 6 805
80 3 7 754
80 3 8 780
80 3 9 766
80 3 10 791
80 4 3 804
80 4 4 800
80 4 5 767
80 4 6 779
80 4 7 786
80 4 8 776
80 4 9 798
80 4 10 788
80 5 3 824
80 5 4 792
80 5 5 815
80 5 6 781
80 5 7 769
80 5 8 780
80 5 9 800
80 5 10 794
80 6 3 792
80 6 4 770
80 6 5 800
80 6 6 774
80 6 7 788
80 6 8 783
80 6 9 751
80 6 10 805
80 7 3 749
80 7 4 767
80 7 5 747
80 7 6 807
80 7 7 786
80 7 8 801
80 7 9 768
80 7 10 719
80 8 3 765
80 8 4 759
80 8 5 786
80 8 6 768
80 8 7 794
80 8 8 778
80 8 9 806
80 8 10 787
80 9 3 734
80 9 4 784
80 9 5 788
80 9 6 799
80 9 7 782
80 9 8 783
80 9 9 765
80 9 10 801
100 0 3 1262
100 0 4 1218
100 0 5 1238
100 0 6 1228
100 0 7 1272
100 0 8 1225
100 0 9 1234
100 0 10 1208
100 1 3 1233
100 1 4 1242
100 1 5 1243
100 1 6 1237
100 1 7 1214
100 1 8 1130
100 1 9 1247
100 1 10 1238
100 2 3 1176
100 2 4 1248
100 2 5 1287
100 2 6 1160
100 2 7 1240
100 2 8 1230
100 2 9 1242
100 2 10 1272
100 3 3 1232
100 3 4 1226
100 3 5 1203
100 3 6 1272
100 3 7 1231
100 3 8 1237
100 3 9 1269
100 3 10 1240
100 4 3 1200
100 4 4 1247
100 4 5 1229
100 4 6 1242
100 4 7 1258
100 4 8 1186
100 4 9 1272
100 4 10 1241
100 5 3 1149
100 5 4 1231
100 5 5 1166
100 5 6 1196
100 5 7 1178
100 5 8 1277
100 5 9 1239
100 5 10 1257
100 6 3 1196
100 6 4 1231
100 6 5 1158
100 6 6 1243
100 6 7 1148
100 6 8 1200
100 6 9 1257
100 6 10 1247
100 7 3 1208
100 7 4 1212
100 7 5 1175
100 7 6 1235
100 7 7 1233
100 7 8 1210
100 7 9 1250
100 7 10 1232
100 8 3 1199
100 8 4 1232
100 8 5 1207
100 8 6 1244
100 8 7 1201
100 8 8 1169
100 8 9 1190
100 8 10 1233
100 9 3 1228
100 9 4 1221
100 9 5 1180
100 9 6 1198
100 9 7 1192
100 9 8 1258
100 9 9 1223
100 9 10 1173
