60 0 0 331
60 0 1 291
60 0 2 234
60 0 3 234
60 0 4 138
60 0 5 138
60 0 6 138
60 0 7 138
60 0 8 331
60 0 9 138
60 1 0 325
60 1 1 310
60 1 2 310
60 1 3 128
60 1 4 128
60 1 5 128
60 1 6 128
60 1 7 272
60 1 8 128
60 1 9 248
60 2 0 147
60 2 1 147
60 2 2 147
60 2 3 147
60 2 4 147
60 2 5 147
60 2 6 147
60 2 7 147
60 2 8 147
60 2 9 147
60 3 0 273
60 3 1 233
60 3 2 411
60 3 3 411
60 3 4 322
60 3 5 191
60 3 6 322
60 3 7 228
60 3 8 411
60 3 9 273
60 4 0 114
60 4 1 114
60 4 2 114
60 4 3 114
60 4 4 114
60 4 5 114
60 4 6 114
60 4 7 114
60 4 8 114
60 4 9 114
60 5 0 97
60 5 1 97
60 5 2 97
60 5 3 263
60 5 4 357
60 5 5 126
60 5 6 274
60 5 7 126
60 5 8 154
60 5 9 263
60 6 0 62
60 6 1 62
60 6 2 62
60 6 3 62
60 6 4 62
60 6 5 62
60 6 6 62
60 6 7 62
60 6 8 62
60 6 9 62
60 7 0 88
60 7 1 88
60 7 2 88
60 7 3 88
60 7 4 88
60 7 5 88
60 7 6 88
60 7 7 88
60 7 8 88
60 7 9 88
60 8 0 144
60 8 1 171
60 8 2 178
60 8 3 171
60 8 4 178
60 8 5 178
60 8 6 144
60 8 7 178
60 8 8 144
60 8 9 144
60 9 0 165
60 9 1 262
60 9 2 165
60 9 3 165
60 9 4 161
60 9 5 262
60 9 6 262
60 9 7 262
60 9 8 161
60 9 9 262
80 0 0 140
80 0 1 140
80 0 2 140
80 0 3 140
80 0 4 140
80 0 5 140
80 0 6 140
80 0 7 140
80 0 8 140
80 0 9 140
80 1 0 104
80 1 1 104
80 1 2 138
80 1 3 104
80 1 4 138
80 1 5 138
80 1 6 138
80 1 7 104
80 1 8 104
80 1 9 138
80 2 0 465
80 2 1 186
80 2 2 153
80 2 3 186
80 2 4 441
80 2 5 186
80 2 6 746
80 2 7 465
80 2 8 186
80 2 9 746
80 3 0 225
80 3 1 150
80 3 2 225
80 3 3 225
80 3 4 225
80 3 5 431
80 3 6 431
80 3 7 225
80 3 8 431
80 3 9 431
80 4 0 188
80 4 1 458
80 4 2 387
80 4 3 458
80 4 4 244
80 4 5 287
80 4 6 373
80 4 7 244
80 4 8 188
80 4 9 387
80 5 0 217
80 5 1 217
80 5 2 217
80 5 3 112
80 5 4 176
80 5 5 217
80 5 6 112
80 5 7 176
80 5 8 217
80 5 9 217
80 6 0 199
80 6 1 199
80 6 2 124
80 6 3 124
80 6 4 199
80 6 5 124
80 6 6 124
80 6 7 199
80 6 8 199
80 6 9 124
80 7 0 342
80 7 1 350
80 7 2 330
80 7 3 342
80 7 4 350
80 7 5 309
80 7 6 342
80 7 7 342
80 7 8 253
80 7 9 350
80 8 0 142
80 8 1 142
80 8 2 142
80 8 3 142
80 8 4 142
80 8 5 142
80 8 6 142
80 8 7 142
80 8 8 142
80 8 9 142
80 9 0 607
80 9 1 134
80 9 2 678
80 9 3 607
80 9 4 208
80 9 5 134
80 9 6 678
80 9 7 678
80 9 8 607
80 9 9 678
100 0 0 135
100 0 1 488
100 0 2 488
100 0 3 135
100 0 4 135
100 0 5 135
100 0 6 135
100 0 7 135
100 0 8 229
100 0 9 229
100 1 0 561
100 1 1 241
100 1 2 320
100 1 3 368
100 1 4 320
100 1 5 368
100 1 6 320
100 1 7 320
100 1 8 368
100 1 9 561
100 2 0 237
100 2 1 237
100 2 2 237
100 2 3 237
100 2 4 237
100 2 5 237
100 2 6 237
100 2 7 237
100 2 8 237
100 2 9 237
100 3 0 187
100 3 1 187
100 3 2 187
100 3 3 368
100 3 4 187
100 3 5 187
100 3 6 368
100 3 7 187
100 3 8 368
100 3 9 187
100 4 0 417
100 4 1 196
100 4 2 417
100 4 3 196
100 4 4 196
100 4 5 319
100 4 6 417
100 4 7 417
100 4 8 417
100 4 9 319
100 5 0 152
100 5 1 337
100 5 2 152
100 5 3 152
100 5 4 337
100 5 5 255
100 5 6 337
100 5 7 255
100 5 8 152
100 5 9 474
100 6 0 100
100 6 1 100
100 6 2 100
100 6 3 100
100 6 4 100
100 6 5 100
100 6 6 100
100 6 7 100
100 6 8 100
100 6 9 100
100 7 0 1173
100 7 1 1173
100 7 2 291
100 7 3 200
100 7 4 291
100 7 5 200
100 7 6 200
100 7 7 291
100 7 8 200
100 7 9 291
100 8 0 1074
100 8 1 1074
100 8 2 211
100 8 3 1074
100 8 4 211
100 8 5 1074
100 8 6 211
100 8 7 1074
100 8 8 211
100 8 9 211
100 9 0 368
100 9 1 529
100 9 2 565
100 9 3 529
100 9 4 279
100 9 5 529
100 9 6 279
100 9 7 529
100 9 8 529
100 9 9 230
