60 0 0 436
60 0 1 441
60 0 2 435
60 1 0 460
60 1 1 445
60 1 2 438
60 2 0 426
60 2 1 335
60 2 2 374
60 3 0 455
60 3 1 409
60 3 2 437
60 4 0 433
60 4 1 441
60 4 2 369
60 5 0 437
60 5 1 451
60 5 2 459
60 6 0 450
60 6 1 387
60 6 2 443
60 7 0 442
60 7 1 436
60 7 2 430
60 8 0 450
60 8 1 416
60 8 2 456
60 9 0 458
60 9 1 433
60 9 2 451
80 0 0 807
80 0 1 800
80 0 2 761
80 1 0 638
80 1 1 807
80 1 2 813
80 2 0 778
80 2 1 792
80 2 2 798
80 3 0 800
80 3 1 795
80 3 2 788
80 4 0 821
80 4 1 785
80 4 2 772
80 5 0 790
80 5 1 799
80 5 2 790
80 6 0 824
80 6 1 792
80 6 2 772
80 7 0 762
80 7 1 819
80 7 2 793
80 8 0 762
80 8 1 794
80 8 2 765
80 9 0 779
80 9 1 787
80 9 2 752
100 0 0 1242
100 0 1 1267
100 0 2 1209
100 1 0 1250
100 1 1 1275
100 1 2 1226
100 2 0 1258
100 2 1 1201
100 2 2 1253
100 3 0 1240
100 3 1 1190
100 3 2 1255
100 4 0 1237
100 4 1 1249
100 4 2 1203
100 5 0 1163
100 5 1 1233
100 5 2 1244
100 6 0 1189
100 6 1 1254
100 6 2 1209
100 7 0 1236
100 7 1 1234
100 7 2 1213
100 8 0 1173
100 8 1 1263
100 8 2 1239
100 9 0 1204
100 9 1 1234
100 9 2 1239
60 0 3 461
60 0 4 476
60 0 5 422
60 0 6 441
60 0 7 420
60 0 8 400
60 0 9 432
60 0 10 435
60 1 3 395
60 1 4 439
60 1 5 415
60 1 6 435
60 1 7 412
60 1 8 455
60 1 9 448
60 1 10 440
60 2 3 441
60 2 4 456
60 2 5 435
60 2 6 436
60 2 7 447
60 2 8 424
60 2 9 392
60 2 10 414
60 3 3 396
60 3 4 444
60 3 5 418
60 3 6 433
60 3 7 442
60 3 8 395
60 3 9 439
60 3 10 419
60 4 3 424
60 4 4 439
60 4 5 411
60 4 6 407
60 4 7 440
60 4 8 458
60 4 9 418
60 4 10 426
60 5 3 438
60 5 4 410
60 5 5 434
60 5 6 444
60 5 7 408
60 5 8 428
60 5 9 451
60 5 10 423
60 6 3 438
60 6 4 444
60 6 5 446
60 6 6 458
60 6 7 450
60 6 8 454
60 6 9 374
60 6 10 445
60 7 3 460
60 7 4 400
60 7 5 445
60 7 6 433
60 7 7 389
60 7 8 439
60 7 9 441
60 7 10 452
60 8 3 443
60 8 4 456
60 8 5 416
60 8 6 458
60 8 7 437
60 8 8 439
60 8 9 442
60 8 10 430
60 9 3 425
60 9 4 426
60 9 5 446
60 9 6 411
60 9 7 454
60 9 8 453
60 9 9 425
60 9 10 433
80 0 3 786
80 0 4 805
80 0 5 793
80 0 6 791
80 0 7 744
80 0 8 802
80 0 9 804
80 0 10 765
80 1 3 746
80 1 4 785
80 1 5 799
80 1 6 785
80 1 7 803
80 1 8 787
80 1 9 789
80 1 10 782
80 2 3 784
80 2 4 784
80 2 5 805
80 2 6 805
80 2 7 811
80 2 8 771
80 2 9 755
80 2 10 781
80 3 3 754
80 3 4 810
80 3 5 800
80 3 6 788
80 3 7 650
80 3 8 803
80 3 9 773
80 3 10 742
80 4 3 778
80 4 4 794
80 4 5 753
80 4 6 792
80 4 7 787
80 4 8 800
80 4 9 796
80 4 10 761
80 5 3 701
80 5 4 814
80 5 5 797
80 5 6 800
80 5 7 794
80 5 8 796
80 5 9 784
80 5 10 799
80 6 3 774
80 6 4 767
80 6 5 806
80 6 6 789
80 6 7 797
80 6 8 813
80 6 9 778
80 6 10 748
80 7 3 809
80 7 4 799
80 7 5 770
80 7 6 782
80 7 7 793
80 7 8 761
80 7 9 776
80 7 10 772
80 8 3 804
80 8 4 794
80 8 5 613
80 8 6 817
80 8 7 763
80 8 8 772
80 8 9 791
80 8 10 824
80 9 3 795
80 9 4 789
80 9 5 791
80 9 6 792
80 9 7 769
80 9 8 774
80 9 9 743
80 9 10 776
100 0 3 1274
100 0 4 1222
100 0 5 1162
100 0 6 1206
100 0 7 1218
100 0 8 1217
100 0 9 1217
100 0 10 1241
100 1 3 1247
100 1 4 1148
100 1 5 1216
100 1 6 1267
100 1 7 1251
100 1 8 1248
100 1 9 1243
100 1 10 1122
100 2 3 1281
100 2 4 1191
100 2 5 1249
100 2 6 1142
100 2 7 1245
100 2 8 1236
100 2 9 1220
100 2 10 1234
100 3 3 1241
100 3 4 1245
100 3 5 1242
100 3 6 1254
100 3 7 1221
100 3 8 1189
100 3 9 1259
100 3 10 1140
100 4 3 1215
100 4 4 1233
100 4 5 1251
100 4 6 1253
100 4 7 1241
100 4 8 1214
100 4 9 1244
100 4 10 1169
100 5 3 1253
100 5 4 1235
100 5 5 1234
100 5 6 1242
100 5 7 1204
100 5 8 1258
100 5 9 1207
100 5 10 1223
100 6 3 1204
100 6 4 1189
100 6 5 1242
100 6 6 1162
100 6 7 1221
100 6 8 1278
100 6 9 1246
100 6 10 1217
100 7 3 1251
100 7 4 1217
100 7 5 1228
100 7 6 1195
100 7 7 1223
100 7 8 1233
100 7 9 1196
100 7 10 1263
100 8 3 1211
100 8 4 1241
100 8 5 1245
100 8 6 1197
100 8 7 1249
100 8 8 1183
100 8 9 1245
100 8 10 1230
100 9 3 1241
100 9 4 1262
100 9 5 1209
100 9 6 1233
100 9 7 1214
100 9 8 1155
100 9 9 1213
100 9 10 1228
