60 0 0 31
60 0 1 0
60 0 2 61
60 0 3 61
60 0 4 30
60 0 5 419
60 0 6 30
60 0 7 30
60 0 8 255
60 0 9 30
60 1 0 0
60 1 1 59
60 1 2 387
60 1 3 188
60 1 4 32
60 1 5 62
60 1 6 32
60 1 7 102
60 1 8 32
60 1 9 32
60 2 0 0
60 2 1 0
60 2 2 0
60 2 3 0
60 2 4 0
60 2 5 324
60 2 6 0
60 2 7 147
60 2 8 0
60 2 9 0
60 3 0 0
60 3 1 57
60 3 2 335
60 3 3 81
60 3 4 83
60 3 5 83
60 3 6 80
60 3 7 26
60 3 8 81
60 3 9 0
60 4 0 0
60 4 1 0
60 4 2 0
60 4 3 302
60 4 4 0
60 4 5 114
60 4 6 0
60 4 7 0
60 4 8 0
60 4 9 0
60 5 0 135
60 5 1 434
60 5 2 382
60 5 3 399
60 5 4 63
60 5 5 265
60 5 6 411
60 5 7 265
60 5 8 330
60 5 9 313
60 6 0 414
60 6 1 165
60 6 2 310
60 6 3 88
60 6 4 353
60 6 5 307
60 6 6 450
60 6 7 406
60 6 8 307
60 6 9 390
60 7 0 243
60 7 1 0
60 7 2 118
60 7 3 0
60 7 4 0
60 7 5 0
60 7 6 0
60 7 7 0
60 7 8 0
60 7 9 0
60 8 0 24
60 8 1 67
60 8 2 433
60 8 3 35
60 8 4 431
60 8 5 408
60 8 6 35
60 8 7 431
60 8 8 144
60 8 9 24
60 9 0 331
60 9 1 25
60 9 2 0
60 9 3 0
60 9 4 53
60 9 5 25
60 9 6 236
60 9 7 355
60 9 8 434
60 9 9 205
80 0 0 0
80 0 1 0
80 0 2 0
80 0 3 0
80 0 4 747
80 0 5 0
80 0 6 333
80 0 7 209
80 0 8 0
80 0 9 0
80 1 0 34
80 1 1 34
80 1 2 0
80 1 3 34
80 1 4 0
80 1 5 450
80 1 6 138
80 1 7 34
80 1 8 34
80 1 9 0
80 2 0 44
80 2 1 776
80 2 2 44
80 2 3 45
80 2 4 0
80 2 5 718
80 2 6 37
80 2 7 736
80 2 8 784
80 2 9 89
80 3 0 786
80 3 1 160
80 3 2 459
80 3 3 0
80 3 4 312
80 3 5 38
80 3 6 700
80 3 7 680
80 3 8 109
80 3 9 217
80 4 0 80
80 4 1 79
80 4 2 0
80 4 3 381
80 4 4 776
80 4 5 80
80 4 6 44
80 4 7 122
80 4 8 45
80 4 9 0
80 5 0 0
80 5 1 373
80 5 2 318
80 5 3 519
80 5 4 109
80 5 5 681
80 5 6 324
80 5 7 247
80 5 8 786
80 5 9 575
80 6 0 266
80 6 1 126
80 6 2 510
80 6 3 510
80 6 4 779
80 6 5 778
80 6 6 160
80 6 7 668
80 6 8 779
80 6 9 636
80 7 0 0
80 7 1 37
80 7 2 37
80 7 3 0
80 7 4 39
80 7 5 243
80 7 6 0
80 7 7 0
80 7 8 37
80 7 9 39
80 8 0 0
80 8 1 0
80 8 2 0
80 8 3 0
80 8 4 80
80 8 5 772
80 8 6 0
80 8 7 682
80 8 8 697
80 8 9 343
80 9 0 584
80 9 1 631
80 9 2 756
80 9 3 217
80 9 4 575
80 9 5 173
80 9 6 710
80 9 7 34
80 9 8 584
80 9 9 756
100 0 0 1179
100 0 1 0
100 0 2 516
100 0 3 1043
100 0 4 1196
100 0 5 862
100 0 6 272
100 0 7 184
100 0 8 43
100 0 9 43
100 1 0 0
100 1 1 401
100 1 2 52
100 1 3 669
100 1 4 52
100 1 5 529
100 1 6 95
100 1 7 95
100 1 8 621
100 1 9 0
100 2 0 0
100 2 1 0
100 2 2 0
100 2 3 0
100 2 4 0
100 2 5 0
100 2 6 0
100 2 7 0
100 2 8 0
100 2 9 0
100 3 0 1148
100 3 1 95
100 3 2 95
100 3 3 0
100 3 4 95
100 3 5 1205
100 3 6 0
100 3 7 544
100 3 8 0
100 3 9 507
100 4 0 0
100 4 1 45
100 4 2 0
100 4 3 45
100 4 4 45
100 4 5 48
100 4 6 0
100 4 7 0
100 4 8 0
100 4 9 48
100 5 0 108
100 5 1 56
100 5 2 108
100 5 3 108
100 5 4 56
100 5 5 52
100 5 6 56
100 5 7 52
100 5 8 108
100 5 9 0
100 6 0 720
100 6 1 1238
100 6 2 1018
100 6 3 1246
100 6 4 1181
100 6 5 1108
100 6 6 1108
100 6 7 0
100 6 8 1233
100 6 9 1018
100 7 0 106
100 7 1 1109
100 7 2 0
100 7 3 326
100 7 4 597
100 7 5 1147
100 7 6 50
100 7 7 0
100 7 8 1216
100 7 9 0
100 8 0 1181
100 8 1 316
100 8 2 0
100 8 3 1022
100 8 4 1234
100 8 5 101
100 8 6 0
100 8 7 1228
100 8 8 1028
100 8 9 1228
100 9 0 58
100 9 1 0
100 9 2 58
100 9 3 0
100 9 4 366
100 9 5 0
100 9 6 58
100 9 7 0
100 9 8 0
100 9 9 97
