60 0 0 451
60 0 1 0
60 0 2 61
60 0 3 65
60 0 4 30
60 0 5 419
60 0 6 30
60 0 7 30
60 0 8 67
60 0 9 30
60 1 0 0
60 1 1 59
60 1 2 121
60 1 3 116
60 1 4 57
60 1 5 62
60 1 6 409
60 1 7 82
60 1 8 32
60 1 9 32
60 2 0 360
60 2 1 0
60 2 2 0
60 2 3 0
60 2 4 0
60 2 5 118
60 2 6 0
60 2 7 118
60 2 8 0
60 2 9 0
60 3 0 0
60 3 1 181
60 3 2 138
60 3 3 138
60 3 4 134
60 3 5 134
60 3 6 80
60 3 7 26
60 3 8 425
60 3 9 0
60 4 0 0
60 4 1 0
60 4 2 0
60 4 3 114
60 4 4 0
60 4 5 114
60 4 6 0
60 4 7 0
60 4 8 0
60 4 9 0
60 5 0 89
60 5 1 89
60 5 2 115
60 5 3 127
60 5 4 63
60 5 5 265
60 5 6 188
60 5 7 265
60 5 8 330
60 5 9 293
60 6 0 406
60 6 1 62
60 6 2 293
60 6 3 62
60 6 4 406
60 6 5 334
60 6 6 420
60 6 7 420
60 6 8 325
60 6 9 406
60 7 0 88
60 7 1 262
60 7 2 88
60 7 3 0
60 7 4 0
60 7 5 0
60 7 6 0
60 7 7 0
60 7 8 0
60 7 9 0
60 8 0 123
60 8 1 67
60 8 2 428
60 8 3 425
60 8 4 431
60 8 5 408
60 8 6 35
60 8 7 392
60 8 8 123
60 8 9 24
60 9 0 386
60 9 1 25
60 9 2 0
60 9 3 0
60 9 4 53
60 9 5 25
60 9 6 260
60 9 7 355
60 9 8 434
60 9 9 82
80 0 0 0
80 0 1 267
80 0 2 348
80 0 3 0
80 0 4 587
80 0 5 414
80 0 6 180
80 0 7 209
80 0 8 209
80 0 9 436
80 1 0 336
80 1 1 34
80 1 2 0
80 1 3 34
80 1 4 588
80 1 5 217
80 1 6 138
80 1 7 248
80 1 8 680
80 1 9 0
80 2 0 647
80 2 1 741
80 2 2 781
80 2 3 769
80 2 4 0
80 2 5 474
80 2 6 561
80 2 7 117
80 2 8 776
80 2 9 346
80 3 0 783
80 3 1 160
80 3 2 459
80 3 3 312
80 3 4 0
80 3 5 583
80 3 6 249
80 3 7 594
80 3 8 671
80 3 9 150
80 4 0 80
80 4 1 396
80 4 2 0
80 4 3 780
80 4 4 70
80 4 5 80
80 4 6 44
80 4 7 122
80 4 8 670
80 4 9 0
80 5 0 411
80 5 1 181
80 5 2 373
80 5 3 112
80 5 4 331
80 5 5 797
80 5 6 545
80 5 7 314
80 5 8 781
80 5 9 797
80 6 0 199
80 6 1 126
80 6 2 160
80 6 3 260
80 6 4 775
80 6 5 653
80 6 6 160
80 6 7 682
80 6 8 682
80 6 9 124
80 7 0 0
80 7 1 37
80 7 2 216
80 7 3 0
80 7 4 750
80 7 5 156
80 7 6 0
80 7 7 0
80 7 8 37
80 7 9 39
80 8 0 173
80 8 1 401
80 8 2 394
80 8 3 697
80 8 4 80
80 8 5 775
80 8 6 656
80 8 7 173
80 8 8 656
80 8 9 519
80 9 0 417
80 9 1 649
80 9 2 140
80 9 3 64
80 9 4 575
80 9 5 134
80 9 6 610
80 9 7 253
80 9 8 417
80 9 9 374
100 0 0 939
100 0 1 1250
100 0 2 273
100 0 3 893
100 0 4 477
100 0 5 831
100 0 6 89
100 0 7 135
100 0 8 970
100 0 9 480
100 1 0 127
100 1 1 188
100 1 2 52
100 1 3 363
100 1 4 52
100 1 5 875
100 1 6 881
100 1 7 95
100 1 8 665
100 1 9 1223
100 2 0 0
100 2 1 0
100 2 2 0
100 2 3 0
100 2 4 0
100 2 5 0
100 2 6 0
100 2 7 0
100 2 8 0
100 2 9 0
100 3 0 1205
100 3 1 764
100 3 2 95
100 3 3 0
100 3 4 1162
100 3 5 1192
100 3 6 0
100 3 7 1206
100 3 8 0
100 3 9 1192
100 4 0 34
100 4 1 45
100 4 2 0
100 4 3 45
100 4 4 45
100 4 5 48
100 4 6 0
100 4 7 0
100 4 8 0
100 4 9 739
100 5 0 958
100 5 1 56
100 5 2 1155
100 5 3 108
100 5 4 56
100 5 5 52
100 5 6 56
100 5 7 52
100 5 8 537
100 5 9 172
100 6 0 720
100 6 1 619
100 6 2 997
100 6 3 619
100 6 4 830
100 6 5 895
100 6 6 975
100 6 7 325
100 6 8 619
100 6 9 997
100 7 0 811
100 7 1 1186
100 7 2 1116
100 7 3 1239
100 7 4 1198
100 7 5 1211
100 7 6 395
100 7 7 1012
100 7 8 1126
100 7 9 729
100 8 0 505
100 8 1 242
100 8 2 476
100 8 3 815
100 8 4 1145
100 8 5 242
100 8 6 294
100 8 7 430
100 8 8 1069
100 8 9 211
100 9 0 876
100 9 1 0
100 9 2 814
100 9 3 0
100 9 4 366
100 9 5 0
100 9 6 58
100 9 7 0
100 9 8 0
100 9 9 507
