60 0 0 396
60 0 1 454
60 0 2 429
60 1 0 434
60 1 1 453
60 1 2 432
60 2 0 436
60 2 1 431
60 2 2 435
60 3 0 421
60 3 1 440
60 3 2 440
60 4 0 440
60 4 1 428
60 4 2 455
60 5 0 451
60 5 1 445
60 5 2 448
60 6 0 421
60 6 1 436
60 6 2 444
60 7 0 430
60 7 1 425
60 7 2 428
60 8 0 429
60 8 1 397
60 8 2 430
60 9 0 453
60 9 1 435
60 9 2 435
80 0 0 795
80 0 1 806
80 0 2 761
80 1 0 765
80 1 1 789
80 1 2 798
80 2 0 790
80 2 1 774
80 2 2 782
80 3 0 802
80 3 1 781
80 3 2 780
80 4 0 801
80 4 1 789
80 4 2 752
80 5 0 794
80 5 1 775
80 5 2 784
80 6 0 769
80 6 1 764
80 6 2 790
80 7 0 786
80 7 1 740
80 7 2 792
80 8 0 787
80 8 1 795
80 8 2 782
80 9 0 769
80 9 1 768
80 9 2 772
100 0 0 1219
100 0 1 1197
100 0 2 1216
100 1 0 1233
100 1 1 1236
100 1 2 1248
100 2 0 1231
100 2 1 1223
100 2 2 1224
100 3 0 1221
100 3 1 1241
100 3 2 1247
100 4 0 1241
100 4 1 1230
100 4 2 1207
100 5 0 1248
100 5 1 1254
100 5 2 1273
100 6 0 1219
100 6 1 1228
100 6 2 1195
100 7 0 1261
100 7 1 1264
100 7 2 1248
100 8 0 1177
100 8 1 1146
100 8 2 1253
100 9 0 1274
100 9 1 1230
100 9 2 1234
60 0 3 452
60 0 4 397
60 0 5 410
60 0 6 443
60 0 7 446
60 0 8 418
60 0 9 429
60 0 10 441
60 1 3 433
60 1 4 424
60 1 5 439
60 1 6 449
60 1 7 451
60 1 8 448
60 1 9 463
60 1 10 444
60 2 3 428
60 2 4 442
60 2 5 444
60 2 6 422
60 2 7 442
60 2 8 423
60 2 9 444
60 2 10 450
60 3 3 443
60 3 4 431
60 3 5 429
60 3 6 452
60 3 7 407
60 3 8 430
60 3 9 437
60 3 10 466
60 4 3 441
60 4 4 459
60 4 5 431
60 4 6 428
60 4 7 403
60 4 8 432
60 4 9 430
60 4 10 397
60 5 3 437
60 5 4 455
60 5 5 467
60 5 6 448
60 5 7 431
60 5 8 453
60 5 9 451
60 5 10 461
60 6 3 432
60 6 4 460
60 6 5 397
60 6 6 441
60 6 7 459
60 6 8 452
60 6 9 414
60 6 10 434
60 7 3 437
60 7 4 425
60 7 5 411
60 7 6 447
60 7 7 433
60 7 8 403
60 7 9 470
60 7 10 455
60 8 3 451
60 8 4 427
60 8 5 425
60 8 6 421
60 8 7 392
60 8 8 455
60 8 9 391
60 8 10 445
60 9 3 450
60 9 4 446
60 9 5 414
60 9 6 452
60 9 7 453
60 9 8 436
60 9 9 428
60 9 10 441
80 0 3 807
80 0 4 765
80 0 5 802
80 0 6 757
80 0 7 797
80 0 8 806
80 0 9 800
80 0 10 799
80 1 3 806
80 1 4 768
80 1 5 802
80 1 6 786
80 1 7 765
80 1 8 757
80 1 9 771
80 1 10 825
80 2 3 795
80 2 4 810
80 2 5 793
80 2 6 771
80 2 7 764
80 2 8 791
80 2 9 774
80 2 10 745
80 3 3 792
80 3 4 799
80 3 5 722
80 3 6 774
80 3 7 805
80 3 8 798
80 3 9 780
80 3 10 771
80 4 3 761
80 4 4 801
80 4 5 774
80 4 6 770
80 4 7 747
80 4 8 797
80 4 9 782
80 4 10 746
80 5 3 798
80 5 4 774
80 5 5 739
80 5 6 781
80 5 7 756
80 5 8 812
80 5 9 741
80 5 10 769
80 6 3 756
80 6 4 801
80 6 5 811
80 6 6 798
80 6 7 798
80 6 8 810
80 6 9 763
80 6 10 780
80 7 3 802
80 7 4 783
80 7 5 788
80 7 6 790
80 7 7 790
80 7 8 791
80 7 9 785
80 7 10 799
80 8 3 803
80 8 4 784
80 8 5 790
80 8 6 795
80 8 7 793
80 8 8 748
80 8 9 806
80 8 10 811
80 9 3 779
80 9 4 801
80 9 5 792
80 9 6 775
80 9 7 769
80 9 8 772
80 9 9 773
80 9 10 797
100 0 3 1194
100 0 4 1249
100 0 5 1227
100 0 6 1202
100 0 7 1195
100 0 8 1161
100 0 9 1246
100 0 10 1218
100 1 3 1264
100 1 4 1233
100 1 5 1252
100 1 6 1254
100 1 7 1229
100 1 8 1249
100 1 9 1230
100 1 10 1160
100 2 3 1248
100 2 4 1209
100 2 5 1219
100 2 6 1290
100 2 7 1235
100 2 8 1200
100 2 9 1193
100 2 10 1132
100 3 3 1228
100 3 4 1233
100 3 5 1253
100 3 6 1188
100 3 7 1244
100 3 8 1205
100 3 9 1214
100 3 10 1210
100 4 3 1274
100 4 4 1269
100 4 5 1251
100 4 6 1187
100 4 7 1262
100 4 8 1231
100 4 9 1228
100 4 10 1234
100 5 3 1178
100 5 4 1286
100 5 5 1273
100 5 6 1256
100 5 7 1222
100 5 8 1247
100 5 9 1284
100 5 10 1228
100 6 3 1246
100 6 4 1244
100 6 5 1232
100 6 6 1237
100 6 7 1226
100 6 8 1162
100 6 9 1234
100 6 10 1243
100 7 3 1223
100 7 4 1245
100 7 5 1258
100 7 6 1210
100 7 7 1221
100 7 8 1212
100 7 9 1218
100 7 10 1240
100 8 3 1220
100 8 4 1239
100 8 5 1210
100 8 6 1263
100 8 7 1147
100 8 8 1240
100 8 9 1231
100 8 10 1257
100 9 3 1208
100 9 4 1236
100 9 5 1244
100 9 6 1207
100 9 7 1240
100 9 8 1247
100 9 9 1249
100 9 10 1202
