60 0 0 31
60 0 1 0
60 0 2 29
60 0 3 29
60 0 4 444
60 0 5 444
60 0 6 444
60 0 7 444
60 0 8 31
60 0 9 444
60 1 0 0
60 1 1 32
60 1 2 32
60 1 3 288
60 1 4 288
60 1 5 288
60 1 6 288
60 1 7 27
60 1 8 288
60 1 9 83
60 2 0 343
60 2 1 343
60 2 2 343
60 2 3 343
60 2 4 343
60 2 5 343
60 2 6 343
60 2 7 343
60 2 8 343
60 2 9 343
60 3 0 0
60 3 1 81
60 3 2 163
60 3 3 163
60 3 4 55
60 3 5 389
60 3 6 55
60 3 7 26
60 3 8 163
60 3 9 0
60 4 0 436
60 4 1 436
60 4 2 436
60 4 3 436
60 4 4 436
60 4 5 436
60 4 6 436
60 4 7 436
60 4 8 436
60 4 9 436
60 5 0 249
60 5 1 249
60 5 2 249
60 5 3 29
60 5 4 126
60 5 5 369
60 5 6 233
60 5 7 369
60 5 8 0
60 5 9 29
60 6 0 240
60 6 1 240
60 6 2 240
60 6 3 240
60 6 4 240
60 6 5 240
60 6 6 240
60 6 7 240
60 6 8 240
60 6 9 240
60 7 0 434
60 7 1 434
60 7 2 434
60 7 3 434
60 7 4 434
60 7 5 434
60 7 6 434
60 7 7 434
60 7 8 434
60 7 9 434
60 8 0 403
60 8 1 420
60 8 2 0
60 8 3 420
60 8 4 0
60 8 5 0
60 8 6 403
60 8 7 0
60 8 8 403
60 8 9 403
60 9 0 0
60 9 1 161
60 9 2 0
60 9 3 0
60 9 4 25
60 9 5 161
60 9 6 161
60 9 7 161
60 9 8 25
60 9 9 161
80 0 0 468
80 0 1 468
80 0 2 468
80 0 3 468
80 0 4 468
80 0 5 468
80 0 6 468
80 0 7 468
80 0 8 468
80 0 9 468
80 1 0 729
80 1 1 729
80 1 2 164
80 1 3 729
80 1 4 164
80 1 5 164
80 1 6 164
80 1 7 729
80 1 8 729
80 1 9 164
80 2 0 44
80 2 1 780
80 2 2 410
80 2 3 780
80 2 4 0
80 2 5 780
80 2 6 339
80 2 7 44
80 2 8 780
80 2 9 339
80 3 0 0
80 3 1 488
80 3 2 0
80 3 3 0
80 3 4 0
80 3 5 137
80 3 6 137
80 3 7 0
80 3 8 137
80 3 9 137
80 4 0 712
80 4 1 44
80 4 2 0
80 4 3 44
80 4 4 754
80 4 5 546
80 4 6 79
80 4 7 754
80 4 8 712
80 4 9 0
80 5 0 0
80 5 1 0
80 5 2 0
80 5 3 326
80 5 4 605
80 5 5 0
80 5 6 326
80 5 7 605
80 5 8 0
80 5 9 0
80 6 0 756
80 6 1 756
80 6 2 551
80 6 3 551
80 6 4 756
80 6 5 551
80 6 6 551
80 6 7 756
80 6 8 756
80 6 9 551
80 7 0 0
80 7 1 37
80 7 2 176
80 7 3 0
80 7 4 37
80 7 5 159
80 7 6 0
80 7 7 0
80 7 8 736
80 7 9 37
80 8 0 772
80 8 1 772
80 8 2 772
80 8 3 772
80 8 4 772
80 8 5 772
80 8 6 772
80 8 7 772
80 8 8 772
80 8 9 772
80 9 0 176
80 9 1 383
80 9 2 313
80 9 3 176
80 9 4 782
80 9 5 383
80 9 6 313
80 9 7 313
80 9 8 176
80 9 9 313
100 0 0 421
100 0 1 0
100 0 2 0
100 0 3 421
100 0 4 421
100 0 5 421
100 0 6 421
100 0 7 421
100 0 8 1256
100 0 9 1256
100 1 0 0
100 1 1 779
100 1 2 979
100 1 3 983
100 1 4 979
100 1 5 983
100 1 6 979
100 1 7 979
100 1 8 983
100 1 9 0
100 2 0 1132
100 2 1 1132
100 2 2 1132
100 2 3 1132
100 2 4 1132
100 2 5 1132
100 2 6 1132
100 2 7 1132
100 2 8 1132
100 2 9 1132
100 3 0 1009
100 3 1 1009
100 3 2 1009
100 3 3 0
100 3 4 1009
100 3 5 1009
100 3 6 0
100 3 7 1009
100 3 8 0
100 3 9 1009
100 4 0 0
100 4 1 1239
100 4 2 0
100 4 3 1239
100 4 4 1239
100 4 5 48
100 4 6 0
100 4 7 0
100 4 8 0
100 4 9 48
100 5 0 500
100 5 1 1164
100 5 2 500
100 5 3 500
100 5 4 1164
100 5 5 1087
100 5 6 1164
100 5 7 1087
100 5 8 500
100 5 9 0
100 6 0 617
100 6 1 617
100 6 2 617
100 6 3 617
100 6 4 617
100 6 5 617
100 6 6 617
100 6 7 617
100 6 8 617
100 6 9 617
100 7 0 229
100 7 1 229
100 7 2 0
100 7 3 871
100 7 4 0
100 7 5 871
100 7 6 871
100 7 7 0
100 7 8 871
100 7 9 0
100 8 0 334
100 8 1 334
100 8 2 1242
100 8 3 334
100 8 4 1242
100 8 5 334
100 8 6 1242
100 8 7 334
100 8 8 1242
100 8 9 1242
100 9 0 668
100 9 1 0
100 9 2 58
100 9 3 0
100 9 4 1236
100 9 5 0
100 9 6 1236
100 9 7 0
100 9 8 0
100 9 9 1243
