60 0 0 452
60 0 1 408
60 0 2 432
60 1 0 422
60 1 1 437
60 1 2 452
60 2 0 426
60 2 1 315
60 2 2 460
60 3 0 434
60 3 1 443
60 3 2 437
60 4 0 444
60 4 1 439
60 4 2 405
60 5 0 423
60 5 1 455
60 5 2 440
60 6 0 412
60 6 1 428
60 6 2 453
60 7 0 449
60 7 1 443
60 7 2 456
60 8 0 418
60 8 1 445
60 8 2 439
60 9 0 438
60 9 1 428
60 9 2 434
80 0 0 792
80 0 1 774
80 0 2 793
80 1 0 813
80 1 1 780
80 1 2 751
80 2 0 779
80 2 1 779
80 2 2 790
80 3 0 759
80 3 1 799
80 3 2 794
80 4 0 829
80 4 1 786
80 4 2 782
80 5 0 798
80 5 1 814
80 5 2 758
80 6 0 732
80 6 1 807
80 6 2 732
80 7 0 788
80 7 1 776
80 7 2 779
80 8 0 781
80 8 1 798
80 8 2 805
80 9 0 758
80 9 1 783
80 9 2 781
100 0 0 1246
100 0 1 1158
100 0 2 1165
100 1 0 1214
100 1 1 1238
100 1 2 1230
100 2 0 1159
100 2 1 1230
100 2 2 1234
100 3 0 1269
100 3 1 1240
100 3 2 1243
100 4 0 1247
100 4 1 1272
100 4 2 1225
100 5 0 1206
100 5 1 1253
100 5 2 1219
100 6 0 1231
100 6 1 1264
100 6 2 1232
100 7 0 1223
100 7 1 1204
100 7 2 1243
100 8 0 1242
100 8 1 1250
100 8 2 1229
100 9 0 1238
100 9 1 1228
100 9 2 1232
60 0 3 463
60 0 4 417
60 0 5 453
60 0 6 437
60 0 7 420
60 0 8 436
60 0 9 421
60 0 10 437
60 1 3 451
60 1 4 466
60 1 5 443
60 1 6 415
60 1 7 435
60 1 8 425
60 1 9 426
60 1 10 430
60 2 3 446
60 2 4 405
60 2 5 410
60 2 6 418
60 2 7 432
60 2 8 457
60 2 9 432
60 2 10 415
60 3 3 455
60 3 4 448
60 3 5 438
60 3 6 444
60 3 7 429
60 3 8 424
60 3 9 434
60 3 10 410
60 4 3 431
60 4 4 429
60 4 5 453
60 4 6 439
60 4 7 451
60 4 8 365
60 4 9 417
60 4 10 451
60 5 3 455
60 5 4 445
60 5 5 432
60 5 6 446
60 5 7 462
60 5 8 378
60 5 9 424
60 5 10 390
60 6 3 419
60 6 4 418
60 6 5 429
60 6 6 432
60 6 7 427
60 6 8 442
60 6 9 461
60 6 10 445
60 7 3 437
60 7 4 450
60 7 5 443
60 7 6 434
60 7 7 424
60 7 8 437
60 7 9 434
60 7 10 435
60 8 3 342
60 8 4 424
60 8 5 449
60 8 6 433
60 8 7 462
60 8 8 426
60 8 9 431
60 8 10 446
60 9 3 348
60 9 4 439
60 9 5 411
60 9 6 457
60 9 7 442
60 9 8 425
60 9 9 425
60 9 10 443
80 0 3 785
80 0 4 689
80 0 5 788
80 0 6 777
80 0 7 799
80 0 8 802
80 0 9 784
80 0 10 772
80 1 3 752
80 1 4 803
80 1 5 810
80 1 6 808
80 1 7 775
80 1 8 800
80 1 9 785
80 1 10 792
80 2 3 786
80 2 4 758
80 2 5 793
80 2 6 709
80 2 7 803
80 2 8 784
80 2 9 762
80 2 10 793
80 3 3 813
80 3 4 787
80 3 5 792
80 3 6 790
80 3 7 780
80 3 8 768
80 3 9 817
80 3 10 800
80 4 3 694
80 4 4 719
80 4 5 802
80 4 6 762
80 4 7 762
80 4 8 750
80 4 9 777
80 4 10 791
80 5 3 671
80 5 4 810
80 5 5 782
80 5 6 804
80 5 7 771
80 5 8 807
80 5 9 718
80 5 10 792
80 6 3 781
80 6 4 804
80 6 5 781
80 6 6 807
80 6 7 764
80 6 8 761
80 6 9 803
80 6 10 785
80 7 3 774
80 7 4 778
80 7 5 691
80 7 6 811
80 7 7 729
80 7 8 790
80 7 9 738
80 7 10 803
80 8 3 832
80 8 4 809
80 8 5 802
80 8 6 784
80 8 7 777
80 8 8 785
80 8 9 752
80 8 10 739
80 9 3 793
80 9 4 794
80 9 5 809
80 9 6 734
80 9 7 789
80 9 8 764
80 9 9 761
80 9 10 771
100 0 3 1227
100 0 4 1261
100 0 5 1269
100 0 6 1216
100 0 7 1223
100 0 8 1281
100 0 9 1060
100 0 10 1216
100 1 3 1255
100 1 4 1260
100 1 5 1251
100 1 6 1233
100 1 7 1224
100 1 8 1266
100 1 9 1271
100 1 10 1253
100 2 3 1243
100 2 4 1202
100 2 5 1227
100 2 6 1224
100 2 7 1247
100 2 8 1234
100 2 9 1246
100 2 10 1269
100 3 3 1203
100 3 4 1216
100 3 5 1211
100 3 6 1225
100 3 7 1269
100 3 8 1168
100 3 9 1233
100 3 10 1252
100 4 3 1040
100 4 4 1206
100 4 5 1231
100 4 6 1222
100 4 7 1173
100 4 8 1216
100 4 9 1246
100 4 10 1209
100 5 3 1227
100 5 4 1192
100 5 5 1233
100 5 6 1219
100 5 7 1248
100 5 8 1243
100 5 9 1244
100 5 10 1177
100 6 3 1214
100 6 4 1202
100 6 5 1252
100 6 6 1210
100 6 7 1251
100 6 8 1185
100 6 9 1218
100 6 10 1230
100 7 3 1237
100 7 4 1235
100 7 5 1241
100 7 6 1261
100 7 7 1226
100 7 8 1234
100 7 9 1203
100 7 10 1231
100 8 3 1224
100 8 4 1255
100 8 5 1152
100 8 6 1215
100 8 7 1229
100 8 8 1240
100 8 9 1199
100 8 10 1226
100 9 3 1212
100 9 4 1158
100 9 5 1230
100 9 6 1275
100 9 7 1164
100 9 8 1232
100 9 9 1257
100 9 10 1180
