60 0 0 423
60 0 1 442
60 0 2 416
60 1 0 449
60 1 1 436
60 1 2 426
60 2 0 360
60 2 1 423
60 2 2 450
60 3 0 455
60 3 1 367
60 3 2 468
60 4 0 426
60 4 1 379
60 4 2 418
60 5 0 463
60 5 1 409
60 5 2 433
60 6 0 452
60 6 1 446
60 6 2 432
60 7 0 405
60 7 1 445
60 7 2 430
60 8 0 425
60 8 1 459
60 8 2 420
60 9 0 450
60 9 1 450
60 9 2 436
80 0 0 784
80 0 1 800
80 0 2 791
80 1 0 774
80 1 1 789
80 1 2 800
80 2 0 788
80 2 1 704
80 2 2 809
80 3 0 748
80 3 1 793
80 3 2 804
80 4 0 802
80 4 1 703
80 4 2 797
80 5 0 774
80 5 1 743
80 5 2 760
80 6 0 785
80 6 1 801
80 6 2 779
80 7 0 681
80 7 1 659
80 7 2 766
80 8 0 773
80 8 1 790
80 8 2 648
80 9 0 791
80 9 1 804
80 9 2 822
100 0 0 1100
100 0 1 1224
100 0 2 1199
100 1 0 1222
100 1 1 1107
100 1 2 1236
100 2 0 1291
100 2 1 1191
100 2 2 1175
100 3 0 1162
100 3 1 1232
100 3 2 1215
100 4 0 1248
100 4 1 1258
100 4 2 1223
100 5 0 1195
100 5 1 1236
100 5 2 1225
100 6 0 1251
100 6 1 1209
100 6 2 1242
100 7 0 1244
100 7 1 1204
100 7 2 1217
100 8 0 1203
100 8 1 1209
100 8 2 1236
100 9 0 1263
100 9 1 1262
100 9 2 1158
60 0 3 454
60 0 4 445
60 0 5 404
60 0 6 421
60 0 7 397
60 0 8 435
60 0 9 416
60 0 10 432
60 1 3 422
60 1 4 426
60 1 5 448
60 1 6 399
60 1 7 427
60 1 8 434
60 1 9 358
60 1 10 405
60 2 3 436
60 2 4 419
60 2 5 399
60 2 6 415
60 2 7 440
60 2 8 425
60 2 9 431
60 2 10 440
60 3 3 412
60 3 4 416
60 3 5 449
60 3 6 434
60 3 7 453
60 3 8 343
60 3 9 433
60 3 10 425
60 4 3 418
60 4 4 450
60 4 5 451
60 4 6 457
60 4 7 442
60 4 8 449
60 4 9 439
60 4 10 410
60 5 3 432
60 5 4 436
60 5 5 454
60 5 6 443
60 5 7 425
60 5 8 436
60 5 9 424
60 5 10 427
60 6 3 416
60 6 4 434
60 6 5 457
60 6 6 430
60 6 7 445
60 6 8 439
60 6 9 440
60 6 10 416
60 7 3 419
60 7 4 336
60 7 5 439
60 7 6 413
60 7 7 390
60 7 8 335
60 7 9 405
60 7 10 441
60 8 3 426
60 8 4 434
60 8 5 405
60 8 6 436
60 8 7 447
60 8 8 426
60 8 9 402
60 8 10 420
60 9 3 424
60 9 4 436
60 9 5 423
60 9 6 408
60 9 7 443
60 9 8 425
60 9 9 419
60 9 10 451
80 0 3 796
80 0 4 780
80 0 5 780
80 0 6 797
80 0 7 769
80 0 8 767
80 0 9 763
80 0 10 767
80 1 3 727
80 1 4 789
80 1 5 777
80 1 6 759
80 1 7 769
80 1 8 796
80 1 9 801
80 1 10 758
80 2 3 779
80 2 4 749
80 2 5 782
80 2 6 772
80 2 7 750
80 2 8 561
80 2 9 741
80 2 10 778
80 3 3 793
80 3 4 783
80 3 5 797
80 3 6 793
80 3 7 794
80 3 8 706
80 3 9 795
80 3 10 791
80 4 3 662
80 4 4 740
80 4 5 727
80 4 6 786
80 4 7 755
80 4 8 776
80 4 9 664
80 4 10 822
80 5 3 804
80 5 4 799
80 5 5 733
80 5 6 809
80 5 7 803
80 5 8 622
80 5 9 785
80 5 10 763
80 6 3 796
80 6 4 791
80 6 5 797
80 6 6 742
80 6 7 779
80 6 8 809
80 6 9 777
80 6 10 765
80 7 3 788
80 7 4 821
80 7 5 709
80 7 6 756
80 7 7 780
80 7 8 756
80 7 9 750
80 7 10 788
80 8 3 709
80 8 4 761
80 8 5 655
80 8 6 773
80 8 7 810
80 8 8 703
80 8 9 817
80 8 10 780
80 9 3 773
80 9 4 775
80 9 5 763
80 9 6 807
80 9 7 777
80 9 8 786
80 9 9 805
80 9 10 776
100 0 3 1245
100 0 4 1212
100 0 5 1210
100 0 6 1175
100 0 7 1195
100 0 8 1225
100 0 9 1240
100 0 10 1186
100 1 3 1229
100 1 4 1229
100 1 5 1214
100 1 6 1240
100 1 7 1259
100 1 8 1168
100 1 9 1199
100 1 10 1212
100 2 3 1173
100 2 4 1217
100 2 5 1200
100 2 6 1219
100 2 7 1229
100 2 8 1235
100 2 9 1199
100 2 10 1237
100 3 3 1183
100 3 4 1178
100 3 5 1134
100 3 6 1235
100 3 7 1251
100 3 8 1225
100 3 9 1228
100 3 10 1112
100 4 3 1132
100 4 4 1227
100 4 5 1240
100 4 6 1198
100 4 7 1211
100 4 8 1208
100 4 9 1239
100 4 10 1245
100 5 3 1202
100 5 4 1236
100 5 5 1215
100 5 6 1205
100 5 7 1106
100 5 8 1262
100 5 9 1253
100 5 10 1231
100 6 3 1215
100 6 4 1204
100 6 5 1233
100 6 6 1242
100 6 7 1236
100 6 8 1101
100 6 9 1220
100 6 10 1208
100 7 3 1241
100 7 4 1187
100 7 5 1161
100 7 6 1253
100 7 7 1214
100 7 8 1167
100 7 9 1176
100 7 10 1246
100 8 3 1095
100 8 4 1243
100 8 5 1241
100 8 6 1243
100 8 7 1130
100 8 8 1174
100 8 9 1260
100 8 10 1228
100 9 3 1200
100 9 4 1163
100 9 5 987
100 9 6 1235
100 9 7 1257
100 9 8 1231
100 9 9 1256
100 9 10 1232
