60 0 0 288
60 0 1 253
60 0 2 234
60 0 3 234
60 0 4 138
60 0 5 138
60 0 6 138
60 0 7 138
60 0 8 288
60 0 9 138
60 1 0 292
60 1 1 272
60 1 2 272
60 1 3 110
60 1 4 110
60 1 5 110
60 1 6 110
60 1 7 258
60 1 8 110
60 1 9 191
60 2 0 88
60 2 1 88
60 2 2 88
60 2 3 88
60 2 4 88
60 2 5 88
60 2 6 88
60 2 7 88
60 2 8 88
60 2 9 88
60 3 0 252
60 3 1 195
60 3 2 432
60 3 3 432
60 3 4 290
60 3 5 155
60 3 6 290
60 3 7 204
60 3 8 432
60 3 9 252
60 4 0 88
60 4 1 88
60 4 2 88
60 4 3 88
60 4 4 88
60 4 5 88
60 4 6 88
60 4 7 88
60 4 8 88
60 4 9 88
60 5 0 97
60 5 1 97
60 5 2 97
60 5 3 183
60 5 4 69
60 5 5 114
60 5 6 103
60 5 7 114
60 5 8 142
60 5 9 183
60 6 0 62
60 6 1 62
60 6 2 62
60 6 3 62
60 6 4 62
60 6 5 62
60 6 6 62
60 6 7 62
60 6 8 62
60 6 9 62
60 7 0 88
60 7 1 88
60 7 2 88
60 7 3 88
60 7 4 88
60 7 5 88
60 7 6 88
60 7 7 88
60 7 8 88
60 7 9 88
60 8 0 123
60 8 1 112
60 8 2 136
60 8 3 112
60 8 4 136
60 8 5 136
60 8 6 123
60 8 7 136
60 8 8 123
60 8 9 123
60 9 0 142
60 9 1 66
60 9 2 142
60 9 3 142
60 9 4 142
60 9 5 66
60 9 6 66
60 9 7 66
60 9 8 142
60 9 9 66
80 0 0 79
80 0 1 79
80 0 2 79
80 0 3 79
80 0 4 79
80 0 5 79
80 0 6 79
80 0 7 79
80 0 8 79
80 0 9 79
80 1 0 104
80 1 1 104
80 1 2 138
80 1 3 104
80 1 4 138
80 1 5 138
80 1 6 138
80 1 7 104
80 1 8 104
80 1 9 138
80 2 0 352
80 2 1 186
80 2 2 153
80 2 3 186
80 2 4 357
80 2 5 186
80 2 6 157
80 2 7 352
80 2 8 186
80 2 9 157
80 3 0 186
80 3 1 150
80 3 2 186
80 3 3 186
80 3 4 186
80 3 5 507
80 3 6 507
80 3 7 186
80 3 8 507
80 3 9 507
80 4 0 188
80 4 1 431
80 4 2 326
80 4 3 431
80 4 4 175
80 4 5 250
80 4 6 283
80 4 7 175
80 4 8 188
80 4 9 326
80 5 0 147
80 5 1 147
80 5 2 147
80 5 3 76
80 5 4 106
80 5 5 147
80 5 6 76
80 5 7 106
80 5 8 147
80 5 9 147
80 6 0 160
80 6 1 160
80 6 2 85
80 6 3 85
80 6 4 160
80 6 5 85
80 6 6 85
80 6 7 160
80 6 8 160
80 6 9 85
80 7 0 284
80 7 1 282
80 7 2 237
80 7 3 284
80 7 4 282
80 7 5 309
80 7 6 284
80 7 7 284
80 7 8 177
80 7 9 282
80 8 0 80
80 8 1 80
80 8 2 80
80 8 3 80
80 8 4 80
80 8 5 80
80 8 6 80
80 8 7 80
80 8 8 80
80 8 9 80
80 9 0 734
80 9 1 98
80 9 2 102
80 9 3 734
80 9 4 172
80 9 5 98
80 9 6 102
80 9 7 102
80 9 8 734
80 9 9 102
100 0 0 89
100 0 1 319
100 0 2 319
100 0 3 89
100 0 4 89
100 0 5 89
100 0 6 89
100 0 7 89
100 0 8 183
100 0 9 183
100 1 0 480
100 1 1 188
100 1 2 227
100 1 3 272
100 1 4 227
100 1 5 272
100 1 6 227
100 1 7 227
100 1 8 272
100 1 9 480
100 2 0 152
100 2 1 152
100 2 2 152
100 2 3 152
100 2 4 152
100 2 5 152
100 2 6 152
100 2 7 152
100 2 8 152
100 2 9 152
100 3 0 141
100 3 1 141
100 3 2 141
100 3 3 236
100 3 4 141
100 3 5 141
100 3 6 236
100 3 7 141
100 3 8 236
100 3 9 141
100 4 0 280
100 4 1 196
100 4 2 280
100 4 3 196
100 4 4 196
100 4 5 232
100 4 6 280
100 4 7 280
100 4 8 280
100 4 9 232
100 5 0 113
100 5 1 208
100 5 2 113
100 5 3 113
100 5 4 208
100 5 5 169
100 5 6 208
100 5 7 169
100 5 8 113
100 5 9 309
100 6 0 100
100 6 1 100
100 6 2 100
100 6 3 100
100 6 4 100
100 6 5 100
100 6 6 100
100 6 7 100
100 6 8 100
100 6 9 100
100 7 0 98
100 7 1 98
100 7 2 291
100 7 3 200
100 7 4 291
100 7 5 200
100 7 6 200
100 7 7 291
100 7 8 200
100 7 9 291
100 8 0 98
100 8 1 98
100 8 2 152
100 8 3 98
100 8 4 152
100 8 5 98
100 8 6 152
100 8 7 98
100 8 8 152
100 8 9 152
100 9 0 271
100 9 1 413
100 9 2 358
100 9 3 413
100 9 4 279
100 9 5 413
100 9 6 279
100 9 7 413
100 9 8 413
100 9 9 230
