60 0 0 435
60 0 1 434
60 0 2 445
60 1 0 456
60 1 1 435
60 1 2 379
60 2 0 420
60 2 1 449
60 2 2 453
60 3 0 453
60 3 1 447
60 3 2 423
60 4 0 448
60 4 1 450
60 4 2 448
60 5 0 428
60 5 1 445
60 5 2 457
60 6 0 452
60 6 1 386
60 6 2 415
60 7 0 411
60 7 1 364
60 7 2 426
60 8 0 462
60 8 1 437
60 8 2 440
60 9 0 466
60 9 1 420
60 9 2 441
80 0 0 813
80 0 1 792
80 0 2 794
80 1 0 774
80 1 1 767
80 1 2 795
80 2 0 784
80 2 1 763
80 2 2 801
80 3 0 788
80 3 1 778
80 3 2 798
80 4 0 776
80 4 1 796
80 4 2 766
80 5 0 768
80 5 1 766
80 5 2 811
80 6 0 788
80 6 1 742
80 6 2 792
80 7 0 778
80 7 1 776
80 7 2 790
80 8 0 774
80 8 1 793
80 8 2 775
80 9 0 802
80 9 1 832
80 9 2 775
100 0 0 1149
100 0 1 1238
100 0 2 1268
100 1 0 1225
100 1 1 1246
100 1 2 1242
100 2 0 1169
100 2 1 1232
100 2 2 1176
100 3 0 1258
100 3 1 1220
100 3 2 1237
100 4 0 1258
100 4 1 1269
100 4 2 1241
100 5 0 1249
100 5 1 1245
100 5 2 1280
100 6 0 1222
100 6 1 1202
100 6 2 1293
100 7 0 1175
100 7 1 1207
100 7 2 1226
100 8 0 1244
100 8 1 1270
100 8 2 1250
100 9 0 1199
100 9 1 1272
100 9 2 1185
60 0 3 438
60 0 4 442
60 0 5 425
60 0 6 450
60 0 7 469
60 0 8 455
60 0 9 433
60 0 10 364
60 1 3 427
60 1 4 457
60 1 5 454
60 1 6 395
60 1 7 438
60 1 8 440
60 1 9 428
60 1 10 425
60 2 3 453
60 2 4 451
60 2 5 446
60 2 6 434
60 2 7 441
60 2 8 457
60 2 9 442
60 2 10 444
60 3 3 434
60 3 4 400
60 3 5 388
60 3 6 452
60 3 7 440
60 3 8 442
60 3 9 447
60 3 10 453
60 4 3 396
60 4 4 461
60 4 5 440
60 4 6 443
60 4 7 434
60 4 8 423
60 4 9 392
60 4 10 451
60 5 3 429
60 5 4 440
60 5 5 406
60 5 6 442
60 5 7 461
60 5 8 429
60 5 9 458
60 5 10 442
60 6 3 419
60 6 4 434
60 6 5 449
60 6 6 444
60 6 7 406
60 6 8 444
60 6 9 449
60 6 10 426
60 7 3 378
60 7 4 425
60 7 5 449
60 7 6 451
60 7 7 453
60 7 8 370
60 7 9 433
60 7 10 450
60 8 3 426
60 8 4 445
60 8 5 432
60 8 6 447
60 8 7 399
60 8 8 425
60 8 9 441
60 8 10 455
60 9 3 458
60 9 4 464
60 9 5 443
60 9 6 446
60 9 7 455
60 9 8 452
60 9 9 439
60 9 10 436
80 0 3 763
80 0 4 755
80 0 5 814
80 0 6 792
80 0 7 769
80 0 8 801
80 0 9 797
80 0 10 807
80 1 3 797
80 1 4 788
80 1 5 737
80 1 6 733
80 1 7 795
80 1 8 734
80 1 9 772
80 1 10 714
80 2 3 785
80 2 4 775
80 2 5 740
80 2 6 803
80 2 7 808
80 2 8 779
80 2 9 799
80 2 10 775
80 3 3 799
80 3 4 770
80 3 5 808
80 3 6 767
80 3 7 771
80 3 8 765
80 3 9 772
80 3 10 792
80 4 3 763
80 4 4 765
80 4 5 743
80 4 6 796
80 4 7 698
80 4 8 720
80 4 9 610
80 4 10 763
80 5 3 824
80 5 4 780
80 5 5 781
80 5 6 791
80 5 7 777
80 5 8 796
80 5 9 798
80 5 10 739
80 6 3 759
80 6 4 793
80 6 5 798
80 6 6 794
80 6 7 770
80 6 8 798
80 6 9 773
80 6 10 805
80 7 3 779
80 7 4 805
80 7 5 797
80 7 6 815
80 7 7 807
80 7 8 778
80 7 9 809
80 7 10 796
80 8 3 769
80 8 4 798
80 8 5 792
80 8 6 801
80 8 7 785
80 8 8 800
80 8 9 783
80 8 10 786
80 9 3 811
80 9 4 808
80 9 5 780
80 9 6 802
80 9 7 766
80 9 8 773
80 9 9 763
80 9 10 788
100 0 3 1240
100 0 4 1264
100 0 5 1241
100 0 6 1213
100 0 7 1191
100 0 8 1244
100 0 9 1225
100 0 10 1247
100 1 3 1197
100 1 4 1231
100 1 5 1242
100 1 6 1244
100 1 7 1226
100 1 8 1185
100 1 9 1222
100 1 10 1228
100 2 3 1217
100 2 4 1211
100 2 5 1242
100 2 6 1149
100 2 7 1188
100 2 8 1232
100 2 9 1250
100 2 10 1193
100 3 3 1242
100 3 4 1219
100 3 5 1232
100 3 6 1248
100 3 7 1263
100 3 8 1241
100 3 9 1272
100 3 10 1234
100 4 3 1202
100 4 4 1272
100 4 5 1243
100 4 6 1219
100 4 7 1235
100 4 8 1266
100 4 9 1202
100 4 10 1218
100 5 3 1238
100 5 4 1245
100 5 5 1232
100 5 6 1254
100 5 7 1229
100 5 8 1232
100 5 9 1209
100 5 10 1191
100 6 3 1138
100 6 4 1220
100 6 5 1249
100 6 6 1229
100 6 7 1201
100 6 8 1233
100 6 9 1265
100 6 10 1225
100 7 3 1219
100 7 4 1170
100 7 5 1228
100 7 6 1230
100 7 7 1243
100 7 8 1227
100 7 9 1255
100 7 10 1226
100 8 3 1221
100 8 4 1235
100 8 5 1256
100 8 6 1268
100 8 7 1246
100 8 8 1242
100 8 9 1244
100 8 10 1255
100 9 3 1208
100 9 4 1256
100 9 5 1254
100 9 6 1197
100 9 7 1268
100 9 8 1229
100 9 9 1250
100 9 10 1099
