60 0 0 452
60 0 1 433
60 0 2 439
60 1 0 434
60 1 1 409
60 1 2 435
60 2 0 410
60 2 1 443
60 2 2 449
60 3 0 445
60 3 1 456
60 3 2 374
60 4 0 344
60 4 1 443
60 4 2 457
60 5 0 414
60 5 1 400
60 5 2 449
60 6 0 437
60 6 1 472
60 6 2 427
60 7 0 466
60 7 1 424
60 7 2 425
60 8 0 432
60 8 1 449
60 8 2 452
60 9 0 442
60 9 1 415
60 9 2 392
80 0 0 741
80 0 1 802
80 0 2 713
80 1 0 728
80 1 1 756
80 1 2 727
80 2 0 816
80 2 1 807
80 2 2 791
80 3 0 753
80 3 1 784
80 3 2 802
80 4 0 774
80 4 1 786
80 4 2 729
80 5 0 821
80 5 1 812
80 5 2 784
80 6 0 795
80 6 1 829
80 6 2 753
80 7 0 696
80 7 1 778
80 7 2 791
80 8 0 724
80 8 1 788
80 8 2 768
80 9 0 769
80 9 1 800
80 9 2 734
100 0 0 1213
100 0 1 1166
100 0 2 1258
100 1 0 1245
100 1 1 1239
100 1 2 1227
100 2 0 1147
100 2 1 1171
100 2 2 1182
100 3 0 1243
100 3 1 929
100 3 2 1264
100 4 0 1248
100 4 1 1239
100 4 2 1248
100 5 0 1273
100 5 1 1234
100 5 2 1229
100 6 0 1250
100 6 1 1226
100 6 2 1216
100 7 0 1187
100 7 1 1240
100 7 2 1256
100 8 0 1177
100 8 1 1172
100 8 2 1211
100 9 0 1186
100 9 1 1232
100 9 2 1287
60 0 3 389
60 0 4 421
60 0 5 435
60 0 6 378
60 0 7 441
60 0 8 444
60 0 9 392
60 0 10 391
60 1 3 457
60 1 4 456
60 1 5 428
60 1 6 433
60 1 7 423
60 1 8 328
60 1 9 381
60 1 10 456
60 2 3 444
60 2 4 409
60 2 5 393
60 2 6 439
60 2 7 425
60 2 8 309
60 2 9 447
60 2 10 450
60 3 3 441
60 3 4 388
60 3 5 445
60 3 6 412
60 3 7 438
60 3 8 447
60 3 9 448
60 3 10 417
60 4 3 419
60 4 4 379
60 4 5 446
60 4 6 451
60 4 7 423
60 4 8 448
60 4 9 436
60 4 10 427
60 5 3 449
60 5 4 410
60 5 5 465
60 5 6 455
60 5 7 438
60 5 8 435
60 5 9 441
60 5 10 449
60 6 3 349
60 6 4 444
60 6 5 421
60 6 6 449
60 6 7 452
60 6 8 461
60 6 9 390
60 6 10 407
60 7 3 414
60 7 4 459
60 7 5 437
60 7 6 433
60 7 7 440
60 7 8 447
60 7 9 445
60 7 10 455
60 8 3 432
60 8 4 423
60 8 5 440
60 8 6 441
60 8 7 424
60 8 8 405
60 8 9 446
60 8 10 436
60 9 3 452
60 9 4 446
60 9 5 435
60 9 6 446
60 9 7 434
60 9 8 450
60 9 9 424
60 9 10 423
80 0 3 793
80 0 4 782
80 0 5 821
80 0 6 721
80 0 7 812
80 0 8 777
80 0 9 787
80 0 10 774
80 1 3 793
80 1 4 771
80 1 5 804
80 1 6 754
80 1 7 773
80 1 8 815
80 1 9 778
80 1 10 804
80 2 3 777
80 2 4 792
80 2 5 801
80 2 6 806
80 2 7 777
80 2 8 806
80 2 9 785
80 2 10 755
80 3 3 775
80 3 4 773
80 3 5 811
80 3 6 795
80 3 7 801
80 3 8 791
80 3 9 803
80 3 10 814
80 4 3 786
80 4 4 833
80 4 5 801
80 4 6 728
80 4 7 812
80 4 8 731
80 4 9 801
80 4 10 802
80 5 3 788
80 5 4 799
80 5 5 778
80 5 6 763
80 5 7 764
80 5 8 789
80 5 9 799
80 5 10 760
80 6 3 757
80 6 4 758
80 6 5 784
80 6 6 787
80 6 7 788
80 6 8 781
80 6 9 811
80 6 10 753
80 7 3 764
80 7 4 815
80 7 5 777
80 7 6 654
80 7 7 740
80 7 8 717
80 7 9 787
80 7 10 815
80 8 3 771
80 8 4 789
80 8 5 762
80 8 6 798
80 8 7 768
80 8 8 766
80 8 9 767
80 8 10 811
80 9 3 766
80 9 4 798
80 9 5 807
80 9 6 714
80 9 7 812
80 9 8 737
80 9 9 758
80 9 10 708
100 0 3 1225
100 0 4 1230
100 0 5 1209
100 0 6 1242
100 0 7 1245
100 0 8 1019
100 0 9 1077
100 0 10 1251
100 1 3 1219
100 1 4 1245
100 1 5 1192
100 1 6 1210
100 1 7 1243
100 1 8 1226
100 1 9 1205
100 1 10 1185
100 2 3 1262
100 2 4 1230
100 2 5 1231
100 2 6 1215
100 2 7 1212
100 2 8 1199
100 2 9 1187
100 2 10 1230
100 3 3 1263
100 3 4 1189
100 3 5 1220
100 3 6 1239
100 3 7 1135
100 3 8 1110
100 3 9 1221
100 3 10 1269
100 4 3 1241
100 4 4 1255
100 4 5 1228
100 4 6 1255
100 4 7 1202
100 4 8 1176
100 4 9 1238
100 4 10 1175
100 5 3 1217
100 5 4 1038
100 5 5 1238
100 5 6 1222
100 5 7 1248
100 5 8 1152
100 5 9 1229
100 5 10 1069
100 6 3 1219
100 6 4 1207
100 6 5 1242
100 6 6 1263
100 6 7 1194
100 6 8 1232
100 6 9 1257
100 6 10 1230
100 7 3 1206
100 7 4 1287
100 7 5 1227
100 7 6 1225
100 7 7 1197
100 7 8 1160
100 7 9 1253
100 7 10 1259
100 8 3 1215
100 8 4 1225
100 8 5 1241
100 8 6 1244
100 8 7 1255
100 8 8 1214
100 8 9 1201
100 8 10 1212
100 9 3 1229
100 9 4 1199
100 9 5 1230
100 9 6 1183
100 9 7 1232
100 9 8 1256
100 9 9 1228
100 9 10 1080
