60 0 0 439
60 0 1 430
60 0 2 438
60 1 0 445
60 1 1 429
60 1 2 430
60 2 0 444
60 2 1 444
60 2 2 405
60 3 0 447
60 3 1 434
60 3 2 454
60 4 0 443
60 4 1 400
60 4 2 424
60 5 0 441
60 5 1 448
60 5 2 447
60 6 0 408
60 6 1 445
60 6 2 433
60 7 0 390
60 7 1 459
60 7 2 406
60 8 0 408
60 8 1 434
60 8 2 459
60 9 0 436
60 9 1 435
60 9 2 429
80 0 0 780
80 0 1 743
80 0 2 779
80 1 0 789
80 1 1 780
80 1 2 794
80 2 0 801
80 2 1 787
80 2 2 726
80 3 0 651
80 3 1 745
80 3 2 790
80 4 0 806
80 4 1 788
80 4 2 818
80 5 0 798
80 5 1 798
80 5 2 811
80 6 0 782
80 6 1 791
80 6 2 762
80 7 0 773
80 7 1 733
80 7 2 783
80 8 0 797
80 8 1 780
80 8 2 741
80 9 0 792
80 9 1 778
80 9 2 795
100 0 0 1252
100 0 1 1270
100 0 2 1280
100 1 0 1211
100 1 1 1188
100 1 2 1159
100 2 0 1233
100 2 1 1178
100 2 2 1246
100 3 0 1219
100 3 1 1195
100 3 2 1188
100 4 0 1153
100 4 1 1223
100 4 2 1236
100 5 0 1212
100 5 1 1199
100 5 2 1234
100 6 0 1219
100 6 1 1149
100 6 2 1258
100 7 0 1226
100 7 1 1248
100 7 2 1223
100 8 0 1208
100 8 1 1225
100 8 2 1209
100 9 0 1208
100 9 1 1247
100 9 2 1247
60 0 3 427
60 0 4 426
60 0 5 439
60 0 6 417
60 0 7 455
60 0 8 375
60 0 9 418
60 0 10 418
60 1 3 452
60 1 4 438
60 1 5 457
60 1 6 432
60 1 7 336
60 1 8 434
60 1 9 428
60 1 10 451
60 2 3 433
60 2 4 424
60 2 5 420
60 2 6 451
60 2 7 440
60 2 8 448
60 2 9 437
60 2 10 432
60 3 3 461
60 3 4 432
60 3 5 390
60 3 6 460
60 3 7 449
60 3 8 438
60 3 9 419
60 3 10 432
60 4 3 418
60 4 4 447
60 4 5 441
60 4 6 447
60 4 7 434
60 4 8 447
60 4 9 450
60 4 10 445
60 5 3 439
60 5 4 415
60 5 5 453
60 5 6 397
60 5 7 445
60 5 8 427
60 5 9 431
60 5 10 446
60 6 3 388
60 6 4 441
60 6 5 443
60 6 6 457
60 6 7 454
60 6 8 444
60 6 9 462
60 6 10 443
60 7 3 445
60 7 4 448
60 7 5 429
60 7 6 414
60 7 7 433
60 7 8 432
60 7 9 449
60 7 10 426
60 8 3 407
60 8 4 397
60 8 5 394
60 8 6 431
60 8 7 287
60 8 8 453
60 8 9 433
60 8 10 430
60 9 3 427
60 9 4 445
60 9 5 403
60 9 6 443
60 9 7 456
60 9 8 426
60 9 9 439
60 9 10 432
80 0 3 797
80 0 4 780
80 0 5 811
80 0 6 786
80 0 7 740
80 0 8 749
80 0 9 785
80 0 10 805
80 1 3 781
80 1 4 692
80 1 5 798
80 1 6 771
80 1 7 779
80 1 8 795
80 1 9 776
80 1 10 790
80 2 3 772
80 2 4 784
80 2 5 761
80 2 6 796
80 2 7 764
80 2 8 811
80 2 9 776
80 2 10 701
80 3 3 753
80 3 4 786
80 3 5 835
80 3 6 798
80 3 7 781
80 3 8 813
80 3 9 806
80 3 10 793
80 4 3 662
80 4 4 747
80 4 5 752
80 4 6 719
80 4 7 800
80 4 8 744
80 4 9 801
80 4 10 765
80 5 3 807
80 5 4 795
80 5 5 729
80 5 6 785
80 5 7 813
80 5 8 798
80 5 9 798
80 5 10 765
80 6 3 779
80 6 4 787
80 6 5 786
80 6 6 764
80 6 7 793
80 6 8 808
80 6 9 741
80 6 10 799
80 7 3 782
80 7 4 786
80 7 5 777
80 7 6 740
80 7 7 788
80 7 8 796
80 7 9 732
80 7 10 809
80 8 3 762
80 8 4 693
80 8 5 788
80 8 6 774
80 8 7 595
80 8 8 769
80 8 9 769
80 8 10 791
80 9 3 794
80 9 4 761
80 9 5 753
80 9 6 756
80 9 7 737
80 9 8 771
80 9 9 739
80 9 10 795
100 0 3 1215
100 0 4 1241
100 0 5 1236
100 0 6 1182
100 0 7 1230
100 0 8 1219
100 0 9 1219
100 0 10 1250
100 1 3 1247
100 1 4 1262
100 1 5 1249
100 1 6 1178
100 1 7 1246
100 1 8 1208
100 1 9 1240
100 1 10 1244
100 2 3 1144
100 2 4 1244
100 2 5 1171
100 2 6 1241
100 2 7 1231
100 2 8 1247
100 2 9 1221
100 2 10 1265
100 3 3 1267
100 3 4 1259
100 3 5 1184
100 3 6 1195
100 3 7 1237
100 3 8 1227
100 3 9 1231
100 3 10 1223
100 4 3 1187
100 4 4 1251
100 4 5 1264
100 4 6 1238
100 4 7 1240
100 4 8 1212
100 4 9 1189
100 4 10 1238
100 5 3 1213
100 5 4 1267
100 5 5 1254
100 5 6 1258
100 5 7 1252
100 5 8 1260
100 5 9 1290
100 5 10 1193
100 6 3 1210
100 6 4 1227
100 6 5 1215
100 6 6 1234
100 6 7 1139
100 6 8 1237
100 6 9 1253
100 6 10 1206
100 7 3 1212
100 7 4 1185
100 7 5 1215
100 7 6 1121
100 7 7 1182
100 7 8 1179
100 7 9 1210
100 7 10 1237
100 8 3 1160
100 8 4 1156
100 8 5 1215
100 8 6 1177
100 8 7 1187
100 8 8 1231
100 8 9 1245
100 8 10 1220
100 9 3 1215
100 9 4 1163
100 9 5 1247
100 9 6 1125
100 9 7 1213
100 9 8 1248
100 9 9 1227
100 9 10 1247
