60 0 0 371
60 0 1 432
60 0 2 442
60 1 0 453
60 1 1 415
60 1 2 435
60 2 0 445
60 2 1 433
60 2 2 443
60 3 0 412
60 3 1 440
60 3 2 435
60 4 0 447
60 4 1 434
60 4 2 442
60 5 0 393
60 5 1 448
60 5 2 438
60 6 0 451
60 6 1 442
60 6 2 425
60 7 0 465
60 7 1 440
60 7 2 442
60 8 0 437
60 8 1 444
60 8 2 402
60 9 0 429
60 9 1 410
60 9 2 449
80 0 0 813
80 0 1 784
80 0 2 780
80 1 0 783
80 1 1 778
80 1 2 744
80 2 0 779
80 2 1 803
80 2 2 795
80 3 0 760
80 3 1 791
80 3 2 766
80 4 0 769
80 4 1 790
80 4 2 793
80 5 0 780
80 5 1 763
80 5 2 806
80 6 0 776
80 6 1 782
80 6 2 763
80 7 0 759
80 7 1 697
80 7 2 806
80 8 0 748
80 8 1 824
80 8 2 791
80 9 0 781
80 9 1 780
80 9 2 773
100 0 0 1247
100 0 1 1249
100 0 2 1210
100 1 0 1245
100 1 1 1182
100 1 2 1253
100 2 0 1201
100 2 1 1208
100 2 2 1257
100 3 0 1225
100 3 1 1216
100 3 2 1218
100 4 0 1248
100 4 1 1224
100 4 2 1203
100 5 0 1252
100 5 1 1231
100 5 2 1200
100 6 0 1226
100 6 1 1223
100 6 2 1206
100 7 0 1259
100 7 1 1249
100 7 2 1213
100 8 0 1236
100 8 1 1207
100 8 2 1259
100 9 0 1218
100 9 1 1241
100 9 2 1216
60 0 3 451
60 0 4 404
60 0 5 451
60 0 6 450
60 0 7 422
60 0 8 446
60 0 9 442
60 0 10 438
60 1 3 439
60 1 4 347
60 1 5 422
60 1 6 431
60 1 7 434
60 1 8 465
60 1 9 448
60 1 10 454
60 2 3 377
60 2 4 417
60 2 5 455
60 2 6 431
60 2 7 454
60 2 8 439
60 2 9 440
60 2 10 425
60 3 3 422
60 3 4 434
60 3 5 437
60 3 6 449
60 3 7 420
60 3 8 449
60 3 9 459
60 3 10 442
60 4 3 433
60 4 4 396
60 4 5 433
60 4 6 450
60 4 7 420
60 4 8 411
60 4 9 423
60 4 10 450
60 5 3 442
60 5 4 441
60 5 5 447
60 5 6 423
60 5 7 445
60 5 8 457
60 5 9 447
60 5 10 423
60 6 3 446
60 6 4 419
60 6 5 418
60 6 6 425
60 6 7 418
60 6 8 423
60 6 9 423
60 6 10 448
60 7 3 446
60 7 4 445
60 7 5 431
60 7 6 408
60 7 7 398
60 7 8 410
60 7 9 433
60 7 10 437
60 8 3 442
60 8 4 439
60 8 5 405
60 8 6 446
60 8 7 446
60 8 8 436
60 8 9 456
60 8 10 438
60 9 3 439
60 9 4 426
60 9 5 436
60 9 6 445
60 9 7 455
60 9 8 448
60 9 9 440
60 9 10 454
80 0 3 770
80 0 4 782
80 0 5 794
80 0 6 817
80 0 7 786
80 0 8 785
80 0 9 772
80 0 10 802
80 1 3 811
80 1 4 775
80 1 5 783
80 1 6 778
80 1 7 807
80 1 8 767
80 1 9 799
80 1 10 795
80 2 3 701
80 2 4 808
80 2 5 797
80 2 6 796
80 2 7 787
80 2 8 822
80 2 9 770
80 2 10 782
80 3 3 772
80 3 4 697
80 3 5 807
80 3 6 797
80 3 7 815
80 3 8 685
80 3 9 778
80 3 10 780
80 4 3 786
80 4 4 765
80 4 5 765
80 4 6 774
80 4 7 797
80 4 8 768
80 4 9 784
80 4 10 801
80 5 3 626
80 5 4 800
80 5 5 738
80 5 6 770
80 5 7 791
80 5 8 726
80 5 9 807
80 5 10 795
80 6 3 830
80 6 4 776
80 6 5 798
80 6 6 763
80 6 7 817
80 6 8 777
80 6 9 794
80 6 10 785
80 7 3 808
80 7 4 737
80 7 5 727
80 7 6 792
80 7 7 785
80 7 8 761
80 7 9 793
80 7 10 783
80 8 3 791
80 8 4 804
80 8 5 806
80 8 6 777
80 8 7 783
80 8 8 783
80 8 9 764
80 8 10 663
80 9 3 789
80 9 4 815
80 9 5 688
80 9 6 778
80 9 7 784
80 9 8 770
80 9 9 751
80 9 10 775
100 0 3 1244
100 0 4 1104
100 0 5 1240
100 0 6 1233
100 0 7 1172
100 0 8 1238
100 0 9 1255
100 0 10 1163
100 1 3 1246
100 1 4 1277
100 1 5 1253
100 1 6 1223
100 1 7 1150
100 1 8 1228
100 1 9 1211
100 1 10 1249
100 2 3 1222
100 2 4 1261
100 2 5 1219
100 2 6 1180
100 2 7 1217
100 2 8 1212
100 2 9 1263
100 2 10 1272
100 3 3 1232
100 3 4 1238
100 3 5 1207
100 3 6 1236
100 3 7 1236
100 3 8 1250
100 3 9 1220
100 3 10 1241
100 4 3 1169
100 4 4 1271
100 4 5 1214
100 4 6 1237
100 4 7 1249
100 4 8 1256
100 4 9 1196
100 4 10 1178
100 5 3 1245
100 5 4 1254
100 5 5 1179
100 5 6 1250
100 5 7 1229
100 5 8 1259
100 5 9 1256
100 5 10 1254
100 6 3 1221
100 6 4 1234
100 6 5 1243
100 6 6 1182
100 6 7 1219
100 6 8 1219
100 6 9 1235
100 6 10 1209
100 7 3 1268
100 7 4 1204
100 7 5 1168
100 7 6 1244
100 7 7 1254
100 7 8 1161
100 7 9 1238
100 7 10 1239
100 8 3 1246
100 8 4 1239
100 8 5 1211
100 8 6 1235
100 8 7 1258
100 8 8 1258
100 8 9 1136
100 8 10 1213
100 9 3 1201
100 9 4 1257
100 9 5 1198
100 9 6 1226
100 9 7 1237
100 9 8 1220
100 9 9 1279
100 9 10 1249
