60 0 0 400
60 0 1 412
60 0 2 452
60 1 0 436
60 1 1 435
60 1 2 431
60 2 0 410
60 2 1 439
60 2 2 430
60 3 0 377
60 3 1 443
60 3 2 357
60 4 0 415
60 4 1 442
60 4 2 380
60 5 0 416
60 5 1 417
60 5 2 437
60 6 0 454
60 6 1 432
60 6 2 421
60 7 0 438
60 7 1 466
60 7 2 385
60 8 0 430
60 8 1 450
60 8 2 458
60 9 0 441
60 9 1 440
60 9 2 419
80 0 0 768
80 0 1 733
80 0 2 716
80 1 0 745
80 1 1 794
80 1 2 779
80 2 0 785
80 2 1 805
80 2 2 813
80 3 0 793
80 3 1 727
80 3 2 759
80 4 0 789
80 4 1 758
80 4 2 754
80 5 0 786
80 5 1 793
80 5 2 806
80 6 0 771
80 6 1 752
80 6 2 788
80 7 0 798
80 7 1 792
80 7 2 775
80 8 0 708
80 8 1 788
80 8 2 772
80 9 0 755
80 9 1 794
80 9 2 778
100 0 0 1209
100 0 1 1206
100 0 2 1197
100 1 0 1194
100 1 1 1225
100 1 2 1190
100 2 0 1260
100 2 1 1241
100 2 2 1244
100 3 0 1251
100 3 1 1248
100 3 2 1204
100 4 0 1232
100 4 1 1210
100 4 2 1213
100 5 0 1177
100 5 1 1242
100 5 2 1223
100 6 0 1239
100 6 1 1221
100 6 2 1240
100 7 0 1247
100 7 1 1254
100 7 2 1013
100 8 0 1244
100 8 1 1259
100 8 2 1142
100 9 0 1236
100 9 1 1223
100 9 2 1233
60 0 3 437
60 0 4 297
60 0 5 428
60 0 6 458
60 0 7 454
60 0 8 462
60 0 9 441
60 0 10 433
60 1 3 428
60 1 4 423
60 1 5 438
60 1 6 448
60 1 7 441
60 1 8 440
60 1 9 418
60 1 10 417
60 2 3 444
60 2 4 444
60 2 5 423
60 2 6 439
60 2 7 430
60 2 8 449
60 2 9 438
60 2 10 422
60 3 3 428
60 3 4 453
60 3 5 429
60 3 6 410
60 3 7 442
60 3 8 430
60 3 9 468
60 3 10 451
60 4 3 441
60 4 4 325
60 4 5 454
60 4 6 431
60 4 7 426
60 4 8 432
60 4 9 415
60 4 10 419
60 5 3 436
60 5 4 463
60 5 5 442
60 5 6 330
60 5 7 430
60 5 8 452
60 5 9 457
60 5 10 430
60 6 3 414
60 6 4 444
60 6 5 442
60 6 6 323
60 6 7 447
60 6 8 431
60 6 9 430
60 6 10 395
60 7 3 451
60 7 4 430
60 7 5 441
60 7 6 355
60 7 7 451
60 7 8 418
60 7 9 471
60 7 10 436
60 8 3 447
60 8 4 431
60 8 5 431
60 8 6 403
60 8 7 393
60 8 8 412
60 8 9 383
60 8 10 475
60 9 3 417
60 9 4 417
60 9 5 461
60 9 6 390
60 9 7 433
60 9 8 376
60 9 9 441
60 9 10 449
80 0 3 766
80 0 4 680
80 0 5 783
80 0 6 777
80 0 7 793
80 0 8 797
80 0 9 767
80 0 10 779
80 1 3 776
80 1 4 815
80 1 5 782
80 1 6 814
80 1 7 670
80 1 8 669
80 1 9 626
80 1 10 765
80 2 3 747
80 2 4 781
80 2 5 773
80 2 6 783
80 2 7 755
80 2 8 787
80 2 9 735
80 2 10 797
80 3 3 806
80 3 4 788
80 3 5 789
80 3 6 816
80 3 7 805
80 3 8 801
80 3 9 756
80 3 10 787
80 4 3 764
80 4 4 791
80 4 5 778
80 4 6 744
80 4 7 815
80 4 8 783
80 4 9 786
80 4 10 729
80 5 3 751
80 5 4 798
80 5 5 791
80 5 6 789
80 5 7 701
80 5 8 768
80 5 9 804
80 5 10 787
80 6 3 798
80 6 4 802
80 6 5 771
80 6 6 663
80 6 7 803
80 6 8 763
80 6 9 769
80 6 10 768
80 7 3 785
80 7 4 784
80 7 5 804
80 7 6 801
80 7 7 743
80 7 8 703
80 7 9 798
80 7 10 818
80 8 3 723
80 8 4 787
80 8 5 777
80 8 6 768
80 8 7 780
80 8 8 808
80 8 9 765
80 8 10 780
80 9 3 788
80 9 4 687
80 9 5 779
80 9 6 780
80 9 7 805
80 9 8 772
80 9 9 796
80 9 10 763
100 0 3 1212
100 0 4 1221
100 0 5 1214
100 0 6 1196
100 0 7 1217
100 0 8 1241
100 0 9 1197
100 0 10 1223
100 1 3 1243
100 1 4 1205
100 1 5 1217
100 1 6 1229
100 1 7 1191
100 1 8 1225
100 1 9 1217
100 1 10 1263
100 2 3 1234
100 2 4 1233
100 2 5 1234
100 2 6 1236
100 2 7 1215
100 2 8 1232
100 2 9 1172
100 2 10 1129
100 3 3 1214
100 3 4 1233
100 3 5 1229
100 3 6 1140
100 3 7 1227
100 3 8 1205
100 3 9 1125
100 3 10 1174
100 4 3 1192
100 4 4 1221
100 4 5 1208
100 4 6 1229
100 4 7 1199
100 4 8 1245
100 4 9 1234
100 4 10 1196
100 5 3 1210
100 5 4 1150
100 5 5 1260
100 5 6 1241
100 5 7 1198
100 5 8 1243
100 5 9 1157
100 5 10 1223
100 6 3 1105
100 6 4 1245
100 6 5 1073
100 6 6 1279
100 6 7 1256
100 6 8 1256
100 6 9 1220
100 6 10 1231
100 7 3 1213
100 7 4 1216
100 7 5 1242
100 7 6 1212
100 7 7 1257
100 7 8 1253
100 7 9 1215
100 7 10 1245
100 8 3 1173
100 8 4 1218
100 8 5 1246
100 8 6 1180
100 8 7 1210
100 8 8 1222
100 8 9 1224
100 8 10 1136
100 9 3 1232
100 9 4 1066
100 9 5 1055
100 9 6 1244
100 9 7 1242
100 9 8 1256
100 9 9 1182
100 9 10 1248
