60 0 0 461
60 0 1 415
60 0 2 421
60 1 0 411
60 1 1 432
60 1 2 414
60 2 0 409
60 2 1 427
60 2 2 443
60 3 0 427
60 3 1 425
60 3 2 436
60 4 0 444
60 4 1 438
60 4 2 351
60 5 0 429
60 5 1 467
60 5 2 427
60 6 0 438
60 6 1 393
60 6 2 449
60 7 0 428
60 7 1 397
60 7 2 437
60 8 0 416
60 8 1 441
60 8 2 403
60 9 0 424
60 9 1 446
60 9 2 424
80 0 0 729
80 0 1 764
80 0 2 711
80 1 0 706
80 1 1 747
80 1 2 787
80 2 0 731
80 2 1 785
80 2 2 774
80 3 0 751
80 3 1 795
80 3 2 780
80 4 0 813
80 4 1 712
80 4 2 774
80 5 0 785
80 5 1 769
80 5 2 780
80 6 0 769
80 6 1 746
80 6 2 803
80 7 0 777
80 7 1 778
80 7 2 736
80 8 0 779
80 8 1 800
80 8 2 672
80 9 0 765
80 9 1 679
80 9 2 771
100 0 0 1275
100 0 1 1249
100 0 2 1217
100 1 0 1200
100 1 1 1238
100 1 2 1132
100 2 0 1241
100 2 1 1261
100 2 2 1222
100 3 0 1241
100 3 1 1019
100 3 2 1218
100 4 0 1198
100 4 1 1239
100 4 2 1220
100 5 0 1204
100 5 1 1238
100 5 2 1134
100 6 0 1006
100 6 1 1203
100 6 2 1099
100 7 0 1272
100 7 1 1223
100 7 2 1071
100 8 0 1184
100 8 1 1252
100 8 2 1216
100 9 0 911
100 9 1 1223
100 9 2 1250
60 0 3 339
60 0 4 439
60 0 5 418
60 0 6 409
60 0 7 448
60 0 8 439
60 0 9 439
60 0 10 460
60 1 3 392
60 1 4 443
60 1 5 434
60 1 6 448
60 1 7 402
60 1 8 455
60 1 9 372
60 1 10 452
60 2 3 426
60 2 4 449
60 2 5 431
60 2 6 432
60 2 7 438
60 2 8 426
60 2 9 445
60 2 10 429
60 3 3 368
60 3 4 324
60 3 5 444
60 3 6 451
60 3 7 459
60 3 8 454
60 3 9 447
60 3 10 375
60 4 3 446
60 4 4 404
60 4 5 423
60 4 6 382
60 4 7 433
60 4 8 439
60 4 9 417
60 4 10 332
60 5 3 421
60 5 4 325
60 5 5 449
60 5 6 435
60 5 7 353
60 5 8 424
60 5 9 412
60 5 10 434
60 6 3 318
60 6 4 445
60 6 5 246
60 6 6 423
60 6 7 443
60 6 8 431
60 6 9 446
60 6 10 404
60 7 3 441
60 7 4 419
60 7 5 359
60 7 6 424
60 7 7 412
60 7 8 436
60 7 9 454
60 7 10 422
60 8 3 442
60 8 4 428
60 8 5 429
60 8 6 332
60 8 7 433
60 8 8 352
60 8 9 405
60 8 10 440
60 9 3 435
60 9 4 423
60 9 5 424
60 9 6 456
60 9 7 440
60 9 8 432
60 9 9 436
60 9 10 444
80 0 3 800
80 0 4 715
80 0 5 785
80 0 6 681
80 0 7 778
80 0 8 741
80 0 9 791
80 0 10 779
80 1 3 787
80 1 4 642
80 1 5 786
80 1 6 804
80 1 7 749
80 1 8 780
80 1 9 751
80 1 10 781
80 2 3 775
80 2 4 789
80 2 5 782
80 2 6 783
80 2 7 714
80 2 8 816
80 2 9 753
80 2 10 785
80 3 3 767
80 3 4 785
80 3 5 733
80 3 6 785
80 3 7 775
80 3 8 764
80 3 9 788
80 3 10 794
80 4 3 804
80 4 4 748
80 4 5 792
80 4 6 768
80 4 7 764
80 4 8 792
80 4 9 793
80 4 10 795
80 5 3 763
80 5 4 750
80 5 5 755
80 5 6 780
80 5 7 777
80 5 8 783
80 5 9 804
80 5 10 760
80 6 3 780
80 6 4 808
80 6 5 752
80 6 6 752
80 6 7 739
80 6 8 763
80 6 9 713
80 6 10 763
80 7 3 771
80 7 4 600
80 7 5 778
80 7 6 709
80 7 7 774
80 7 8 777
80 7 9 719
80 7 10 778
80 8 3 807
80 8 4 698
80 8 5 785
80 8 6 771
80 8 7 770
80 8 8 736
80 8 9 817
80 8 10 698
80 9 3 710
80 9 4 749
80 9 5 779
80 9 6 750
80 9 7 794
80 9 8 758
80 9 9 785
80 9 10 817
100 0 3 1226
100 0 4 1224
100 0 5 1200
100 0 6 1135
100 0 7 1256
100 0 8 1191
100 0 9 1092
100 0 10 1028
100 1 3 1051
100 1 4 1188
100 1 5 1270
100 1 6 1159
100 1 7 1232
100 1 8 1223
100 1 9 1253
100 1 10 1260
100 2 3 1228
100 2 4 1213
100 2 5 1083
100 2 6 1232
100 2 7 1211
100 2 8 1221
100 2 9 1197
100 2 10 1231
100 3 3 1220
100 3 4 966
100 3 5 1220
100 3 6 1181
100 3 7 1041
100 3 8 1190
100 3 9 1253
100 3 10 1198
100 4 3 1180
100 4 4 1229
100 4 5 1154
100 4 6 1027
100 4 7 1242
100 4 8 1130
100 4 9 1249
100 4 10 1211
100 5 3 1206
100 5 4 1229
100 5 5 1246
100 5 6 1100
100 5 7 1210
100 5 8 1222
100 5 9 1241
100 5 10 1217
100 6 3 1236
100 6 4 1181
100 6 5 1221
100 6 6 1183
100 6 7 1213
100 6 8 1181
100 6 9 1253
100 6 10 1171
100 7 3 1202
100 7 4 1214
100 7 5 1215
100 7 6 1197
100 7 7 1207
100 7 8 1218
100 7 9 1212
100 7 10 1195
100 8 3 1240
100 8 4 1200
100 8 5 1231
100 8 6 1214
100 8 7 1234
100 8 8 1211
100 8 9 1237
100 8 10 1222
100 9 3 1242
100 9 4 1238
100 9 5 1231
100 9 6 1203
100 9 7 1225
100 9 8 1248
100 9 9 1224
100 9 10 1213
