60 0 0 428
60 0 1 444
60 0 2 406
60 1 0 426
60 1 1 454
60 1 2 363
60 2 0 461
60 2 1 435
60 2 2 452
60 3 0 409
60 3 1 445
60 3 2 409
60 4 0 396
60 4 1 449
60 4 2 449
60 5 0 467
60 5 1 399
60 5 2 430
60 6 0 430
60 6 1 417
60 6 2 408
60 7 0 399
60 7 1 442
60 7 2 440
60 8 0 430
60 8 1 443
60 8 2 406
60 9 0 443
60 9 1 449
60 9 2 449
80 0 0 806
80 0 1 751
80 0 2 785
80 1 0 802
80 1 1 765
80 1 2 814
80 2 0 787
80 2 1 793
80 2 2 786
80 3 0 757
80 3 1 821
80 3 2 790
80 4 0 813
80 4 1 798
80 4 2 767
80 5 0 798
80 5 1 803
80 5 2 813
80 6 0 789
80 6 1 774
80 6 2 749
80 7 0 792
80 7 1 721
80 7 2 769
80 8 0 771
80 8 1 787
80 8 2 812
80 9 0 795
80 9 1 769
80 9 2 799
100 0 0 1208
100 0 1 1173
100 0 2 1230
100 1 0 1243
100 1 1 1220
100 1 2 1198
100 2 0 1234
100 2 1 1233
100 2 2 1232
100 3 0 1225
100 3 1 1199
100 3 2 1240
100 4 0 1271
100 4 1 1235
100 4 2 1270
100 5 0 1249
100 5 1 1245
100 5 2 1257
100 6 0 1252
100 6 1 1255
100 6 2 1196
100 7 0 1193
100 7 1 1212
100 7 2 1212
100 8 0 1252
100 8 1 1274
100 8 2 1245
100 9 0 1254
100 9 1 1154
100 9 2 1222
60 0 3 450
60 0 4 446
60 0 5 395
60 0 6 459
60 0 7 446
60 0 8 432
60 0 9 443
60 0 10 446
60 1 3 436
60 1 4 458
60 1 5 435
60 1 6 438
60 1 7 408
60 1 8 425
60 1 9 428
60 1 10 459
60 2 3 441
60 2 4 453
60 2 5 467
60 2 6 448
60 2 7 436
60 2 8 451
60 2 9 454
60 2 10 443
60 3 3 427
60 3 4 433
60 3 5 424
60 3 6 411
60 3 7 462
60 3 8 441
60 3 9 414
60 3 10 444
60 4 3 426
60 4 4 416
60 4 5 442
60 4 6 454
60 4 7 446
60 4 8 427
60 4 9 438
60 4 10 400
60 5 3 438
60 5 4 445
60 5 5 421
60 5 6 463
60 5 7 465
60 5 8 440
60 5 9 430
60 5 10 421
60 6 3 438
60 6 4 445
60 6 5 444
60 6 6 438
60 6 7 377
60 6 8 420
60 6 9 431
60 6 10 443
60 7 3 443
60 7 4 443
60 7 5 423
60 7 6 442
60 7 7 454
60 7 8 385
60 7 9 395
60 7 10 445
60 8 3 457
60 8 4 420
60 8 5 455
60 8 6 439
60 8 7 449
60 8 8 430
60 8 9 440
60 8 10 437
60 9 3 441
60 9 4 442
60 9 5 438
60 9 6 447
60 9 7 449
60 9 8 446
60 9 9 403
60 9 10 438
80 0 3 782
80 0 4 811
80 0 5 790
80 0 6 793
80 0 7 791
80 0 8 775
80 0 9 810
80 0 10 771
80 1 3 761
80 1 4 772
80 1 5 817
80 1 6 775
80 1 7 803
80 1 8 788
80 1 9 802
80 1 10 813
80 2 3 773
80 2 4 799
80 2 5 775
80 2 6 773
80 2 7 817
80 2 8 772
80 2 9 804
80 2 10 785
80 3 3 786
80 3 4 813
80 3 5 801
80 3 6 794
80 3 7 789
80 3 8 804
80 3 9 812
80 3 10 805
80 4 3 783
80 4 4 790
80 4 5 822
80 4 6 785
80 4 7 769
80 4 8 789
80 4 9 806
80 4 10 809
80 5 3 818
80 5 4 800
80 5 5 781
80 5 6 788
80 5 7 786
80 5 8 784
80 5 9 766
80 5 10 790
80 6 3 794
80 6 4 770
80 6 5 784
80 6 6 764
80 6 7 800
80 6 8 789
80 6 9 806
80 6 10 809
80 7 3 760
80 7 4 785
80 7 5 809
80 7 6 793
80 7 7 674
80 7 8 781
80 7 9 782
80 7 10 808
80 8 3 820
80 8 4 781
80 8 5 745
80 8 6 798
80 8 7 595
80 8 8 764
80 8 9 801
80 8 10 795
80 9 3 770
80 9 4 716
80 9 5 823
80 9 6 772
80 9 7 802
80 9 8 790
80 9 9 806
80 9 10 787
100 0 3 1281
100 0 4 1206
100 0 5 1257
100 0 6 1232
100 0 7 1254
100 0 8 1223
100 0 9 1171
100 0 10 1232
100 1 3 1214
100 1 4 1148
100 1 5 1232
100 1 6 1188
100 1 7 1221
100 1 8 1183
100 1 9 1230
100 1 10 1230
100 2 3 1233
100 2 4 1237
100 2 5 1233
100 2 6 1171
100 2 7 1233
100 2 8 1215
100 2 9 1134
100 2 10 1233
100 3 3 1166
100 3 4 1240
100 3 5 1261
100 3 6 1221
100 3 7 1218
100 3 8 1236
100 3 9 1246
100 3 10 1249
100 4 3 1173
100 4 4 1206
100 4 5 1228
100 4 6 1228
100 4 7 1256
100 4 8 1238
100 4 9 1193
100 4 10 1234
100 5 3 1234
100 5 4 1235
100 5 5 1206
100 5 6 1201
100 5 7 1253
100 5 8 1232
100 5 9 1241
100 5 10 1178
100 6 3 1254
100 6 4 1178
100 6 5 1235
100 6 6 1237
100 6 7 1239
100 6 8 1276
100 6 9 1226
100 6 10 1225
100 7 3 1213
100 7 4 1241
100 7 5 1173
100 7 6 1216
100 7 7 1218
100 7 8 1209
100 7 9 1257
100 7 10 1243
100 8 3 1223
100 8 4 1255
100 8 5 1216
100 8 6 1159
100 8 7 1240
100 8 8 1201
100 8 9 1216
100 8 10 1247
100 9 3 1275
100 9 4 1082
100 9 5 1219
100 9 6 1174
100 9 7 1141
100 9 8 1131
100 9 9 1238
100 9 10 1223
