60 0 0 440
60 0 1 465
60 0 2 384
60 1 0 442
60 1 1 441
60 1 2 418
60 2 0 431
60 2 1 445
60 2 2 428
60 3 0 420
60 3 1 437
60 3 2 458
60 4 0 431
60 4 1 423
60 4 2 447
60 5 0 418
60 5 1 428
60 5 2 448
60 6 0 438
60 6 1 424
60 6 2 462
60 7 0 462
60 7 1 439
60 7 2 459
60 8 0 458
60 8 1 456
60 8 2 435
60 9 0 408
60 9 1 442
60 9 2 461
80 0 0 787
80 0 1 775
80 0 2 794
80 1 0 791
80 1 1 792
80 1 2 816
80 2 0 799
80 2 1 720
80 2 2 794
80 3 0 798
80 3 1 790
80 3 2 783
80 4 0 774
80 4 1 774
80 4 2 784
80 5 0 771
80 5 1 801
80 5 2 730
80 6 0 798
80 6 1 753
80 6 2 800
80 7 0 741
80 7 1 711
80 7 2 779
80 8 0 791
80 8 1 844
80 8 2 793
80 9 0 724
80 9 1 740
80 9 2 779
100 0 0 1235
100 0 1 1219
100 0 2 1225
100 1 0 1244
100 1 1 1254
100 1 2 1271
100 2 0 1236
100 2 1 1267
100 2 2 1179
100 3 0 1237
100 3 1 1231
100 3 2 1243
100 4 0 1244
100 4 1 1220
100 4 2 1235
100 5 0 1229
100 5 1 1219
100 5 2 1217
100 6 0 1224
100 6 1 1226
100 6 2 1254
100 7 0 1242
100 7 1 1191
100 7 2 1232
100 8 0 1252
100 8 1 1266
100 8 2 1203
100 9 0 1206
100 9 1 1217
100 9 2 1175
60 0 3 438
60 0 4 373
60 0 5 414
60 0 6 449
60 0 7 437
60 0 8 424
60 0 9 455
60 0 10 446
60 1 3 437
60 1 4 456
60 1 5 398
60 1 6 448
60 1 7 423
60 1 8 451
60 1 9 451
60 1 10 453
60 2 3 456
60 2 4 446
60 2 5 447
60 2 6 443
60 2 7 421
60 2 8 441
60 2 9 442
60 2 10 442
60 3 3 451
60 3 4 452
60 3 5 452
60 3 6 447
60 3 7 430
60 3 8 449
60 3 9 454
60 3 10 448
60 4 3 404
60 4 4 422
60 4 5 449
60 4 6 415
60 4 7 417
60 4 8 440
60 4 9 417
60 4 10 461
60 5 3 444
60 5 4 461
60 5 5 462
60 5 6 418
60 5 7 430
60 5 8 437
60 5 9 436
60 5 10 441
60 6 3 405
60 6 4 432
60 6 5 453
60 6 6 417
60 6 7 407
60 6 8 427
60 6 9 427
60 6 10 447
60 7 3 423
60 7 4 431
60 7 5 457
60 7 6 445
60 7 7 437
60 7 8 433
60 7 9 455
60 7 10 434
60 8 3 425
60 8 4 441
60 8 5 436
60 8 6 457
60 8 7 452
60 8 8 442
60 8 9 454
60 8 10 432
60 9 3 458
60 9 4 423
60 9 5 412
60 9 6 440
60 9 7 454
60 9 8 438
60 9 9 445
60 9 10 454
80 0 3 804
80 0 4 795
80 0 5 728
80 0 6 773
80 0 7 599
80 0 8 794
80 0 9 743
80 0 10 794
80 1 3 813
80 1 4 790
80 1 5 775
80 1 6 781
80 1 7 786
80 1 8 787
80 1 9 805
80 1 10 814
80 2 3 808
80 2 4 797
80 2 5 805
80 2 6 769
80 2 7 750
80 2 8 783
80 2 9 812
80 2 10 833
80 3 3 767
80 3 4 774
80 3 5 782
80 3 6 807
80 3 7 739
80 3 8 755
80 3 9 760
80 3 10 788
80 4 3 730
80 4 4 767
80 4 5 748
80 4 6 825
80 4 7 766
80 4 8 788
80 4 9 790
80 4 10 767
80 5 3 785
80 5 4 764
80 5 5 797
80 5 6 772
80 5 7 781
80 5 8 824
80 5 9 798
80 5 10 795
80 6 3 721
80 6 4 812
80 6 5 804
80 6 6 795
80 6 7 812
80 6 8 814
80 6 9 813
80 6 10 815
80 7 3 781
80 7 4 782
80 7 5 746
80 7 6 715
80 7 7 776
80 7 8 739
80 7 9 794
80 7 10 748
80 8 3 783
80 8 4 808
80 8 5 786
80 8 6 635
80 8 7 793
80 8 8 794
80 8 9 761
80 8 10 800
80 9 3 728
80 9 4 808
80 9 5 784
80 9 6 833
80 9 7 828
80 9 8 782
80 9 9 674
80 9 10 731
100 0 3 1229
100 0 4 1228
100 0 5 1218
100 0 6 1192
100 0 7 1228
100 0 8 1220
100 0 9 1026
100 0 10 1245
100 1 3 1132
100 1 4 1265
100 1 5 1211
100 1 6 1241
100 1 7 1268
100 1 8 1220
100 1 9 1244
100 1 10 1257
100 2 3 1208
100 2 4 1234
100 2 5 1224
100 2 6 1226
100 2 7 1183
100 2 8 1229
100 2 9 1248
100 2 10 1273
100 3 3 1232
100 3 4 1261
100 3 5 1262
100 3 6 1201
100 3 7 1285
100 3 8 1270
100 3 9 1170
100 3 10 1226
100 4 3 1187
100 4 4 1216
100 4 5 1264
100 4 6 1261
100 4 7 1247
100 4 8 1210
100 4 9 1182
100 4 10 1224
100 5 3 1238
100 5 4 1267
100 5 5 1243
100 5 6 1240
100 5 7 1248
100 5 8 1138
100 5 9 1222
100 5 10 1195
100 6 3 1257
100 6 4 1277
100 6 5 1276
100 6 6 1248
100 6 7 1251
100 6 8 1231
100 6 9 1173
100 6 10 1200
100 7 3 1243
100 7 4 1194
100 7 5 1216
100 7 6 1164
100 7 7 1225
100 7 8 1216
100 7 9 1149
100 7 10 1255
100 8 3 1132
100 8 4 1184
100 8 5 1223
100 8 6 1186
100 8 7 1230
100 8 8 1226
100 8 9 1258
100 8 10 1236
100 9 3 1232
100 9 4 1056
100 9 5 1239
100 9 6 1231
100 9 7 1259
100 9 8 1226
100 9 9 1229
100 9 10 1197
