60 0 0 430
60 0 1 446
60 0 2 439
60 1 0 451
60 1 1 441
60 1 2 408
60 2 0 431
60 2 1 466
60 2 2 458
60 3 0 426
60 3 1 462
60 3 2 325
60 4 0 449
60 4 1 449
60 4 2 428
60 5 0 452
60 5 1 434
60 5 2 454
60 6 0 451
60 6 1 369
60 6 2 438
60 7 0 420
60 7 1 356
60 7 2 441
60 8 0 426
60 8 1 427
60 8 2 436
60 9 0 420
60 9 1 450
60 9 2 408
80 0 0 781
80 0 1 787
80 0 2 770
80 1 0 772
80 1 1 791
80 1 2 798
80 2 0 755
80 2 1 774
80 2 2 790
80 3 0 808
80 3 1 795
80 3 2 781
80 4 0 754
80 4 1 708
80 4 2 775
80 5 0 778
80 5 1 793
80 5 2 782
80 6 0 785
80 6 1 776
80 6 2 797
80 7 0 800
80 7 1 786
80 7 2 785
80 8 0 803
80 8 1 761
80 8 2 801
80 9 0 803
80 9 1 803
80 9 2 727
100 0 0 1193
100 0 1 1195
100 0 2 1254
100 1 0 1209
100 1 1 1199
100 1 2 1207
100 2 0 1216
100 2 1 1249
100 2 2 1109
100 3 0 1255
100 3 1 1251
100 3 2 1221
100 4 0 1232
100 4 1 1204
100 4 2 1204
100 5 0 1226
100 5 1 1252
100 5 2 1247
100 6 0 1203
100 6 1 1259
100 6 2 1197
100 7 0 1107
100 7 1 1219
100 7 2 1117
100 8 0 1203
100 8 1 1220
100 8 2 1222
100 9 0 1256
100 9 1 1201
100 9 2 1239
60 0 3 450
60 0 4 440
60 0 5 426
60 0 6 362
60 0 7 442
60 0 8 427
60 0 9 428
60 0 10 440
60 1 3 437
60 1 4 409
60 1 5 432
60 1 6 396
60 1 7 402
60 1 8 451
60 1 9 439
60 1 10 444
60 2 3 438
60 2 4 407
60 2 5 431
60 2 6 448
60 2 7 425
60 2 8 383
60 2 9 438
60 2 10 439
60 3 3 428
60 3 4 405
60 3 5 437
60 3 6 413
60 3 7 438
60 3 8 397
60 3 9 444
60 3 10 384
60 4 3 421
60 4 4 443
60 4 5 439
60 4 6 429
60 4 7 439
60 4 8 453
60 4 9 433
60 4 10 409
60 5 3 448
60 5 4 416
60 5 5 424
60 5 6 423
60 5 7 392
60 5 8 423
60 5 9 435
60 5 10 440
60 6 3 442
60 6 4 444
60 6 5 423
60 6 6 416
60 6 7 445
60 6 8 420
60 6 9 432
60 6 10 435
60 7 3 439
60 7 4 406
60 7 5 454
60 7 6 416
60 7 7 388
60 7 8 452
60 7 9 441
60 7 10 457
60 8 3 445
60 8 4 463
60 8 5 431
60 8 6 420
60 8 7 390
60 8 8 431
60 8 9 450
60 8 10 412
60 9 3 434
60 9 4 454
60 9 5 445
60 9 6 449
60 9 7 455
60 9 8 434
60 9 9 464
60 9 10 428
80 0 3 818
80 0 4 783
80 0 5 751
80 0 6 774
80 0 7 704
80 0 8 782
80 0 9 766
80 0 10 783
80 1 3 774
80 1 4 765
80 1 5 742
80 1 6 805
80 1 7 800
80 1 8 778
80 1 9 741
80 1 10 801
80 2 3 816
80 2 4 749
80 2 5 796
80 2 6 772
80 2 7 789
80 2 8 762
80 2 9 796
80 2 10 814
80 3 3 808
80 3 4 710
80 3 5 767
80 3 6 757
80 3 7 811
80 3 8 793
80 3 9 774
80 3 10 724
80 4 3 766
80 4 4 788
80 4 5 765
80 4 6 789
80 4 7 783
80 4 8 790
80 4 9 785
80 4 10 798
80 5 3 754
80 5 4 805
80 5 5 780
80 5 6 684
80 5 7 801
80 5 8 747
80 5 9 793
80 5 10 749
80 6 3 757
80 6 4 800
80 6 5 779
80 6 6 783
80 6 7 780
80 6 8 804
80 6 9 808
80 6 10 745
80 7 3 792
80 7 4 804
80 7 5 714
80 7 6 801
80 7 7 763
80 7 8 796
80 7 9 766
80 7 10 764
80 8 3 769
80 8 4 751
80 8 5 793
80 8 6 787
80 8 7 802
80 8 8 777
80 8 9 806
80 8 10 787
80 9 3 774
80 9 4 791
80 9 5 771
80 9 6 788
80 9 7 784
80 9 8 743
80 9 9 780
80 9 10 780
100 0 3 1206
100 0 4 1236
100 0 5 1239
100 0 6 1231
100 0 7 1216
100 0 8 1220
100 0 9 1226
100 0 10 1231
100 1 3 1216
100 1 4 1260
100 1 5 1274
100 1 6 1236
100 1 7 1237
100 1 8 1218
100 1 9 1254
100 1 10 1230
100 2 3 1242
100 2 4 1193
100 2 5 1259
100 2 6 1179
100 2 7 1069
100 2 8 1256
100 2 9 1246
100 2 10 1232
100 3 3 1263
100 3 4 1233
100 3 5 1251
100 3 6 1208
100 3 7 1255
100 3 8 1177
100 3 9 1221
100 3 10 1205
100 4 3 1236
100 4 4 1179
100 4 5 1235
100 4 6 1210
100 4 7 1153
100 4 8 1188
100 4 9 1237
100 4 10 1275
100 5 3 1235
100 5 4 1228
100 5 5 1170
100 5 6 1246
100 5 7 1220
100 5 8 1175
100 5 9 1245
100 5 10 1112
100 6 3 1179
100 6 4 1249
100 6 5 1168
100 6 6 1173
100 6 7 1157
100 6 8 1237
100 6 9 1161
100 6 10 1215
100 7 3 1240
100 7 4 1222
100 7 5 1184
100 7 6 1257
100 7 7 1206
100 7 8 1242
100 7 9 1222
100 7 10 1247
100 8 3 1233
100 8 4 1274
100 8 5 1236
100 8 6 1196
100 8 7 1187
100 8 8 1241
100 8 9 1232
100 8 10 1194
100 9 3 1228
100 9 4 1170
100 9 5 1113
100 9 6 1182
100 9 7 1255
100 9 8 1239
100 9 9 1171
100 9 10 1227
