60 0 0 31
60 0 1 0
60 0 2 29
60 0 3 29
60 0 4 419
60 0 5 419
60 0 6 419
60 0 7 419
60 0 8 31
60 0 9 419
60 1 0 0
60 1 1 32
60 1 2 32
60 1 3 386
60 1 4 386
60 1 5 386
60 1 6 386
60 1 7 27
60 1 8 386
60 1 9 83
60 2 0 0
60 2 1 0
60 2 2 0
60 2 3 0
60 2 4 0
60 2 5 0
60 2 6 0
60 2 7 0
60 2 8 0
60 2 9 0
60 3 0 0
60 3 1 81
60 3 2 163
60 3 3 163
60 3 4 55
60 3 5 245
60 3 6 55
60 3 7 26
60 3 8 163
60 3 9 0
60 4 0 0
60 4 1 0
60 4 2 0
60 4 3 0
60 4 4 0
60 4 5 0
60 4 6 0
60 4 7 0
60 4 8 0
60 4 9 0
60 5 0 342
60 5 1 342
60 5 2 342
60 5 3 29
60 5 4 199
60 5 5 189
60 5 6 293
60 5 7 189
60 5 8 0
60 5 9 29
60 6 0 344
60 6 1 344
60 6 2 344
60 6 3 344
60 6 4 344
60 6 5 344
60 6 6 344
60 6 7 344
60 6 8 344
60 6 9 344
60 7 0 0
60 7 1 0
60 7 2 0
60 7 3 0
60 7 4 0
60 7 5 0
60 7 6 0
60 7 7 0
60 7 8 0
60 7 9 0
60 8 0 49
60 8 1 35
60 8 2 0
60 8 3 35
60 8 4 0
60 8 5 0
60 8 6 49
60 8 7 0
60 8 8 49
60 8 9 49
60 9 0 0
60 9 1 188
60 9 2 0
60 9 3 0
60 9 4 25
60 9 5 188
60 9 6 188
60 9 7 188
60 9 8 25
60 9 9 188
80 0 0 778
80 0 1 778
80 0 2 778
80 0 3 778
80 0 4 778
80 0 5 778
80 0 6 778
80 0 7 778
80 0 8 778
80 0 9 778
80 1 0 545
80 1 1 545
80 1 2 0
80 1 3 545
80 1 4 0
80 1 5 0
80 1 6 0
80 1 7 545
80 1 8 545
80 1 9 0
80 2 0 44
80 2 1 45
80 2 2 473
80 2 3 45
80 2 4 0
80 2 5 45
80 2 6 339
80 2 7 44
80 2 8 45
80 2 9 339
80 3 0 0
80 3 1 768
80 3 2 0
80 3 3 0
80 3 4 0
80 3 5 137
80 3 6 137
80 3 7 0
80 3 8 137
80 3 9 137
80 4 0 80
80 4 1 44
80 4 2 0
80 4 3 44
80 4 4 153
80 4 5 45
80 4 6 79
80 4 7 153
80 4 8 80
80 4 9 0
80 5 0 0
80 5 1 0
80 5 2 0
80 5 3 273
80 5 4 628
80 5 5 0
80 5 6 273
80 5 7 628
80 5 8 0
80 5 9 0
80 6 0 238
80 6 1 238
80 6 2 586
80 6 3 586
80 6 4 238
80 6 5 586
80 6 6 586
80 6 7 238
80 6 8 238
80 6 9 586
80 7 0 0
80 7 1 37
80 7 2 141
80 7 3 0
80 7 4 37
80 7 5 116
80 7 6 0
80 7 7 0
80 7 8 78
80 7 9 37
80 8 0 0
80 8 1 0
80 8 2 0
80 8 3 0
80 8 4 0
80 8 5 0
80 8 6 0
80 8 7 0
80 8 8 0
80 8 9 0
80 9 0 105
80 9 1 513
80 9 2 310
80 9 3 105
80 9 4 0
80 9 5 513
80 9 6 310
80 9 7 310
80 9 8 105
80 9 9 310
100 0 0 345
100 0 1 0
100 0 2 0
100 0 3 345
100 0 4 345
100 0 5 345
100 0 6 345
100 0 7 345
100 0 8 43
100 0 9 43
100 1 0 0
100 1 1 1192
100 1 2 52
100 1 3 133
100 1 4 52
100 1 5 133
100 1 6 52
100 1 7 52
100 1 8 133
100 1 9 0
100 2 0 0
100 2 1 0
100 2 2 0
100 2 3 0
100 2 4 0
100 2 5 0
100 2 6 0
100 2 7 0
100 2 8 0
100 2 9 0
100 3 0 1203
100 3 1 1203
100 3 2 1203
100 3 3 0
100 3 4 1203
100 3 5 1203
100 3 6 0
100 3 7 1203
100 3 8 0
100 3 9 1203
100 4 0 0
100 4 1 45
100 4 2 0
100 4 3 45
100 4 4 45
100 4 5 48
100 4 6 0
100 4 7 0
100 4 8 0
100 4 9 48
100 5 0 605
100 5 1 56
100 5 2 605
100 5 3 605
100 5 4 56
100 5 5 52
100 5 6 56
100 5 7 52
100 5 8 605
100 5 9 0
100 6 0 977
100 6 1 977
100 6 2 977
100 6 3 977
100 6 4 977
100 6 5 977
100 6 6 977
100 6 7 977
100 6 8 977
100 6 9 977
100 7 0 229
100 7 1 229
100 7 2 0
100 7 3 967
100 7 4 0
100 7 5 967
100 7 6 967
100 7 7 0
100 7 8 967
100 7 9 0
100 8 0 334
100 8 1 334
100 8 2 0
100 8 3 334
100 8 4 0
100 8 5 334
100 8 6 0
100 8 7 334
100 8 8 0
100 8 9 0
100 9 0 100
100 9 1 0
100 9 2 58
100 9 3 0
100 9 4 139
100 9 5 0
100 9 6 139
100 9 7 0
100 9 8 0
100 9 9 97
