60 0 0 395
60 0 1 419
60 0 2 455
60 1 0 417
60 1 1 437
60 1 2 444
60 2 0 442
60 2 1 381
60 2 2 423
60 3 0 443
60 3 1 434
60 3 2 447
60 4 0 396
60 4 1 431
60 4 2 445
60 5 0 454
60 5 1 446
60 5 2 433
60 6 0 437
60 6 1 458
60 6 2 442
60 7 0 408
60 7 1 409
60 7 2 458
60 8 0 431
60 8 1 372
60 8 2 425
60 9 0 446
60 9 1 430
60 9 2 477
80 0 0 770
80 0 1 751
80 0 2 779
80 1 0 750
80 1 1 826
80 1 2 757
80 2 0 772
80 2 1 754
80 2 2 762
80 3 0 800
80 3 1 779
80 3 2 770
80 4 0 788
80 4 1 817
80 4 2 780
80 5 0 801
80 5 1 823
80 5 2 812
80 6 0 771
80 6 1 759
80 6 2 764
80 7 0 754
80 7 1 815
80 7 2 812
80 8 0 792
80 8 1 791
80 8 2 760
80 9 0 767
80 9 1 802
80 9 2 702
100 0 0 1203
100 0 1 1019
100 0 2 1243
100 1 0 1215
100 1 1 1225
100 1 2 1212
100 2 0 1252
100 2 1 1180
100 2 2 1232
100 3 0 1194
100 3 1 1204
100 3 2 1235
100 4 0 1179
100 4 1 1213
100 4 2 1240
100 5 0 1249
100 5 1 1230
100 5 2 1228
100 6 0 1207
100 6 1 1272
100 6 2 1224
100 7 0 1221
100 7 1 1208
100 7 2 1229
100 8 0 1236
100 8 1 1119
100 8 2 1238
100 9 0 1225
100 9 1 1234
100 9 2 1215
60 0 3 443
60 0 4 402
60 0 5 426
60 0 6 433
60 0 7 432
60 0 8 426
60 0 9 433
60 0 10 452
60 1 3 438
60 1 4 401
60 1 5 455
60 1 6 442
60 1 7 453
60 1 8 440
60 1 9 437
60 1 10 441
60 2 3 405
60 2 4 432
60 2 5 445
60 2 6 406
60 2 7 434
60 2 8 399
60 2 9 447
60 2 10 455
60 3 3 432
60 3 4 433
60 3 5 403
60 3 6 439
60 3 7 421
60 3 8 431
60 3 9 437
60 3 10 440
60 4 3 445
60 4 4 457
60 4 5 453
60 4 6 427
60 4 7 385
60 4 8 453
60 4 9 435
60 4 10 440
60 5 3 424
60 5 4 347
60 5 5 431
60 5 6 421
60 5 7 447
60 5 8 424
60 5 9 440
60 5 10 461
60 6 3 454
60 6 4 455
60 6 5 412
60 6 6 445
60 6 7 425
60 6 8 447
60 6 9 456
60 6 10 438
60 7 3 450
60 7 4 429
60 7 5 434
60 7 6 446
60 7 7 435
60 7 8 453
60 7 9 446
60 7 10 426
60 8 3 443
60 8 4 420
60 8 5 446
60 8 6 439
60 8 7 435
60 8 8 447
60 8 9 430
60 8 10 446
60 9 3 444
60 9 4 409
60 9 5 453
60 9 6 458
60 9 7 390
60 9 8 426
60 9 9 421
60 9 10 465
80 0 3 759
80 0 4 778
80 0 5 790
80 0 6 770
80 0 7 771
80 0 8 720
80 0 9 685
80 0 10 761
80 1 3 792
80 1 4 809
80 1 5 796
80 1 6 777
80 1 7 784
80 1 8 763
80 1 9 774
80 1 10 764
80 2 3 779
80 2 4 839
80 2 5 798
80 2 6 803
80 2 7 774
80 2 8 804
80 2 9 781
80 2 10 798
80 3 3 794
80 3 4 784
80 3 5 790
80 3 6 727
80 3 7 791
80 3 8 806
80 3 9 794
80 3 10 764
80 4 3 778
80 4 4 758
80 4 5 758
80 4 6 805
80 4 7 794
80 4 8 679
80 4 9 754
80 4 10 801
80 5 3 807
80 5 4 818
80 5 5 757
80 5 6 792
80 5 7 755
80 5 8 774
80 5 9 783
80 5 10 765
80 6 3 684
80 6 4 774
80 6 5 776
80 6 6 783
80 6 7 806
80 6 8 786
80 6 9 792
80 6 10 814
80 7 3 810
80 7 4 740
80 7 5 798
80 7 6 784
80 7 7 772
80 7 8 804
80 7 9 800
80 7 10 792
80 8 3 781
80 8 4 802
80 8 5 797
80 8 6 789
80 8 7 810
80 8 8 773
80 8 9 774
80 8 10 763
80 9 3 735
80 9 4 813
80 9 5 775
80 9 6 779
80 9 7 651
80 9 8 770
80 9 9 806
80 9 10 810
100 0 3 1238
100 0 4 1208
100 0 5 1185
100 0 6 1234
100 0 7 1263
100 0 8 1288
100 0 9 1245
100 0 10 1176
100 1 3 1199
100 1 4 1242
100 1 5 1203
100 1 6 1227
100 1 7 1246
100 1 8 1253
100 1 9 1194
100 1 10 1243
100 2 3 1173
100 2 4 1171
100 2 5 1234
100 2 6 1260
100 2 7 1216
100 2 8 1229
100 2 9 1224
100 2 10 1231
100 3 3 1248
100 3 4 1222
100 3 5 1229
100 3 6 1209
100 3 7 1250
100 3 8 1222
100 3 9 1187
100 3 10 1234
100 4 3 1229
100 4 4 1219
100 4 5 1219
100 4 6 1204
100 4 7 1231
100 4 8 1229
100 4 9 1211
100 4 10 1235
100 5 3 1239
100 5 4 1210
100 5 5 1223
100 5 6 1183
100 5 7 1219
100 5 8 1205
100 5 9 1213
100 5 10 1227
100 6 3 1230
100 6 4 1209
100 6 5 1251
100 6 6 1237
100 6 7 1236
100 6 8 1225
100 6 9 1198
100 6 10 1251
100 7 3 1197
100 7 4 1264
100 7 5 1248
100 7 6 1217
100 7 7 1231
100 7 8 1231
100 7 9 1180
100 7 10 1232
100 8 3 1226
100 8 4 1170
100 8 5 1165
100 8 6 1263
100 8 7 1237
100 8 8 1145
100 8 9 1214
100 8 10 1271
100 9 3 1231
100 9 4 1249
100 9 5 1245
100 9 6 1187
100 9 7 1151
100 9 8 1230
100 9 9 1197
100 9 10 1244
