60 0 0 250
60 0 1 159
60 0 2 140
60 0 3 65
60 0 4 253
60 0 5 30
60 0 6 276
60 0 7 217
60 0 8 429
60 0 9 233
60 1 0 0
60 1 1 180
60 1 2 144
60 1 3 406
60 1 4 427
60 1 5 249
60 1 6 201
60 1 7 415
60 1 8 216
60 1 9 207
60 2 0 118
60 2 1 170
60 2 2 147
60 2 3 232
60 2 4 147
60 2 5 170
60 2 6 118
60 2 7 193
60 2 8 305
60 2 9 360
60 3 0 365
60 3 1 247
60 3 2 331
60 3 3 180
60 3 4 334
60 3 5 256
60 3 6 329
60 3 7 444
60 3 8 206
60 3 9 415
60 4 0 114
60 4 1 223
60 4 2 114
60 4 3 142
60 4 4 88
60 4 5 142
60 4 6 223
60 4 7 267
60 4 8 142
60 4 9 223
60 5 0 110
60 5 1 89
60 5 2 316
60 5 3 157
60 5 4 259
60 5 5 436
60 5 6 89
60 5 7 436
60 5 8 363
60 5 9 89
60 6 0 88
60 6 1 233
60 6 2 88
60 6 3 457
60 6 4 179
60 6 5 220
60 6 6 165
60 6 7 165
60 6 8 220
60 6 9 179
60 7 0 274
60 7 1 118
60 7 2 349
60 7 3 276
60 7 4 276
60 7 5 173
60 7 6 227
60 7 7 276
60 7 8 276
60 7 9 227
60 8 0 184
60 8 1 297
60 8 2 136
60 8 3 135
60 8 4 136
60 8 5 429
60 8 6 156
60 8 7 136
60 8 8 272
60 8 9 212
60 9 0 165
60 9 1 236
60 9 2 318
60 9 3 233
60 9 4 238
60 9 5 210
60 9 6 236
60 9 7 164
60 9 8 231
60 9 9 300
80 0 0 267
80 0 1 180
80 0 2 180
80 0 3 205
80 0 4 333
80 0 5 234
80 0 6 209
80 0 7 333
80 0 8 180
80 0 9 180
80 1 0 183
80 1 1 281
80 1 2 280
80 1 3 452
80 1 4 280
80 1 5 217
80 1 6 626
80 1 7 183
80 1 8 248
80 1 9 313
80 2 0 260
80 2 1 769
80 2 2 193
80 2 3 186
80 2 4 231
80 2 5 349
80 2 6 230
80 2 7 778
80 2 8 784
80 2 9 185
80 3 0 604
80 3 1 571
80 3 2 186
80 3 3 186
80 3 4 249
80 3 5 150
80 3 6 121
80 3 7 479
80 3 8 406
80 3 9 370
80 4 0 592
80 4 1 283
80 4 2 326
80 4 3 386
80 4 4 497
80 4 5 321
80 4 6 314
80 4 7 175
80 4 8 253
80 4 9 787
80 5 0 217
80 5 1 181
80 5 2 252
80 5 3 605
80 5 4 247
80 5 5 284
80 5 6 176
80 5 7 332
80 5 8 497
80 5 9 217
80 6 0 238
80 6 1 329
80 6 2 160
80 6 3 199
80 6 4 199
80 6 5 160
80 6 6 160
80 6 7 331
80 6 8 199
80 6 9 776
80 7 0 421
80 7 1 282
80 7 2 216
80 7 3 588
80 7 4 182
80 7 5 728
80 7 6 569
80 7 7 342
80 7 8 243
80 7 9 141
80 8 0 238
80 8 1 250
80 8 2 280
80 8 3 210
80 8 4 333
80 8 5 540
80 8 6 250
80 8 7 768
80 8 8 344
80 8 9 250
80 9 0 64
80 9 1 173
80 9 2 595
80 9 3 461
80 9 4 368
80 9 5 360
80 9 6 179
80 9 7 679
80 9 8 102
80 9 9 102
100 0 0 184
100 0 1 444
100 0 2 1033
100 0 3 184
100 0 4 184
100 0 5 478
100 0 6 1191
100 0 7 135
100 0 8 278
100 0 9 278
100 1 0 480
100 1 1 543
100 1 2 436
100 1 3 962
100 1 4 680
100 1 5 1189
100 1 6 360
100 1 7 356
100 1 8 277
100 1 9 822
100 2 0 363
100 2 1 314
100 2 2 314
100 2 3 268
100 2 4 715
100 2 5 314
100 2 6 393
100 2 7 314
100 2 8 314
100 2 9 314
100 3 0 187
100 3 1 332
100 3 2 187
100 3 3 772
100 3 4 239
100 3 5 368
100 3 6 282
100 3 7 378
100 3 8 282
100 3 9 187
100 4 0 280
100 4 1 237
100 4 2 779
100 4 3 237
100 4 4 372
100 4 5 232
100 4 6 280
100 4 7 323
100 4 8 323
100 4 9 232
100 5 0 246
100 5 1 686
100 5 2 246
100 5 3 289
100 5 4 337
100 5 5 343
100 5 6 294
100 5 7 300
100 5 8 246
100 5 9 391
100 6 0 425
100 6 1 181
100 6 2 235
100 6 3 181
100 6 4 181
100 6 5 181
100 6 6 181
100 6 7 181
100 6 8 181
100 6 9 235
100 7 0 146
100 7 1 238
100 7 2 250
100 7 3 290
100 7 4 250
100 7 5 290
100 7 6 200
100 7 7 338
100 7 8 290
100 7 9 381
100 8 0 157
100 8 1 157
100 8 2 385
100 8 3 157
100 8 4 257
100 8 5 296
100 8 6 257
100 8 7 157
100 8 8 393
100 8 9 257
100 9 0 322
100 9 1 686
100 9 2 409
100 9 3 893
100 9 4 243
100 9 5 462
100 9 6 604
100 9 7 805
100 9 8 915
100 9 9 728
