60 0 0 425
60 0 1 406
60 0 2 436
60 1 0 442
60 1 1 402
60 1 2 437
60 2 0 448
60 2 1 410
60 2 2 460
60 3 0 442
60 3 1 457
60 3 2 424
60 4 0 421
60 4 1 452
60 4 2 415
60 5 0 438
60 5 1 413
60 5 2 414
60 6 0 449
60 6 1 433
60 6 2 439
60 7 0 442
60 7 1 436
60 7 2 442
60 8 0 464
60 8 1 446
60 8 2 441
60 9 0 443
60 9 1 419
60 9 2 430
80 0 0 807
80 0 1 770
80 0 2 792
80 1 0 794
80 1 1 784
80 1 2 782
80 2 0 780
80 2 1 810
80 2 2 772
80 3 0 792
80 3 1 785
80 3 2 771
80 4 0 688
80 4 1 782
80 4 2 784
80 5 0 784
80 5 1 782
80 5 2 785
80 6 0 780
80 6 1 796
80 6 2 729
80 7 0 773
80 7 1 790
80 7 2 772
80 8 0 729
80 8 1 790
80 8 2 713
80 9 0 691
80 9 1 793
80 9 2 829
100 0 0 1231
100 0 1 1252
100 0 2 1211
100 1 0 1212
100 1 1 1241
100 1 2 1254
100 2 0 1222
100 2 1 1214
100 2 2 1234
100 3 0 1158
100 3 1 1248
100 3 2 1115
100 4 0 1199
100 4 1 1205
100 4 2 1082
100 5 0 1218
100 5 1 1223
100 5 2 1248
100 6 0 1213
100 6 1 1152
100 6 2 1212
100 7 0 1201
100 7 1 1155
100 7 2 1174
100 8 0 1216
100 8 1 1259
100 8 2 1278
100 9 0 1209
100 9 1 1208
100 9 2 1211
60 0 3 418
60 0 4 338
60 0 5 438
60 0 6 357
60 0 7 376
60 0 8 447
60 0 9 318
60 0 10 413
60 1 3 425
60 1 4 378
60 1 5 460
60 1 6 401
60 1 7 460
60 1 8 454
60 1 9 442
60 1 10 454
60 2 3 448
60 2 4 447
60 2 5 443
60 2 6 425
60 2 7 453
60 2 8 422
60 2 9 412
60 2 10 447
60 3 3 462
60 3 4 418
60 3 5 344
60 3 6 425
60 3 7 432
60 3 8 376
60 3 9 444
60 3 10 442
60 4 3 440
60 4 4 395
60 4 5 455
60 4 6 420
60 4 7 452
60 4 8 433
60 4 9 438
60 4 10 388
60 5 3 450
60 5 4 409
60 5 5 415
60 5 6 445
60 5 7 418
60 5 8 439
60 5 9 444
60 5 10 422
60 6 3 449
60 6 4 445
60 6 5 446
60 6 6 417
60 6 7 425
60 6 8 414
60 6 9 460
60 6 10 442
60 7 3 446
60 7 4 435
60 7 5 411
60 7 6 310
60 7 7 457
60 7 8 416
60 7 9 365
60 7 10 379
60 8 3 453
60 8 4 438
60 8 5 452
60 8 6 387
60 8 7 434
60 8 8 459
60 8 9 435
60 8 10 359
60 9 3 459
60 9 4 381
60 9 5 454
60 9 6 451
60 9 7 447
60 9 8 405
60 9 9 428
60 9 10 437
80 0 3 801
80 0 4 771
80 0 5 757
80 0 6 745
80 0 7 789
80 0 8 782
80 0 9 754
80 0 10 802
80 1 3 724
80 1 4 786
80 1 5 789
80 1 6 795
80 1 7 789
80 1 8 809
80 1 9 776
80 1 10 783
80 2 3 771
80 2 4 763
80 2 5 705
80 2 6 799
80 2 7 643
80 2 8 787
80 2 9 802
80 2 10 765
80 3 3 783
80 3 4 771
80 3 5 735
80 3 6 768
80 3 7 804
80 3 8 777
80 3 9 725
80 3 10 801
80 4 3 757
80 4 4 788
80 4 5 773
80 4 6 793
80 4 7 714
80 4 8 781
80 4 9 729
80 4 10 758
80 5 3 797
80 5 4 735
80 5 5 765
80 5 6 745
80 5 7 789
80 5 8 679
80 5 9 774
80 5 10 778
80 6 3 745
80 6 4 763
80 6 5 799
80 6 6 781
80 6 7 787
80 6 8 720
80 6 9 768
80 6 10 798
80 7 3 798
80 7 4 811
80 7 5 744
80 7 6 774
80 7 7 750
80 7 8 767
80 7 9 799
80 7 10 783
80 8 3 601
80 8 4 783
80 8 5 792
80 8 6 788
80 8 7 768
80 8 8 782
80 8 9 766
80 8 10 780
80 9 3 767
80 9 4 612
80 9 5 761
80 9 6 800
80 9 7 716
80 9 8 756
80 9 9 786
80 9 10 793
100 0 3 1132
100 0 4 1211
100 0 5 1193
100 0 6 1141
100 0 7 1205
100 0 8 1227
100 0 9 1202
100 0 10 1199
100 1 3 1233
100 1 4 1218
100 1 5 1229
100 1 6 1209
100 1 7 1196
100 1 8 1208
100 1 9 1202
100 1 10 1208
100 2 3 1168
100 2 4 1206
100 2 5 1228
100 2 6 1212
100 2 7 1211
100 2 8 1163
100 2 9 1202
100 2 10 1236
100 3 3 1156
100 3 4 1220
100 3 5 1212
100 3 6 1177
100 3 7 1257
100 3 8 1231
100 3 9 1209
100 3 10 1121
100 4 3 1216
100 4 4 1127
100 4 5 1211
100 4 6 1187
100 4 7 1149
100 4 8 1235
100 4 9 1253
100 4 10 1259
100 5 3 1236
100 5 4 1194
100 5 5 1222
100 5 6 1248
100 5 7 1230
100 5 8 1186
100 5 9 1082
100 5 10 1190
100 6 3 1176
100 6 4 1241
100 6 5 1005
100 6 6 1223
100 6 7 1241
100 6 8 1203
100 6 9 1224
100 6 10 1216
100 7 3 1231
100 7 4 1157
100 7 5 1209
100 7 6 1230
100 7 7 1188
100 7 8 1184
100 7 9 1209
100 7 10 1045
100 8 3 1237
100 8 4 1223
100 8 5 1029
100 8 6 1246
100 8 7 1256
100 8 8 1154
100 8 9 1224
100 8 10 1223
100 9 3 1222
100 9 4 1102
100 9 5 1198
100 9 6 1252
100 9 7 1242
100 9 8 1123
100 9 9 1254
100 9 10 1229
