60 0 0 194
60 0 1 148
60 0 2 162
60 0 3 162
60 0 4 94
60 0 5 94
60 0 6 94
60 0 7 94
60 0 8 194
60 0 9 94
60 1 0 149
60 1 1 159
60 1 2 159
60 1 3 89
60 1 4 89
60 1 5 89
60 1 6 89
60 1 7 142
60 1 8 89
60 1 9 136
60 2 0 30
60 2 1 30
60 2 2 30
60 2 3 30
60 2 4 30
60 2 5 30
60 2 6 30
60 2 7 30
60 2 8 30
60 2 9 30
60 3 0 111
60 3 1 118
60 3 2 258
60 3 3 258
60 3 4 169
60 3 5 110
60 3 6 169
60 3 7 85
60 3 8 258
60 3 9 111
60 4 0 34
60 4 1 34
60 4 2 34
60 4 3 34
60 4 4 34
60 4 5 34
60 4 6 34
60 4 7 34
60 4 8 34
60 4 9 34
60 5 0 151
60 5 1 151
60 5 2 151
60 5 3 115
60 5 4 361
60 5 5 90
60 5 6 440
60 5 7 90
60 5 8 118
60 5 9 115
60 6 0 154
60 6 1 154
60 6 2 154
60 6 3 154
60 6 4 154
60 6 5 154
60 6 6 154
60 6 7 154
60 6 8 154
60 6 9 154
60 7 0 35
60 7 1 35
60 7 2 35
60 7 3 35
60 7 4 35
60 7 5 35
60 7 6 35
60 7 7 35
60 7 8 35
60 7 9 35
60 8 0 67
60 8 1 56
60 8 2 89
60 8 3 56
60 8 4 89
60 8 5 89
60 8 6 67
60 8 7 89
60 8 8 67
60 8 9 67
60 9 0 85
60 9 1 420
60 9 2 85
60 9 3 85
60 9 4 62
60 9 5 420
60 9 6 420
60 9 7 420
60 9 8 62
60 9 9 420
80 0 0 38
80 0 1 38
80 0 2 38
80 0 3 38
80 0 4 38
80 0 5 38
80 0 6 38
80 0 7 38
80 0 8 38
80 0 9 38
80 1 0 36
80 1 1 36
80 1 2 70
80 1 3 36
80 1 4 70
80 1 5 70
80 1 6 70
80 1 7 36
80 1 8 36
80 1 9 70
80 2 0 256
80 2 1 120
80 2 2 117
80 2 3 120
80 2 4 165
80 2 5 120
80 2 6 674
80 2 7 256
80 2 8 120
80 2 9 674
80 3 0 124
80 3 1 88
80 3 2 124
80 3 3 124
80 3 4 124
80 3 5 212
80 3 6 212
80 3 7 124
80 3 8 212
80 3 9 212
80 4 0 117
80 4 1 255
80 4 2 195
80 4 3 255
80 4 4 111
80 4 5 152
80 4 6 156
80 4 7 111
80 4 8 117
80 4 9 195
80 5 0 109
80 5 1 109
80 5 2 109
80 5 3 38
80 5 4 68
80 5 5 109
80 5 6 38
80 5 7 68
80 5 8 109
80 5 9 109
80 6 0 81
80 6 1 81
80 6 2 40
80 6 3 40
80 6 4 81
80 6 5 40
80 6 6 40
80 6 7 81
80 6 8 81
80 6 9 40
80 7 0 155
80 7 1 195
80 7 2 120
80 7 3 155
80 7 4 195
80 7 5 256
80 7 6 155
80 7 7 155
80 7 8 120
80 7 9 195
80 8 0 40
80 8 1 40
80 8 2 40
80 8 3 40
80 8 4 40
80 8 5 40
80 8 6 40
80 8 7 40
80 8 8 40
80 8 9 40
80 9 0 374
80 9 1 68
80 9 2 761
80 9 3 374
80 9 4 106
80 9 5 68
80 9 6 761
80 9 7 761
80 9 8 374
80 9 9 761
100 0 0 1262
100 0 1 135
100 0 2 135
100 0 3 1262
100 0 4 1262
100 0 5 1262
100 0 6 1262
100 0 7 1262
100 0 8 92
100 0 9 92
100 1 0 244
100 1 1 149
100 1 2 102
100 1 3 227
100 1 4 102
100 1 5 227
100 1 6 102
100 1 7 102
100 1 8 227
100 1 9 244
100 2 0 55
100 2 1 55
100 2 2 55
100 2 3 55
100 2 4 55
100 2 5 55
100 2 6 55
100 2 7 55
100 2 8 55
100 2 9 55
100 3 0 93
100 3 1 93
100 3 2 93
100 3 3 86
100 3 4 93
100 3 5 93
100 3 6 86
100 3 7 93
100 3 8 86
100 3 9 93
100 4 0 143
100 4 1 98
100 4 2 143
100 4 3 98
100 4 4 98
100 4 5 95
100 4 6 143
100 4 7 143
100 4 8 143
100 4 9 95
100 5 0 64
100 5 1 116
100 5 2 64
100 5 3 64
100 5 4 116
100 5 5 120
100 5 6 116
100 5 7 120
100 5 8 64
100 5 9 219
100 6 0 54
100 6 1 54
100 6 2 54
100 6 3 54
100 6 4 54
100 6 5 54
100 6 6 54
100 6 7 54
100 6 8 54
100 6 9 54
100 7 0 653
100 7 1 653
100 7 2 156
100 7 3 106
100 7 4 156
100 7 5 106
100 7 6 106
100 7 7 156
100 7 8 106
100 7 9 156
100 8 0 1095
100 8 1 1095
100 8 2 104
100 8 3 1095
100 8 4 104
100 8 5 1095
100 8 6 104
100 8 7 1095
100 8 8 104
100 8 9 104
100 9 0 179
100 9 1 195
100 9 2 221
100 9 3 195
100 9 4 98
100 9 5 195
100 9 6 98
100 9 7 195
100 9 8 195
100 9 9 192
