60 0 0 442
60 0 1 454
60 0 2 438
60 1 0 452
60 1 1 456
60 1 2 392
60 2 0 428
60 2 1 442
60 2 2 439
60 3 0 403
60 3 1 430
60 3 2 455
60 4 0 435
60 4 1 431
60 4 2 460
60 5 0 346
60 5 1 464
60 5 2 450
60 6 0 445
60 6 1 428
60 6 2 404
60 7 0 442
60 7 1 447
60 7 2 459
60 8 0 432
60 8 1 442
60 8 2 450
60 9 0 457
60 9 1 441
60 9 2 448
80 0 0 751
80 0 1 786
80 0 2 769
80 1 0 790
80 1 1 753
80 1 2 793
80 2 0 772
80 2 1 792
80 2 2 781
80 3 0 810
80 3 1 745
80 3 2 789
80 4 0 784
80 4 1 788
80 4 2 779
80 5 0 744
80 5 1 752
80 5 2 795
80 6 0 721
80 6 1 791
80 6 2 791
80 7 0 803
80 7 1 791
80 7 2 769
80 8 0 804
80 8 1 794
80 8 2 779
80 9 0 775
80 9 1 762
80 9 2 779
100 0 0 1189
100 0 1 1212
100 0 2 1214
100 1 0 1253
100 1 1 1206
100 1 2 1261
100 2 0 1245
100 2 1 1166
100 2 2 1119
100 3 0 1225
100 3 1 1301
100 3 2 1227
100 4 0 1197
100 4 1 1215
100 4 2 1114
100 5 0 1208
100 5 1 1221
100 5 2 1178
100 6 0 1109
100 6 1 1172
100 6 2 1208
100 7 0 1277
100 7 1 1239
100 7 2 1164
100 8 0 1201
100 8 1 1243
100 8 2 1202
100 9 0 1241
100 9 1 1181
100 9 2 1220
60 0 3 464
60 0 4 417
60 0 5 458
60 0 6 418
60 0 7 457
60 0 8 423
60 0 9 447
60 0 10 428
60 1 3 447
60 1 4 456
60 1 5 395
60 1 6 351
60 1 7 446
60 1 8 433
60 1 9 369
60 1 10 443
60 2 3 376
60 2 4 455
60 2 5 430
60 2 6 386
60 2 7 465
60 2 8 462
60 2 9 440
60 2 10 403
60 3 3 446
60 3 4 434
60 3 5 435
60 3 6 423
60 3 7 432
60 3 8 426
60 3 9 419
60 3 10 426
60 4 3 441
60 4 4 454
60 4 5 372
60 4 6 453
60 4 7 425
60 4 8 376
60 4 9 453
60 4 10 434
60 5 3 381
60 5 4 459
60 5 5 416
60 5 6 396
60 5 7 456
60 5 8 444
60 5 9 413
60 5 10 453
60 6 3 439
60 6 4 436
60 6 5 442
60 6 6 434
60 6 7 429
60 6 8 423
60 6 9 409
60 6 10 373
60 7 3 435
60 7 4 387
60 7 5 463
60 7 6 453
60 7 7 444
60 7 8 445
60 7 9 425
60 7 10 406
60 8 3 405
60 8 4 433
60 8 5 367
60 8 6 419
60 8 7 434
60 8 8 445
60 8 9 378
60 8 10 450
60 9 3 447
60 9 4 419
60 9 5 415
60 9 6 457
60 9 7 459
60 9 8 423
60 9 9 448
60 9 10 441
80 0 3 776
80 0 4 806
80 0 5 777
80 0 6 809
80 0 7 755
80 0 8 761
80 0 9 776
80 0 10 777
80 1 3 762
80 1 4 773
80 1 5 806
80 1 6 785
80 1 7 794
80 1 8 780
80 1 9 797
80 1 10 760
80 2 3 766
80 2 4 799
80 2 5 784
80 2 6 787
80 2 7 760
80 2 8 773
80 2 9 789
80 2 10 744
80 3 3 783
80 3 4 810
80 3 5 767
80 3 6 779
80 3 7 788
80 3 8 763
80 3 9 738
80 3 10 751
80 4 3 788
80 4 4 765
80 4 5 793
80 4 6 792
80 4 7 792
80 4 8 777
80 4 9 787
80 4 10 780
80 5 3 766
80 5 4 777
80 5 5 787
80 5 6 767
80 5 7 785
80 5 8 796
80 5 9 799
80 5 10 775
80 6 3 767
80 6 4 806
80 6 5 792
80 6 6 772
80 6 7 761
80 6 8 726
80 6 9 787
80 6 10 788
80 7 3 791
80 7 4 764
80 7 5 755
80 7 6 789
80 7 7 764
80 7 8 799
80 7 9 793
80 7 10 804
80 8 3 756
80 8 4 803
80 8 5 723
80 8 6 809
80 8 7 792
80 8 8 784
80 8 9 780
80 8 10 794
80 9 3 760
80 9 4 785
80 9 5 815
80 9 6 792
80 9 7 748
80 9 8 754
80 9 9 781
80 9 10 794
100 0 3 1237
100 0 4 1254
100 0 5 1223
100 0 6 1244
100 0 7 1235
100 0 8 1257
100 0 9 1245
100 0 10 1284
100 1 3 1194
100 1 4 1261
100 1 5 1215
100 1 6 1231
100 1 7 1223
100 1 8 1256
100 1 9 1221
100 1 10 1146
100 2 3 1198
100 2 4 1245
100 2 5 1243
100 2 6 1222
100 2 7 1165
100 2 8 1205
100 2 9 1233
100 2 10 1227
100 3 3 1247
100 3 4 1209
100 3 5 1233
100 3 6 1236
100 3 7 1200
100 3 8 1241
100 3 9 1176
100 3 10 1216
100 4 3 1158
100 4 4 1212
100 4 5 1180
100 4 6 1182
100 4 7 1279
100 4 8 1222
100 4 9 1209
100 4 10 1272
100 5 3 1241
100 5 4 1233
100 5 5 1221
100 5 6 1273
100 5 7 1231
100 5 8 1226
100 5 9 1236
100 5 10 1243
100 6 3 1228
100 6 4 1240
100 6 5 1230
100 6 6 1215
100 6 7 1201
100 6 8 1245
100 6 9 1166
100 6 10 1253
100 7 3 1208
100 7 4 1254
100 7 5 1262
100 7 6 1214
100 7 7 1241
100 7 8 1157
100 7 9 996
100 7 10 1227
100 8 3 1248
100 8 4 1244
100 8 5 1203
100 8 6 1243
100 8 7 1249
100 8 8 1250
100 8 9 1236
100 8 10 1214
100 9 3 1227
100 9 4 1225
100 9 5 1257
100 9 6 1211
100 9 7 1224
100 9 8 1181
100 9 9 1233
100 9 10 1226
