60 0 0 447
60 0 1 359
60 0 2 456
60 1 0 421
60 1 1 437
60 1 2 435
60 2 0 441
60 2 1 441
60 2 2 392
60 3 0 468
60 3 1 445
60 3 2 463
60 4 0 385
60 4 1 384
60 4 2 413
60 5 0 418
60 5 1 408
60 5 2 409
60 6 0 443
60 6 1 422
60 6 2 426
60 7 0 433
60 7 1 368
60 7 2 451
60 8 0 428
60 8 1 465
60 8 2 405
60 9 0 421
60 9 1 456
60 9 2 419
80 0 0 789
80 0 1 786
80 0 2 773
80 1 0 618
80 1 1 696
80 1 2 757
80 2 0 703
80 2 1 789
80 2 2 755
80 3 0 793
80 3 1 773
80 3 2 790
80 4 0 766
80 4 1 803
80 4 2 746
80 5 0 735
80 5 1 727
80 5 2 741
80 6 0 777
80 6 1 797
80 6 2 623
80 7 0 736
80 7 1 775
80 7 2 661
80 8 0 742
80 8 1 771
80 8 2 785
80 9 0 786
80 9 1 770
80 9 2 796
100 0 0 1190
100 0 1 1243
100 0 2 1237
100 1 0 1204
100 1 1 1238
100 1 2 1265
100 2 0 1231
100 2 1 1218
100 2 2 1230
100 3 0 1236
100 3 1 1219
100 3 2 1221
100 4 0 1180
100 4 1 1225
100 4 2 1267
100 5 0 1175
100 5 1 1217
100 5 2 1272
100 6 0 1225
100 6 1 1235
100 6 2 1228
100 7 0 1245
100 7 1 1227
100 7 2 1212
100 8 0 1253
100 8 1 1241
100 8 2 1239
100 9 0 1197
100 9 1 1240
100 9 2 1243
60 0 3 370
60 0 4 401
60 0 5 442
60 0 6 427
60 0 7 396
60 0 8 466
60 0 9 391
60 0 10 402
60 1 3 429
60 1 4 437
60 1 5 420
60 1 6 407
60 1 7 444
60 1 8 417
60 1 9 421
60 1 10 447
60 2 3 346
60 2 4 407
60 2 5 405
60 2 6 436
60 2 7 434
60 2 8 435
60 2 9 365
60 2 10 437
60 3 3 447
60 3 4 412
60 3 5 459
60 3 6 352
60 3 7 430
60 3 8 445
60 3 9 437
60 3 10 432
60 4 3 427
60 4 4 440
60 4 5 409
60 4 6 436
60 4 7 392
60 4 8 371
60 4 9 434
60 4 10 436
60 5 3 439
60 5 4 390
60 5 5 422
60 5 6 427
60 5 7 417
60 5 8 446
60 5 9 449
60 5 10 394
60 6 3 431
60 6 4 440
60 6 5 442
60 6 6 446
60 6 7 413
60 6 8 403
60 6 9 434
60 6 10 375
60 7 3 448
60 7 4 444
60 7 5 361
60 7 6 380
60 7 7 399
60 7 8 427
60 7 9 436
60 7 10 446
60 8 3 451
60 8 4 432
60 8 5 442
60 8 6 444
60 8 7 426
60 8 8 452
60 8 9 435
60 8 10 433
60 9 3 429
60 9 4 414
60 9 5 423
60 9 6 447
60 9 7 445
60 9 8 423
60 9 9 446
60 9 10 345
80 0 3 661
80 0 4 746
80 0 5 776
80 0 6 791
80 0 7 790
80 0 8 760
80 0 9 781
80 0 10 759
80 1 3 775
80 1 4 751
80 1 5 806
80 1 6 683
80 1 7 826
80 1 8 783
80 1 9 774
80 1 10 786
80 2 3 732
80 2 4 753
80 2 5 674
80 2 6 782
80 2 7 771
80 2 8 640
80 2 9 751
80 2 10 779
80 3 3 748
80 3 4 831
80 3 5 768
80 3 6 764
80 3 7 777
80 3 8 774
80 3 9 814
80 3 10 753
80 4 3 774
80 4 4 703
80 4 5 802
80 4 6 783
80 4 7 648
80 4 8 722
80 4 9 728
80 4 10 811
80 5 3 787
80 5 4 720
80 5 5 557
80 5 6 814
80 5 7 788
80 5 8 789
80 5 9 767
80 5 10 801
80 6 3 775
80 6 4 746
80 6 5 793
80 6 6 705
80 6 7 815
80 6 8 778
80 6 9 786
80 6 10 771
80 7 3 807
80 7 4 797
80 7 5 789
80 7 6 730
80 7 7 539
80 7 8 820
80 7 9 767
80 7 10 755
80 8 3 800
80 8 4 677
80 8 5 796
80 8 6 789
80 8 7 788
80 8 8 791
80 8 9 755
80 8 10 771
80 9 3 779
80 9 4 754
80 9 5 798
80 9 6 720
80 9 7 795
80 9 8 728
80 9 9 803
80 9 10 783
100 0 3 1210
100 0 4 1263
100 0 5 1228
100 0 6 1120
100 0 7 1209
100 0 8 1236
100 0 9 1175
100 0 10 1248
100 1 3 1232
100 1 4 1151
100 1 5 1212
100 1 6 1248
100 1 7 1254
100 1 8 1198
100 1 9 1179
100 1 10 1218
100 2 3 1236
100 2 4 1247
100 2 5 1163
100 2 6 1249
100 2 7 1233
100 2 8 1190
100 2 9 1166
100 2 10 1211
100 3 3 1247
100 3 4 1245
100 3 5 1225
100 3 6 1194
100 3 7 1217
100 3 8 1240
100 3 9 1249
100 3 10 1216
100 4 3 1259
100 4 4 1145
100 4 5 1226
100 4 6 1232
100 4 7 1250
100 4 8 1231
100 4 9 1146
100 4 10 1236
100 5 3 1042
100 5 4 1245
100 5 5 1226
100 5 6 1173
100 5 7 1198
100 5 8 1210
100 5 9 1211
100 5 10 1167
100 6 3 1206
100 6 4 1255
100 6 5 1212
100 6 6 1249
100 6 7 1242
100 6 8 1193
100 6 9 1236
100 6 10 1196
100 7 3 1174
100 7 4 1226
100 7 5 1200
100 7 6 1246
100 7 7 1131
100 7 8 1199
100 7 9 1213
100 7 10 1237
100 8 3 1209
100 8 4 1200
100 8 5 1150
100 8 6 1228
100 8 7 1087
100 8 8 1188
100 8 9 1243
100 8 10 1224
100 9 3 1145
100 9 4 1268
100 9 5 1224
100 9 6 1242
100 9 7 1191
100 9 8 1190
100 9 9 1175
100 9 10 1196
