60 0 0 420
60 0 1 401
60 0 2 430
60 1 0 438
60 1 1 418
60 1 2 434
60 2 0 439
60 2 1 434
60 2 2 400
60 3 0 420
60 3 1 457
60 3 2 439
60 4 0 398
60 4 1 445
60 4 2 356
60 5 0 429
60 5 1 445
60 5 2 440
60 6 0 443
60 6 1 427
60 6 2 425
60 7 0 434
60 7 1 440
60 7 2 439
60 8 0 441
60 8 1 426
60 8 2 427
60 9 0 444
60 9 1 427
60 9 2 413
80 0 0 685
80 0 1 751
80 0 2 781
80 1 0 795
80 1 1 806
80 1 2 769
80 2 0 805
80 2 1 794
80 2 2 695
80 3 0 754
80 3 1 780
80 3 2 782
80 4 0 798
80 4 1 770
80 4 2 794
80 5 0 825
80 5 1 799
80 5 2 796
80 6 0 758
80 6 1 769
80 6 2 785
80 7 0 780
80 7 1 778
80 7 2 685
80 8 0 789
80 8 1 803
80 8 2 784
80 9 0 790
80 9 1 693
80 9 2 809
100 0 0 1233
100 0 1 1199
100 0 2 1265
100 1 0 1218
100 1 1 1207
100 1 2 1149
100 2 0 1244
100 2 1 1236
100 2 2 1261
100 3 0 1228
100 3 1 1165
100 3 2 1164
100 4 0 1246
100 4 1 809
100 4 2 1226
100 5 0 1214
100 5 1 1175
100 5 2 1242
100 6 0 1210
100 6 1 1271
100 6 2 1213
100 7 0 1262
100 7 1 1276
100 7 2 1188
100 8 0 1267
100 8 1 1228
100 8 2 1232
100 9 0 1149
100 9 1 1209
100 9 2 1233
60 0 3 455
60 0 4 408
60 0 5 442
60 0 6 401
60 0 7 445
60 0 8 449
60 0 9 423
60 0 10 445
60 1 3 425
60 1 4 424
60 1 5 457
60 1 6 414
60 1 7 440
60 1 8 441
60 1 9 440
60 1 10 437
60 2 3 419
60 2 4 410
60 2 5 425
60 2 6 437
60 2 7 283
60 2 8 457
60 2 9 434
60 2 10 425
60 3 3 439
60 3 4 414
60 3 5 436
60 3 6 376
60 3 7 414
60 3 8 440
60 3 9 431
60 3 10 441
60 4 3 436
60 4 4 439
60 4 5 436
60 4 6 419
60 4 7 380
60 4 8 436
60 4 9 429
60 4 10 453
60 5 3 435
60 5 4 447
60 5 5 436
60 5 6 369
60 5 7 457
60 5 8 444
60 5 9 435
60 5 10 425
60 6 3 420
60 6 4 455
60 6 5 445
60 6 6 428
60 6 7 453
60 6 8 402
60 6 9 401
60 6 10 399
60 7 3 432
60 7 4 446
60 7 5 433
60 7 6 430
60 7 7 466
60 7 8 435
60 7 9 436
60 7 10 431
60 8 3 437
60 8 4 366
60 8 5 437
60 8 6 427
60 8 7 421
60 8 8 451
60 8 9 427
60 8 10 430
60 9 3 445
60 9 4 436
60 9 5 444
60 9 6 438
60 9 7 441
60 9 8 391
60 9 9 456
60 9 10 439
80 0 3 748
80 0 4 778
80 0 5 776
80 0 6 790
80 0 7 793
80 0 8 767
80 0 9 767
80 0 10 770
80 1 3 774
80 1 4 683
80 1 5 796
80 1 6 753
80 1 7 806
80 1 8 790
80 1 9 807
80 1 10 790
80 2 3 787
80 2 4 776
80 2 5 801
80 2 6 799
80 2 7 727
80 2 8 776
80 2 9 776
80 2 10 736
80 3 3 743
80 3 4 791
80 3 5 772
80 3 6 752
80 3 7 784
80 3 8 793
80 3 9 796
80 3 10 701
80 4 3 760
80 4 4 749
80 4 5 791
80 4 6 749
80 4 7 692
80 4 8 814
80 4 9 796
80 4 10 744
80 5 3 712
80 5 4 758
80 5 5 801
80 5 6 773
80 5 7 792
80 5 8 785
80 5 9 771
80 5 10 762
80 6 3 753
80 6 4 766
80 6 5 770
80 6 6 789
80 6 7 753
80 6 8 754
80 6 9 720
80 6 10 744
80 7 3 758
80 7 4 767
80 7 5 783
80 7 6 622
80 7 7 787
80 7 8 756
80 7 9 758
80 7 10 705
80 8 3 782
80 8 4 753
80 8 5 663
80 8 6 802
80 8 7 782
80 8 8 804
80 8 9 763
80 8 10 776
80 9 3 799
80 9 4 751
80 9 5 760
80 9 6 786
80 9 7 743
80 9 8 766
80 9 9 743
80 9 10 800
100 0 3 1232
100 0 4 1251
100 0 5 1261
100 0 6 1221
100 0 7 1159
100 0 8 1236
100 0 9 1225
100 0 10 1219
100 1 3 1247
100 1 4 1236
100 1 5 1242
100 1 6 1236
100 1 7 1190
100 1 8 1220
100 1 9 1257
100 1 10 1228
100 2 3 1203
100 2 4 1156
100 2 5 1264
100 2 6 1217
100 2 7 1229
100 2 8 1189
100 2 9 1209
100 2 10 1159
100 3 3 1186
100 3 4 1216
100 3 5 1213
100 3 6 1201
100 3 7 1230
100 3 8 1183
100 3 9 1214
100 3 10 1188
100 4 3 1246
100 4 4 1234
100 4 5 1171
100 4 6 1187
100 4 7 1227
100 4 8 1223
100 4 9 1238
100 4 10 1131
100 5 3 1206
100 5 4 1256
100 5 5 1162
100 5 6 1246
100 5 7 1213
100 5 8 1175
100 5 9 1264
100 5 10 1235
100 6 3 1252
100 6 4 1210
100 6 5 1233
100 6 6 1248
100 6 7 1233
100 6 8 1228
100 6 9 1127
100 6 10 1219
100 7 3 1168
100 7 4 1280
100 7 5 1262
100 7 6 1203
100 7 7 1239
100 7 8 1225
100 7 9 1234
100 7 10 1234
100 8 3 1220
100 8 4 1225
100 8 5 1109
100 8 6 1200
100 8 7 1108
100 8 8 1132
100 8 9 1215
100 8 10 1237
100 9 3 1246
100 9 4 1236
100 9 5 1254
100 9 6 1185
100 9 7 1269
100 9 8 1116
100 9 9 1018
100 9 10 996
