60 0 0 447
60 0 1 362
60 0 2 440
60 1 0 380
60 1 1 438
60 1 2 425
60 2 0 448
60 2 1 414
60 2 2 398
60 3 0 406
60 3 1 440
60 3 2 381
60 4 0 354
60 4 1 437
60 4 2 456
60 5 0 451
60 5 1 447
60 5 2 433
60 6 0 411
60 6 1 450
60 6 2 435
60 7 0 426
60 7 1 451
60 7 2 447
60 8 0 439
60 8 1 446
60 8 2 458
60 9 0 374
60 9 1 406
60 9 2 439
80 0 0 788
80 0 1 788
80 0 2 803
80 1 0 793
80 1 1 800
80 1 2 815
80 2 0 799
80 2 1 752
80 2 2 790
80 3 0 812
80 3 1 829
80 3 2 770
80 4 0 775
80 4 1 802
80 4 2 767
80 5 0 790
80 5 1 795
80 5 2 789
80 6 0 776
80 6 1 808
80 6 2 780
80 7 0 777
80 7 1 795
80 7 2 808
80 8 0 753
80 8 1 706
80 8 2 805
80 9 0 791
80 9 1 770
80 9 2 766
100 0 0 1226
100 0 1 1258
100 0 2 1230
100 1 0 1214
100 1 1 1201
100 1 2 1194
100 2 0 1222
100 2 1 1237
100 2 2 1243
100 3 0 1237
100 3 1 1201
100 3 2 1230
100 4 0 1244
100 4 1 1228
100 4 2 1248
100 5 0 1216
100 5 1 1246
100 5 2 1190
100 6 0 1209
100 6 1 1195
100 6 2 1228
100 7 0 1237
100 7 1 1263
100 7 2 1239
100 8 0 1244
100 8 1 1245
100 8 2 1221
100 9 0 1237
100 9 1 1241
100 9 2 1237
60 0 3 427
60 0 4 409
60 0 5 415
60 0 6 448
60 0 7 439
60 0 8 449
60 0 9 447
60 0 10 442
60 1 3 440
60 1 4 418
60 1 5 447
60 1 6 456
60 1 7 449
60 1 8 444
60 1 9 448
60 1 10 452
60 2 3 455
60 2 4 426
60 2 5 425
60 2 6 449
60 2 7 449
60 2 8 456
60 2 9 412
60 2 10 455
60 3 3 372
60 3 4 428
60 3 5 441
60 3 6 459
60 3 7 456
60 3 8 460
60 3 9 439
60 3 10 438
60 4 3 363
60 4 4 416
60 4 5 433
60 4 6 451
60 4 7 358
60 4 8 449
60 4 9 460
60 4 10 422
60 5 3 442
60 5 4 449
60 5 5 438
60 5 6 435
60 5 7 440
60 5 8 431
60 5 9 445
60 5 10 446
60 6 3 402
60 6 4 461
60 6 5 439
60 6 6 437
60 6 7 431
60 6 8 446
60 6 9 437
60 6 10 454
60 7 3 429
60 7 4 450
60 7 5 434
60 7 6 457
60 7 7 445
60 7 8 451
60 7 9 436
60 7 10 415
60 8 3 428
60 8 4 434
60 8 5 448
60 8 6 397
60 8 7 453
60 8 8 423
60 8 9 448
60 8 10 443
60 9 3 451
60 9 4 430
60 9 5 443
60 9 6 441
60 9 7 434
60 9 8 454
60 9 9 450
60 9 10 458
80 0 3 801
80 0 4 811
80 0 5 809
80 0 6 800
80 0 7 806
80 0 8 760
80 0 9 751
80 0 10 747
80 1 3 752
80 1 4 805
80 1 5 761
80 1 6 754
80 1 7 775
80 1 8 771
80 1 9 768
80 1 10 790
80 2 3 778
80 2 4 803
80 2 5 770
80 2 6 797
80 2 7 786
80 2 8 787
80 2 9 827
80 2 10 823
80 3 3 798
80 3 4 779
80 3 5 774
80 3 6 774
80 3 7 713
80 3 8 803
80 3 9 771
80 3 10 816
80 4 3 803
80 4 4 764
80 4 5 777
80 4 6 753
80 4 7 813
80 4 8 791
80 4 9 783
80 4 10 787
80 5 3 769
80 5 4 768
80 5 5 790
80 5 6 791
80 5 7 771
80 5 8 788
80 5 9 789
80 5 10 805
80 6 3 780
80 6 4 771
80 6 5 804
80 6 6 801
80 6 7 769
80 6 8 817
80 6 9 760
80 6 10 810
80 7 3 794
80 7 4 790
80 7 5 773
80 7 6 778
80 7 7 730
80 7 8 795
80 7 9 736
80 7 10 766
80 8 3 768
80 8 4 787
80 8 5 787
80 8 6 676
80 8 7 767
80 8 8 814
80 8 9 794
80 8 10 799
80 9 3 776
80 9 4 794
80 9 5 753
80 9 6 766
80 9 7 792
80 9 8 800
80 9 9 811
80 9 10 796
100 0 3 1220
100 0 4 1258
100 0 5 1240
100 0 6 1231
100 0 7 1194
100 0 8 1189
100 0 9 1209
100 0 10 1231
100 1 3 1175
100 1 4 1240
100 1 5 1224
100 1 6 1226
100 1 7 1212
100 1 8 1234
100 1 9 1228
100 1 10 1259
100 2 3 1271
100 2 4 1223
100 2 5 1236
100 2 6 1270
100 2 7 1274
100 2 8 1219
100 2 9 1258
100 2 10 1092
100 3 3 1223
100 3 4 1253
100 3 5 1098
100 3 6 1248
100 3 7 1253
100 3 8 1232
100 3 9 1249
100 3 10 1193
100 4 3 1182
100 4 4 1172
100 4 5 1244
100 4 6 1240
100 4 7 1252
100 4 8 1225
100 4 9 1240
100 4 10 1228
100 5 3 1184
100 5 4 1208
100 5 5 1245
100 5 6 1236
100 5 7 1250
100 5 8 1255
100 5 9 1213
100 5 10 1234
100 6 3 1269
100 6 4 1241
100 6 5 1215
100 6 6 1213
100 6 7 1237
100 6 8 1246
100 6 9 1245
100 6 10 1248
100 7 3 1234
100 7 4 1210
100 7 5 1230
100 7 6 1251
100 7 7 1286
100 7 8 1201
100 7 9 1252
100 7 10 1241
100 8 3 1264
100 8 4 1174
100 8 5 1235
100 8 6 1229
100 8 7 1130
100 8 8 1206
100 8 9 1244
100 8 10 1219
100 9 3 1249
100 9 4 1252
100 9 5 1251
100 9 6 1227
100 9 7 1180
100 9 8 1244
100 9 9 1224
100 9 10 1253
