60 0 0 146
60 0 1 349
60 0 2 210
60 0 3 65
60 0 4 317
60 0 5 454
60 0 6 317
60 0 7 233
60 0 8 67
60 0 9 295
60 1 0 0
60 1 1 209
60 1 2 94
60 1 3 100
60 1 4 300
60 1 5 249
60 1 6 228
60 1 7 267
60 1 8 322
60 1 9 308
60 2 0 88
60 2 1 232
60 2 2 118
60 2 3 324
60 2 4 170
60 2 5 118
60 2 6 118
60 2 7 193
60 2 8 386
60 2 9 425
60 3 0 0
60 3 1 160
60 3 2 138
60 3 3 106
60 3 4 80
60 3 5 134
60 3 6 207
60 3 7 53
60 3 8 106
60 3 9 0
60 4 0 114
60 4 1 267
60 4 2 142
60 4 3 88
60 4 4 114
60 4 5 114
60 4 6 381
60 4 7 386
60 4 8 212
60 4 9 302
60 5 0 433
60 5 1 63
60 5 2 437
60 5 3 115
60 5 4 430
60 5 5 184
60 5 6 63
60 5 7 230
60 5 8 244
60 5 9 103
60 6 0 88
60 6 1 62
60 6 2 62
60 6 3 358
60 6 4 165
60 6 5 165
60 6 6 88
60 6 7 165
60 6 8 165
60 6 9 165
60 7 0 88
60 7 1 88
60 7 2 328
60 7 3 343
60 7 4 343
60 7 5 227
60 7 6 276
60 7 7 343
60 7 8 343
60 7 9 276
60 8 0 95
60 8 1 381
60 8 2 382
60 8 3 112
60 8 4 392
60 8 5 375
60 8 6 171
60 8 7 382
60 8 8 184
60 8 9 212
60 9 0 191
60 9 1 290
60 9 2 373
60 9 3 289
60 9 4 238
60 9 5 161
60 9 6 161
60 9 7 137
60 9 8 231
60 9 9 53
80 0 0 244
80 0 1 79
80 0 2 209
80 0 3 209
80 0 4 414
80 0 5 140
80 0 6 180
80 0 7 387
80 0 8 79
80 0 9 79
80 1 0 104
80 1 1 218
80 1 2 252
80 1 3 508
80 1 4 138
80 1 5 217
80 1 6 626
80 1 7 104
80 1 8 183
80 1 9 306
80 2 0 193
80 2 1 647
80 2 2 123
80 2 3 186
80 2 4 298
80 2 5 349
80 2 6 198
80 2 7 85
80 2 8 647
80 2 9 114
80 3 0 519
80 3 1 765
80 3 2 186
80 3 3 225
80 3 4 369
80 3 5 191
80 3 6 150
80 3 7 459
80 3 8 626
80 3 9 121
80 4 0 783
80 4 1 191
80 4 2 360
80 4 3 352
80 4 4 472
80 4 5 407
80 4 6 398
80 4 7 241
80 4 8 250
80 4 9 0
80 5 0 217
80 5 1 181
80 5 2 280
80 5 3 112
80 5 4 148
80 5 5 283
80 5 6 176
80 5 7 352
80 5 8 392
80 5 9 252
80 6 0 199
80 6 1 483
80 6 2 85
80 6 3 160
80 6 4 238
80 6 5 160
80 6 6 160
80 6 7 300
80 6 8 199
80 6 9 85
80 7 0 750
80 7 1 282
80 7 2 122
80 7 3 73
80 7 4 120
80 7 5 122
80 7 6 569
80 7 7 446
80 7 8 216
80 7 9 284
80 8 0 80
80 8 1 80
80 8 2 210
80 8 3 173
80 8 4 504
80 8 5 401
80 8 6 173
80 8 7 80
80 8 8 310
80 8 9 210
80 9 0 141
80 9 1 249
80 9 2 136
80 9 3 742
80 9 4 341
80 9 5 173
80 9 6 179
80 9 7 102
80 9 8 141
80 9 9 102
100 0 0 272
100 0 1 319
100 0 2 273
100 0 3 272
100 0 4 89
100 0 5 437
100 0 6 89
100 0 7 135
100 0 8 229
100 0 9 183
100 1 0 480
100 1 1 1050
100 1 2 687
100 1 3 1222
100 1 4 866
100 1 5 732
100 1 6 360
100 1 7 436
100 1 8 279
100 1 9 791
100 2 0 499
100 2 1 499
100 2 2 237
100 2 3 198
100 2 4 990
100 2 5 237
100 2 6 570
100 2 7 237
100 2 8 393
100 2 9 456
100 3 0 229
100 3 1 187
100 3 2 141
100 3 3 1188
100 3 4 187
100 3 5 322
100 3 6 282
100 3 7 229
100 3 8 538
100 3 9 229
100 4 0 323
100 4 1 239
100 4 2 1102
100 4 3 280
100 4 4 577
100 4 5 275
100 4 6 415
100 4 7 491
100 4 8 569
100 4 9 193
100 5 0 113
100 5 1 851
100 5 2 152
100 5 3 377
100 5 4 294
100 5 5 343
100 5 6 378
100 5 7 427
100 5 8 152
100 5 9 348
100 6 0 325
100 6 1 100
100 6 2 286
100 6 3 100
100 6 4 235
100 6 5 235
100 6 6 235
100 6 7 100
100 6 8 181
100 6 9 286
100 7 0 146
100 7 1 238
100 7 2 250
100 7 3 290
100 7 4 338
100 7 5 290
100 7 6 154
100 7 7 250
100 7 8 324
100 7 9 250
100 8 0 157
100 8 1 98
100 8 2 211
100 8 3 205
100 8 4 257
100 8 5 98
100 8 6 211
100 8 7 98
100 8 8 384
100 8 9 211
100 9 0 368
100 9 1 1175
100 9 2 409
100 9 3 1187
100 9 4 190
100 9 5 570
100 9 6 539
100 9 7 829
100 9 8 1175
100 9 9 601
