60 0 0 447
60 0 1 432
60 0 2 364
60 1 0 441
60 1 1 456
60 1 2 404
60 2 0 441
60 2 1 452
60 2 2 437
60 3 0 429
60 3 1 417
60 3 2 450
60 4 0 429
60 4 1 437
60 4 2 421
60 5 0 445
60 5 1 452
60 5 2 447
60 6 0 449
60 6 1 437
60 6 2 447
60 7 0 451
60 7 1 437
60 7 2 453
60 8 0 422
60 8 1 436
60 8 2 418
60 9 0 442
60 9 1 426
60 9 2 460
80 0 0 798
80 0 1 758
80 0 2 763
80 1 0 794
80 1 1 794
80 1 2 785
80 2 0 767
80 2 1 784
80 2 2 779
80 3 0 708
80 3 1 787
80 3 2 785
80 4 0 738
80 4 1 797
80 4 2 807
80 5 0 787
80 5 1 774
80 5 2 806
80 6 0 730
80 6 1 792
80 6 2 759
80 7 0 803
80 7 1 789
80 7 2 812
80 8 0 808
80 8 1 782
80 8 2 809
80 9 0 801
80 9 1 791
80 9 2 761
100 0 0 1265
100 0 1 1267
100 0 2 1250
100 1 0 1222
100 1 1 1213
100 1 2 1254
100 2 0 1233
100 2 1 1287
100 2 2 1144
100 3 0 1236
100 3 1 1236
100 3 2 1229
100 4 0 1252
100 4 1 1224
100 4 2 1245
100 5 0 1242
100 5 1 1109
100 5 2 1252
100 6 0 1243
100 6 1 1238
100 6 2 1212
100 7 0 1243
100 7 1 1237
100 7 2 1236
100 8 0 1217
100 8 1 1231
100 8 2 1206
100 9 0 1241
100 9 1 1190
100 9 2 1253
60 0 3 422
60 0 4 453
60 0 5 442
60 0 6 395
60 0 7 435
60 0 8 412
60 0 9 437
60 0 10 407
60 1 3 445
60 1 4 426
60 1 5 427
60 1 6 462
60 1 7 424
60 1 8 453
60 1 9 444
60 1 10 460
60 2 3 387
60 2 4 442
60 2 5 445
60 2 6 427
60 2 7 455
60 2 8 440
60 2 9 417
60 2 10 443
60 3 3 421
60 3 4 436
60 3 5 443
60 3 6 447
60 3 7 422
60 3 8 428
60 3 9 453
60 3 10 417
60 4 3 449
60 4 4 455
60 4 5 456
60 4 6 442
60 4 7 436
60 4 8 432
60 4 9 430
60 4 10 443
60 5 3 429
60 5 4 399
60 5 5 457
60 5 6 432
60 5 7 451
60 5 8 454
60 5 9 465
60 5 10 451
60 6 3 428
60 6 4 438
60 6 5 455
60 6 6 455
60 6 7 440
60 6 8 441
60 6 9 406
60 6 10 421
60 7 3 451
60 7 4 447
60 7 5 442
60 7 6 450
60 7 7 398
60 7 8 458
60 7 9 444
60 7 10 439
60 8 3 450
60 8 4 445
60 8 5 426
60 8 6 441
60 8 7 441
60 8 8 431
60 8 9 449
60 8 10 437
60 9 3 447
60 9 4 432
60 9 5 432
60 9 6 449
60 9 7 439
60 9 8 449
60 9 9 452
60 9 10 444
80 0 3 794
80 0 4 774
80 0 5 782
80 0 6 799
80 0 7 810
80 0 8 808
80 0 9 796
80 0 10 762
80 1 3 779
80 1 4 780
80 1 5 751
80 1 6 767
80 1 7 805
80 1 8 810
80 1 9 812
80 1 10 783
80 2 3 790
80 2 4 799
80 2 5 771
80 2 6 785
80 2 7 797
80 2 8 764
80 2 9 788
80 2 10 799
80 3 3 795
80 3 4 785
80 3 5 741
80 3 6 772
80 3 7 801
80 3 8 691
80 3 9 784
80 3 10 802
80 4 3 783
80 4 4 770
80 4 5 808
80 4 6 721
80 4 7 805
80 4 8 775
80 4 9 797
80 4 10 777
80 5 3 756
80 5 4 741
80 5 5 768
80 5 6 799
80 5 7 751
80 5 8 796
80 5 9 791
80 5 10 829
80 6 3 794
80 6 4 805
80 6 5 790
80 6 6 811
80 6 7 798
80 6 8 822
80 6 9 809
80 6 10 798
80 7 3 806
80 7 4 774
80 7 5 765
80 7 6 763
80 7 7 720
80 7 8 797
80 7 9 782
80 7 10 795
80 8 3 754
80 8 4 766
80 8 5 766
80 8 6 808
80 8 7 775
80 8 8 759
80 8 9 753
80 8 10 758
80 9 3 790
80 9 4 799
80 9 5 778
80 9 6 802
80 9 7 789
80 9 8 780
80 9 9 776
80 9 10 800
100 0 3 1261
100 0 4 1204
100 0 5 1227
100 0 6 1168
100 0 7 1153
100 0 8 1129
100 0 9 1213
100 0 10 1250
100 1 3 1217
100 1 4 1245
100 1 5 1215
100 1 6 1233
100 1 7 1208
100 1 8 1232
100 1 9 1222
100 1 10 1248
100 2 3 1246
100 2 4 1188
100 2 5 1165
100 2 6 1260
100 2 7 1238
100 2 8 1175
100 2 9 1275
100 2 10 1189
100 3 3 1250
100 3 4 1238
100 3 5 1226
100 3 6 1231
100 3 7 1248
100 3 8 1235
100 3 9 1247
100 3 10 1227
100 4 3 1263
100 4 4 1213
100 4 5 1225
100 4 6 1279
100 4 7 1228
100 4 8 1250
100 4 9 1187
100 4 10 1237
100 5 3 1241
100 5 4 1203
100 5 5 1190
100 5 6 1237
100 5 7 1141
100 5 8 1253
100 5 9 1227
100 5 10 1265
100 6 3 1206
100 6 4 1232
100 6 5 1218
100 6 6 1168
100 6 7 1266
100 6 8 1200
100 6 9 1254
100 6 10 1261
100 7 3 1098
100 7 4 1208
100 7 5 1185
100 7 6 1247
100 7 7 1222
100 7 8 1251
100 7 9 1222
100 7 10 1249
100 8 3 1225
100 8 4 1230
100 8 5 1234
100 8 6 1224
100 8 7 1224
100 8 8 1238
100 8 9 1242
100 8 10 1227
100 9 3 1224
100 9 4 1250
100 9 5 1287
100 9 6 1221
100 9 7 1221
100 9 8 1182
100 9 9 1201
100 9 10 1238
