60 0 0 426
60 0 1 417
60 0 2 401
60 1 0 352
60 1 1 445
60 1 2 438
60 2 0 427
60 2 1 440
60 2 2 451
60 3 0 378
60 3 1 440
60 3 2 439
60 4 0 448
60 4 1 444
60 4 2 452
60 5 0 422
60 5 1 444
60 5 2 427
60 6 0 438
60 6 1 404
60 6 2 420
60 7 0 469
60 7 1 442
60 7 2 417
60 8 0 455
60 8 1 448
60 8 2 427
60 9 0 448
60 9 1 440
60 9 2 418
80 0 0 779
80 0 1 785
80 0 2 748
80 1 0 741
80 1 1 768
80 1 2 775
80 2 0 806
80 2 1 780
80 2 2 764
80 3 0 789
80 3 1 768
80 3 2 817
80 4 0 779
80 4 1 805
80 4 2 815
80 5 0 785
80 5 1 704
80 5 2 794
80 6 0 798
80 6 1 778
80 6 2 773
80 7 0 806
80 7 1 768
80 7 2 801
80 8 0 700
80 8 1 737
80 8 2 809
80 9 0 796
80 9 1 802
80 9 2 806
100 0 0 1235
100 0 1 1251
100 0 2 1232
100 1 0 1243
100 1 1 1218
100 1 2 1225
100 2 0 1250
100 2 1 1195
100 2 2 1216
100 3 0 1211
100 3 1 1222
100 3 2 1272
100 4 0 1214
100 4 1 1166
100 4 2 1187
100 5 0 1129
100 5 1 1229
100 5 2 1198
100 6 0 1187
100 6 1 1274
100 6 2 1252
100 7 0 1245
100 7 1 1218
100 7 2 1220
100 8 0 1233
100 8 1 1209
100 8 2 1225
100 9 0 1207
100 9 1 1243
100 9 2 1241
60 0 3 422
60 0 4 444
60 0 5 444
60 0 6 451
60 0 7 418
60 0 8 453
60 0 9 417
60 0 10 435
60 1 3 450
60 1 4 475
60 1 5 401
60 1 6 443
60 1 7 441
60 1 8 454
60 1 9 444
60 1 10 414
60 2 3 384
60 2 4 403
60 2 5 441
60 2 6 434
60 2 7 435
60 2 8 439
60 2 9 446
60 2 10 452
60 3 3 462
60 3 4 462
60 3 5 417
60 3 6 435
60 3 7 445
60 3 8 436
60 3 9 418
60 3 10 441
60 4 3 441
60 4 4 443
60 4 5 426
60 4 6 436
60 4 7 451
60 4 8 390
60 4 9 383
60 4 10 435
60 5 3 448
60 5 4 431
60 5 5 413
60 5 6 429
60 5 7 450
60 5 8 353
60 5 9 460
60 5 10 407
60 6 3 458
60 6 4 453
60 6 5 367
60 6 6 434
60 6 7 427
60 6 8 426
60 6 9 460
60 6 10 443
60 7 3 433
60 7 4 435
60 7 5 441
60 7 6 430
60 7 7 453
60 7 8 424
60 7 9 442
60 7 10 433
60 8 3 442
60 8 4 421
60 8 5 434
60 8 6 436
60 8 7 443
60 8 8 413
60 8 9 462
60 8 10 446
60 9 3 433
60 9 4 450
60 9 5 440
60 9 6 432
60 9 7 443
60 9 8 385
60 9 9 439
60 9 10 428
80 0 3 764
80 0 4 799
80 0 5 778
80 0 6 775
80 0 7 791
80 0 8 764
80 0 9 795
80 0 10 804
80 1 3 780
80 1 4 806
80 1 5 803
80 1 6 792
80 1 7 755
80 1 8 777
80 1 9 764
80 1 10 819
80 2 3 775
80 2 4 687
80 2 5 754
80 2 6 755
80 2 7 824
80 2 8 773
80 2 9 795
80 2 10 768
80 3 3 768
80 3 4 807
80 3 5 805
80 3 6 792
80 3 7 806
80 3 8 785
80 3 9 808
80 3 10 797
80 4 3 772
80 4 4 694
80 4 5 789
80 4 6 660
80 4 7 825
80 4 8 808
80 4 9 807
80 4 10 766
80 5 3 770
80 5 4 773
80 5 5 797
80 5 6 776
80 5 7 808
80 5 8 843
80 5 9 766
80 5 10 784
80 6 3 778
80 6 4 774
80 6 5 794
80 6 6 783
80 6 7 798
80 6 8 819
80 6 9 775
80 6 10 797
80 7 3 803
80 7 4 791
80 7 5 773
80 7 6 781
80 7 7 749
80 7 8 683
80 7 9 769
80 7 10 797
80 8 3 803
80 8 4 767
80 8 5 801
80 8 6 725
80 8 7 795
80 8 8 800
80 8 9 804
80 8 10 769
80 9 3 826
80 9 4 725
80 9 5 783
80 9 6 772
80 9 7 822
80 9 8 803
80 9 9 761
80 9 10 764
100 0 3 1189
100 0 4 1220
100 0 5 1253
100 0 6 1271
100 0 7 1197
100 0 8 1252
100 0 9 1271
100 0 10 1241
100 1 3 1236
100 1 4 1246
100 1 5 1249
100 1 6 1205
100 1 7 1157
100 1 8 1223
100 1 9 1260
100 1 10 1233
100 2 3 1131
100 2 4 1239
100 2 5 1162
100 2 6 1075
100 2 7 1207
100 2 8 1232
100 2 9 1261
100 2 10 1242
100 3 3 1196
100 3 4 1260
100 3 5 1249
100 3 6 1185
100 3 7 1217
100 3 8 1265
100 3 9 1225
100 3 10 1211
100 4 3 1215
100 4 4 1221
100 4 5 1214
100 4 6 1150
100 4 7 1212
100 4 8 1228
100 4 9 1258
100 4 10 1116
100 5 3 1236
100 5 4 1236
100 5 5 1248
100 5 6 1205
100 5 7 1263
100 5 8 1218
100 5 9 1200
100 5 10 1285
100 6 3 1227
100 6 4 1233
100 6 5 1256
100 6 6 1185
100 6 7 1257
100 6 8 1223
100 6 9 1237
100 6 10 1207
100 7 3 1258
100 7 4 1221
100 7 5 1225
100 7 6 1198
100 7 7 1215
100 7 8 1187
100 7 9 1141
100 7 10 1213
100 8 3 1237
100 8 4 1220
100 8 5 1239
100 8 6 1239
100 8 7 1177
100 8 8 1187
100 8 9 1250
100 8 10 1217
100 9 3 1212
100 9 4 1227
100 9 5 1244
100 9 6 1195
100 9 7 1214
100 9 8 1236
100 9 9 1163
100 9 10 1258
