60 0 0 369
60 0 1 458
60 0 2 359
60 1 0 426
60 1 1 436
60 1 2 418
60 2 0 433
60 2 1 456
60 2 2 421
60 3 0 341
60 3 1 434
60 3 2 429
60 4 0 440
60 4 1 361
60 4 2 443
60 5 0 434
60 5 1 432
60 5 2 446
60 6 0 455
60 6 1 411
60 6 2 374
60 7 0 420
60 7 1 434
60 7 2 439
60 8 0 447
60 8 1 414
60 8 2 427
60 9 0 458
60 9 1 452
60 9 2 442
80 0 0 790
80 0 1 803
80 0 2 759
80 1 0 795
80 1 1 662
80 1 2 807
80 2 0 744
80 2 1 778
80 2 2 739
80 3 0 788
80 3 1 789
80 3 2 759
80 4 0 746
80 4 1 765
80 4 2 740
80 5 0 775
80 5 1 779
80 5 2 785
80 6 0 785
80 6 1 732
80 6 2 781
80 7 0 777
80 7 1 762
80 7 2 760
80 8 0 770
80 8 1 805
80 8 2 679
80 9 0 797
80 9 1 766
80 9 2 758
100 0 0 1198
100 0 1 1230
100 0 2 1166
100 1 0 1239
100 1 1 1227
100 1 2 1127
100 2 0 1226
100 2 1 1170
100 2 2 1212
100 3 0 1254
100 3 1 1226
100 3 2 1219
100 4 0 1218
100 4 1 1193
100 4 2 1142
100 5 0 1210
100 5 1 1253
100 5 2 1275
100 6 0 1243
100 6 1 1228
100 6 2 1231
100 7 0 1153
100 7 1 1223
100 7 2 1249
100 8 0 1235
100 8 1 1215
100 8 2 1149
100 9 0 1183
100 9 1 1235
100 9 2 1053
60 0 3 447
60 0 4 440
60 0 5 434
60 0 6 414
60 0 7 386
60 0 8 446
60 0 9 432
60 0 10 452
60 1 3 386
60 1 4 430
60 1 5 442
60 1 6 392
60 1 7 425
60 1 8 438
60 1 9 442
60 1 10 389
60 2 3 397
60 2 4 471
60 2 5 418
60 2 6 446
60 2 7 440
60 2 8 438
60 2 9 442
60 2 10 448
60 3 3 415
60 3 4 404
60 3 5 401
60 3 6 409
60 3 7 437
60 3 8 429
60 3 9 448
60 3 10 445
60 4 3 396
60 4 4 421
60 4 5 376
60 4 6 435
60 4 7 425
60 4 8 434
60 4 9 422
60 4 10 439
60 5 3 401
60 5 4 421
60 5 5 424
60 5 6 448
60 5 7 445
60 5 8 430
60 5 9 457
60 5 10 456
60 6 3 392
60 6 4 452
60 6 5 426
60 6 6 436
60 6 7 450
60 6 8 438
60 6 9 465
60 6 10 434
60 7 3 453
60 7 4 244
60 7 5 461
60 7 6 448
60 7 7 435
60 7 8 432
60 7 9 450
60 7 10 433
60 8 3 401
60 8 4 425
60 8 5 434
60 8 6 449
60 8 7 416
60 8 8 405
60 8 9 440
60 8 10 445
60 9 3 441
60 9 4 401
60 9 5 450
60 9 6 379
60 9 7 443
60 9 8 418
60 9 9 466
60 9 10 411
80 0 3 779
80 0 4 784
80 0 5 775
80 0 6 796
80 0 7 766
80 0 8 767
80 0 9 690
80 0 10 786
80 1 3 686
80 1 4 791
80 1 5 756
80 1 6 761
80 1 7 783
80 1 8 723
80 1 9 782
80 1 10 797
80 2 3 774
80 2 4 773
80 2 5 554
80 2 6 791
80 2 7 771
80 2 8 802
80 2 9 678
80 2 10 756
80 3 3 782
80 3 4 798
80 3 5 789
80 3 6 742
80 3 7 810
80 3 8 795
80 3 9 691
80 3 10 793
80 4 3 806
80 4 4 790
80 4 5 754
80 4 6 745
80 4 7 744
80 4 8 786
80 4 9 661
80 4 10 748
80 5 3 788
80 5 4 784
80 5 5 828
80 5 6 786
80 5 7 780
80 5 8 802
80 5 9 807
80 5 10 790
80 6 3 795
80 6 4 797
80 6 5 752
80 6 6 790
80 6 7 649
80 6 8 790
80 6 9 799
80 6 10 803
80 7 3 789
80 7 4 796
80 7 5 762
80 7 6 767
80 7 7 778
80 7 8 780
80 7 9 799
80 7 10 815
80 8 3 768
80 8 4 787
80 8 5 779
80 8 6 775
80 8 7 575
80 8 8 780
80 8 9 777
80 8 10 798
80 9 3 788
80 9 4 721
80 9 5 773
80 9 6 794
80 9 7 798
80 9 8 810
80 9 9 782
80 9 10 796
100 0 3 1236
100 0 4 1199
100 0 5 1247
100 0 6 1227
100 0 7 1190
100 0 8 1246
100 0 9 1237
100 0 10 1199
100 1 3 1081
100 1 4 1245
100 1 5 1238
100 1 6 1252
100 1 7 1237
100 1 8 1225
100 1 9 1270
100 1 10 1222
100 2 3 1254
100 2 4 1229
100 2 5 1238
100 2 6 1200
100 2 7 1228
100 2 8 1271
100 2 9 1209
100 2 10 1235
100 3 3 1183
100 3 4 1271
100 3 5 1245
100 3 6 1276
100 3 7 1280
100 3 8 1170
100 3 9 1162
100 3 10 1121
100 4 3 1230
100 4 4 1130
100 4 5 1257
100 4 6 1239
100 4 7 1175
100 4 8 1205
100 4 9 1224
100 4 10 1107
100 5 3 1182
100 5 4 1231
100 5 5 1219
100 5 6 1149
100 5 7 1238
100 5 8 1224
100 5 9 1229
100 5 10 1243
100 6 3 1230
100 6 4 1127
100 6 5 1243
100 6 6 1173
100 6 7 1188
100 6 8 1217
100 6 9 1241
100 6 10 1192
100 7 3 1202
100 7 4 1257
100 7 5 1253
100 7 6 1195
100 7 7 1140
100 7 8 1252
100 7 9 1251
100 7 10 1228
100 8 3 1237
100 8 4 1240
100 8 5 1188
100 8 6 1136
100 8 7 1231
100 8 8 1240
100 8 9 1210
100 8 10 1227
100 9 3 1221
100 9 4 1235
100 9 5 1221
100 9 6 1234
100 9 7 1168
100 9 8 1126
100 9 9 1241
100 9 10 1130
