60 0 0 442
60 0 1 424
60 0 2 441
60 1 0 450
60 1 1 438
60 1 2 419
60 2 0 427
60 2 1 409
60 2 2 440
60 3 0 460
60 3 1 434
60 3 2 438
60 4 0 439
60 4 1 406
60 4 2 437
60 5 0 440
60 5 1 431
60 5 2 412
60 6 0 356
60 6 1 441
60 6 2 461
60 7 0 440
60 7 1 456
60 7 2 379
60 8 0 406
60 8 1 421
60 8 2 432
60 9 0 445
60 9 1 412
60 9 2 437
80 0 0 680
80 0 1 792
80 0 2 625
80 1 0 751
80 1 1 743
80 1 2 784
80 2 0 617
80 2 1 770
80 2 2 796
80 3 0 800
80 3 1 763
80 3 2 801
80 4 0 793
80 4 1 786
80 4 2 713
80 5 0 792
80 5 1 766
80 5 2 786
80 6 0 804
80 6 1 802
80 6 2 783
80 7 0 790
80 7 1 650
80 7 2 751
80 8 0 739
80 8 1 767
80 8 2 751
80 9 0 783
80 9 1 770
80 9 2 777
100 0 0 1234
100 0 1 1247
100 0 2 1238
100 1 0 1244
100 1 1 1254
100 1 2 1189
100 2 0 1232
100 2 1 1201
100 2 2 1263
100 3 0 1198
100 3 1 1190
100 3 2 1212
100 4 0 1191
100 4 1 1229
100 4 2 1167
100 5 0 1243
100 5 1 1255
100 5 2 1234
100 6 0 1209
100 6 1 1235
100 6 2 1195
100 7 0 1196
100 7 1 1229
100 7 2 1212
100 8 0 1257
100 8 1 1217
100 8 2 1227
100 9 0 1224
100 9 1 969
100 9 2 1228
60 0 3 407
60 0 4 415
60 0 5 465
60 0 6 436
60 0 7 415
60 0 8 438
60 0 9 397
60 0 10 448
60 1 3 447
60 1 4 441
60 1 5 436
60 1 6 440
60 1 7 447
60 1 8 403
60 1 9 420
60 1 10 313
60 2 3 440
60 2 4 444
60 2 5 443
60 2 6 414
60 2 7 397
60 2 8 449
60 2 9 459
60 2 10 399
60 3 3 445
60 3 4 404
60 3 5 410
60 3 6 439
60 3 7 442
60 3 8 412
60 3 9 450
60 3 10 443
60 4 3 408
60 4 4 461
60 4 5 375
60 4 6 451
60 4 7 398
60 4 8 422
60 4 9 440
60 4 10 396
60 5 3 373
60 5 4 440
60 5 5 412
60 5 6 433
60 5 7 439
60 5 8 413
60 5 9 438
60 5 10 394
60 6 3 434
60 6 4 447
60 6 5 447
60 6 6 456
60 6 7 437
60 6 8 441
60 6 9 379
60 6 10 459
60 7 3 426
60 7 4 420
60 7 5 424
60 7 6 387
60 7 7 434
60 7 8 410
60 7 9 395
60 7 10 442
60 8 3 444
60 8 4 449
60 8 5 451
60 8 6 458
60 8 7 433
60 8 8 445
60 8 9 400
60 8 10 424
60 9 3 420
60 9 4 422
60 9 5 390
60 9 6 452
60 9 7 451
60 9 8 434
60 9 9 362
60 9 10 430
80 0 3 791
80 0 4 787
80 0 5 787
80 0 6 793
80 0 7 787
80 0 8 754
80 0 9 789
80 0 10 776
80 1 3 779
80 1 4 657
80 1 5 797
80 1 6 785
80 1 7 798
80 1 8 671
80 1 9 811
80 1 10 779
80 2 3 772
80 2 4 731
80 2 5 774
80 2 6 760
80 2 7 795
80 2 8 643
80 2 9 771
80 2 10 778
80 3 3 758
80 3 4 685
80 3 5 749
80 3 6 793
80 3 7 758
80 3 8 786
80 3 9 740
80 3 10 736
80 4 3 756
80 4 4 738
80 4 5 761
80 4 6 793
80 4 7 808
80 4 8 767
80 4 9 787
80 4 10 789
80 5 3 772
80 5 4 721
80 5 5 750
80 5 6 768
80 5 7 755
80 5 8 786
80 5 9 785
80 5 10 791
80 6 3 792
80 6 4 788
80 6 5 783
80 6 6 828
80 6 7 767
80 6 8 752
80 6 9 771
80 6 10 803
80 7 3 752
80 7 4 769
80 7 5 712
80 7 6 784
80 7 7 779
80 7 8 732
80 7 9 793
80 7 10 792
80 8 3 756
80 8 4 731
80 8 5 784
80 8 6 727
80 8 7 806
80 8 8 788
80 8 9 800
80 8 10 797
80 9 3 774
80 9 4 796
80 9 5 742
80 9 6 777
80 9 7 739
80 9 8 769
80 9 9 789
80 9 10 788
100 0 3 1237
100 0 4 1241
100 0 5 1079
100 0 6 1198
100 0 7 1242
100 0 8 1229
100 0 9 1194
100 0 10 1204
100 1 3 1246
100 1 4 1232
100 1 5 1247
100 1 6 1243
100 1 7 1241
100 1 8 1205
100 1 9 1196
100 1 10 1227
100 2 3 1249
100 2 4 1190
100 2 5 1144
100 2 6 1106
100 2 7 1227
100 2 8 1265
100 2 9 1213
100 2 10 1153
100 3 3 1171
100 3 4 1106
100 3 5 1196
100 3 6 1227
100 3 7 1123
100 3 8 1235
100 3 9 1255
100 3 10 1228
100 4 3 1247
100 4 4 1232
100 4 5 1180
100 4 6 1215
100 4 7 1162
100 4 8 1166
100 4 9 1221
100 4 10 1135
100 5 3 1227
100 5 4 1217
100 5 5 1234
100 5 6 1229
100 5 7 1242
100 5 8 1224
100 5 9 1229
100 5 10 1209
100 6 3 1186
100 6 4 1263
100 6 5 1170
100 6 6 1237
100 6 7 1239
100 6 8 1162
100 6 9 1219
100 6 10 1210
100 7 3 1229
100 7 4 1195
100 7 5 1222
100 7 6 1206
100 7 7 1214
100 7 8 1215
100 7 9 1208
100 7 10 1209
100 8 3 1237
100 8 4 1227
100 8 5 1253
100 8 6 1232
100 8 7 1226
100 8 8 1247
100 8 9 1211
100 8 10 1232
100 9 3 1231
100 9 4 1233
100 9 5 1230
100 9 6 1220
100 9 7 1259
100 9 8 1205
100 9 9 1156
100 9 10 1271
