60 0 0 438
60 0 1 446
60 0 2 433
60 1 0 421
60 1 1 446
60 1 2 431
60 2 0 448
60 2 1 373
60 2 2 454
60 3 0 455
60 3 1 473
60 3 2 441
60 4 0 447
60 4 1 447
60 4 2 439
60 5 0 449
60 5 1 449
60 5 2 414
60 6 0 437
60 6 1 457
60 6 2 440
60 7 0 376
60 7 1 447
60 7 2 457
60 8 0 464
60 8 1 425
60 8 2 411
60 9 0 444
60 9 1 455
60 9 2 413
80 0 0 774
80 0 1 817
80 0 2 751
80 1 0 800
80 1 1 805
80 1 2 795
80 2 0 794
80 2 1 785
80 2 2 797
80 3 0 769
80 3 1 783
80 3 2 833
80 4 0 824
80 4 1 748
80 4 2 811
80 5 0 781
80 5 1 766
80 5 2 790
80 6 0 794
80 6 1 791
80 6 2 798
80 7 0 800
80 7 1 750
80 7 2 763
80 8 0 786
80 8 1 764
80 8 2 807
80 9 0 752
80 9 1 711
80 9 2 800
100 0 0 1234
100 0 1 1236
100 0 2 1241
100 1 0 1240
100 1 1 1245
100 1 2 1245
100 2 0 1191
100 2 1 1143
100 2 2 1217
100 3 0 1146
100 3 1 1257
100 3 2 1227
100 4 0 1215
100 4 1 1220
100 4 2 1194
100 5 0 1250
100 5 1 1247
100 5 2 1111
100 6 0 1158
100 6 1 1097
100 6 2 1251
100 7 0 1234
100 7 1 1230
100 7 2 1229
100 8 0 1212
100 8 1 1262
100 8 2 1203
100 9 0 1100
100 9 1 1233
100 9 2 1251
60 0 3 426
60 0 4 431
60 0 5 418
60 0 6 422
60 0 7 449
60 0 8 431
60 0 9 439
60 0 10 446
60 1 3 419
60 1 4 449
60 1 5 442
60 1 6 437
60 1 7 396
60 1 8 445
60 1 9 441
60 1 10 433
60 2 3 453
60 2 4 426
60 2 5 460
60 2 6 448
60 2 7 411
60 2 8 455
60 2 9 432
60 2 10 427
60 3 3 379
60 3 4 453
60 3 5 443
60 3 6 441
60 3 7 441
60 3 8 437
60 3 9 444
60 3 10 420
60 4 3 430
60 4 4 439
60 4 5 434
60 4 6 456
60 4 7 419
60 4 8 451
60 4 9 443
60 4 10 445
60 5 3 425
60 5 4 445
60 5 5 447
60 5 6 414
60 5 7 431
60 5 8 444
60 5 9 428
60 5 10 424
60 6 3 446
60 6 4 438
60 6 5 389
60 6 6 437
60 6 7 451
60 6 8 417
60 6 9 437
60 6 10 449
60 7 3 448
60 7 4 442
60 7 5 430
60 7 6 447
60 7 7 397
60 7 8 448
60 7 9 396
60 7 10 422
60 8 3 432
60 8 4 432
60 8 5 435
60 8 6 462
60 8 7 450
60 8 8 430
60 8 9 428
60 8 10 443
60 9 3 448
60 9 4 443
60 9 5 447
60 9 6 433
60 9 7 454
60 9 8 478
60 9 9 429
60 9 10 436
80 0 3 725
80 0 4 777
80 0 5 803
80 0 6 791
80 0 7 726
80 0 8 794
80 0 9 774
80 0 10 798
80 1 3 814
80 1 4 768
80 1 5 794
80 1 6 781
80 1 7 760
80 1 8 788
80 1 9 790
80 1 10 596
80 2 3 778
80 2 4 797
80 2 5 687
80 2 6 786
80 2 7 792
80 2 8 798
80 2 9 797
80 2 10 760
80 3 3 795
80 3 4 791
80 3 5 797
80 3 6 738
80 3 7 791
80 3 8 779
80 3 9 759
80 3 10 809
80 4 3 793
80 4 4 780
80 4 5 786
80 4 6 788
80 4 7 750
80 4 8 776
80 4 9 782
80 4 10 768
80 5 3 771
80 5 4 815
80 5 5 763
80 5 6 798
80 5 7 726
80 5 8 774
80 5 9 784
80 5 10 802
80 6 3 801
80 6 4 797
80 6 5 789
80 6 6 769
80 6 7 761
80 6 8 778
80 6 9 777
80 6 10 692
80 7 3 797
80 7 4 819
80 7 5 738
80 7 6 794
80 7 7 793
80 7 8 797
80 7 9 785
80 7 10 773
80 8 3 698
80 8 4 790
80 8 5 761
80 8 6 794
80 8 7 791
80 8 8 784
80 8 9 813
80 8 10 784
80 9 3 810
80 9 4 807
80 9 5 754
80 9 6 790
80 9 7 790
80 9 8 779
80 9 9 814
80 9 10 747
100 0 3 1249
100 0 4 1226
100 0 5 1232
100 0 6 1172
100 0 7 1245
100 0 8 1214
100 0 9 1257
100 0 10 1163
100 1 3 1251
100 1 4 1268
100 1 5 1159
100 1 6 1246
100 1 7 1220
100 1 8 1243
100 1 9 1142
100 1 10 1231
100 2 3 1188
100 2 4 1251
100 2 5 1160
100 2 6 1257
100 2 7 1205
100 2 8 1176
100 2 9 1158
100 2 10 1103
100 3 3 1220
100 3 4 1258
100 3 5 1233
100 3 6 1216
100 3 7 1228
100 3 8 1237
100 3 9 1244
100 3 10 1224
100 4 3 1230
100 4 4 1194
100 4 5 1254
100 4 6 1232
100 4 7 1239
100 4 8 1242
100 4 9 1178
100 4 10 1234
100 5 3 1264
100 5 4 1189
100 5 5 1141
100 5 6 1192
100 5 7 1229
100 5 8 1252
100 5 9 1247
100 5 10 1246
100 6 3 1240
100 6 4 1210
100 6 5 1226
100 6 6 1237
100 6 7 1247
100 6 8 1247
100 6 9 1270
100 6 10 1210
100 7 3 1240
100 7 4 1223
100 7 5 1161
100 7 6 1060
100 7 7 1252
100 7 8 1217
100 7 9 1256
100 7 10 1222
100 8 3 1149
100 8 4 1203
100 8 5 1164
100 8 6 1260
100 8 7 1245
100 8 8 1212
100 8 9 1242
100 8 10 1256
100 9 3 1224
100 9 4 1267
100 9 5 1148
100 9 6 1188
100 9 7 1240
100 9 8 1249
100 9 9 1217
100 9 10 1231
