60 0 0 435
60 0 1 427
60 0 2 404
60 1 0 441
60 1 1 451
60 1 2 457
60 2 0 441
60 2 1 408
60 2 2 428
60 3 0 417
60 3 1 415
60 3 2 447
60 4 0 460
60 4 1 443
60 4 2 436
60 5 0 480
60 5 1 433
60 5 2 442
60 6 0 439
60 6 1 435
60 6 2 463
60 7 0 431
60 7 1 409
60 7 2 427
60 8 0 469
60 8 1 443
60 8 2 391
60 9 0 437
60 9 1 457
60 9 2 336
80 0 0 776
80 0 1 796
80 0 2 774
80 1 0 829
80 1 1 783
80 1 2 760
80 2 0 755
80 2 1 788
80 2 2 752
80 3 0 737
80 3 1 819
80 3 2 759
80 4 0 796
80 4 1 808
80 4 2 797
80 5 0 778
80 5 1 789
80 5 2 778
80 6 0 784
80 6 1 792
80 6 2 710
80 7 0 798
80 7 1 796
80 7 2 795
80 8 0 736
80 8 1 790
80 8 2 791
80 9 0 761
80 9 1 790
80 9 2 781
100 0 0 1230
100 0 1 1237
100 0 2 1220
100 1 0 1235
100 1 1 1246
100 1 2 1222
100 2 0 1224
100 2 1 1216
100 2 2 1202
100 3 0 1238
100 3 1 1250
100 3 2 1265
100 4 0 1181
100 4 1 1233
100 4 2 1219
100 5 0 1196
100 5 1 1236
100 5 2 1145
100 6 0 1234
100 6 1 1247
100 6 2 1253
100 7 0 1249
100 7 1 1226
100 7 2 1148
100 8 0 1193
100 8 1 1275
100 8 2 1250
100 9 0 1255
100 9 1 1269
100 9 2 1253
60 0 3 397
60 0 4 435
60 0 5 446
60 0 6 468
60 0 7 423
60 0 8 442
60 0 9 446
60 0 10 431
60 1 3 420
60 1 4 453
60 1 5 430
60 1 6 453
60 1 7 445
60 1 8 453
60 1 9 457
60 1 10 448
60 2 3 367
60 2 4 443
60 2 5 412
60 2 6 437
60 2 7 437
60 2 8 429
60 2 9 451
60 2 10 429
60 3 3 443
60 3 4 452
60 3 5 425
60 3 6 397
60 3 7 439
60 3 8 445
60 3 9 431
60 3 10 417
60 4 3 463
60 4 4 430
60 4 5 451
60 4 6 432
60 4 7 338
60 4 8 437
60 4 9 440
60 4 10 437
60 5 3 425
60 5 4 445
60 5 5 459
60 5 6 417
60 5 7 453
60 5 8 436
60 5 9 427
60 5 10 380
60 6 3 382
60 6 4 443
60 6 5 435
60 6 6 446
60 6 7 422
60 6 8 446
60 6 9 433
60 6 10 439
60 7 3 454
60 7 4 408
60 7 5 444
60 7 6 447
60 7 7 460
60 7 8 444
60 7 9 416
60 7 10 442
60 8 3 439
60 8 4 396
60 8 5 458
60 8 6 432
60 8 7 389
60 8 8 432
60 8 9 421
60 8 10 444
60 9 3 447
60 9 4 445
60 9 5 438
60 9 6 456
60 9 7 452
60 9 8 393
60 9 9 423
60 9 10 443
80 0 3 776
80 0 4 780
80 0 5 800
80 0 6 784
80 0 7 789
80 0 8 803
80 0 9 712
80 0 10 676
80 1 3 792
80 1 4 737
80 1 5 820
80 1 6 790
80 1 7 806
80 1 8 805
80 1 9 785
80 1 10 794
80 2 3 775
80 2 4 779
80 2 5 786
80 2 6 801
80 2 7 785
80 2 8 795
80 2 9 839
80 2 10 808
80 3 3 810
80 3 4 777
80 3 5 796
80 3 6 812
80 3 7 777
80 3 8 782
80 3 9 773
80 3 10 782
80 4 3 824
80 4 4 792
80 4 5 783
80 4 6 819
80 4 7 750
80 4 8 747
80 4 9 800
80 4 10 782
80 5 3 746
80 5 4 790
80 5 5 811
80 5 6 766
80 5 7 699
80 5 8 791
80 5 9 767
80 5 10 789
80 6 3 799
80 6 4 778
80 6 5 803
80 6 6 738
80 6 7 774
80 6 8 787
80 6 9 804
80 6 10 812
80 7 3 806
80 7 4 807
80 7 5 793
80 7 6 699
80 7 7 764
80 7 8 772
80 7 9 818
80 7 10 787
80 8 3 772
80 8 4 777
80 8 5 813
80 8 6 827
80 8 7 771
80 8 8 789
80 8 9 816
80 8 10 796
80 9 3 785
80 9 4 817
80 9 5 813
80 9 6 788
80 9 7 808
80 9 8 796
80 9 9 818
80 9 10 727
100 0 3 1246
100 0 4 1232
100 0 5 1240
100 0 6 1244
100 0 7 1202
100 0 8 1292
100 0 9 1126
100 0 10 1181
100 1 3 1194
100 1 4 1233
100 1 5 1257
100 1 6 1226
100 1 7 1261
100 1 8 1237
100 1 9 1239
100 1 10 1218
100 2 3 1215
100 2 4 1249
100 2 5 1251
100 2 6 1245
100 2 7 1225
100 2 8 1233
100 2 9 1266
100 2 10 1245
100 3 3 1220
100 3 4 1236
100 3 5 1106
100 3 6 1220
100 3 7 1273
100 3 8 1189
100 3 9 1150
100 3 10 1220
100 4 3 1230
100 4 4 1233
100 4 5 1107
100 4 6 1255
100 4 7 1192
100 4 8 1202
100 4 9 1268
100 4 10 1250
100 5 3 1180
100 5 4 1187
100 5 5 1239
100 5 6 1231
100 5 7 1241
100 5 8 1125
100 5 9 1221
100 5 10 1222
100 6 3 1227
100 6 4 1257
100 6 5 1233
100 6 6 1259
100 6 7 1275
100 6 8 1252
100 6 9 1232
100 6 10 1259
100 7 3 1256
100 7 4 1267
100 7 5 1169
100 7 6 1221
100 7 7 1238
100 7 8 1251
100 7 9 1197
100 7 10 1247
100 8 3 1262
100 8 4 1195
100 8 5 1239
100 8 6 1223
100 8 7 1229
100 8 8 1250
100 8 9 1230
100 8 10 1164
100 9 3 1199
100 9 4 1144
100 9 5 1236
100 9 6 1144
100 9 7 1270
100 9 8 1233
100 9 9 1259
100 9 10 1253
