60 0 0 444
60 0 1 428
60 0 2 406
60 1 0 449
60 1 1 365
60 1 2 390
60 2 0 370
60 2 1 402
60 2 2 428
60 3 0 428
60 3 1 414
60 3 2 413
60 4 0 423
60 4 1 382
60 4 2 404
60 5 0 409
60 5 1 368
60 5 2 411
60 6 0 398
60 6 1 426
60 6 2 414
60 7 0 419
60 7 1 438
60 7 2 458
60 8 0 362
60 8 1 390
60 8 2 331
60 9 0 464
60 9 1 331
60 9 2 416
80 0 0 593
80 0 1 470
80 0 2 763
80 1 0 797
80 1 1 758
80 1 2 783
80 2 0 739
80 2 1 779
80 2 2 773
80 3 0 796
80 3 1 720
80 3 2 628
80 4 0 770
80 4 1 774
80 4 2 805
80 5 0 439
80 5 1 635
80 5 2 792
80 6 0 708
80 6 1 779
80 6 2 774
80 7 0 746
80 7 1 768
80 7 2 635
80 8 0 703
80 8 1 489
80 8 2 777
80 9 0 631
80 9 1 788
80 9 2 778
100 0 0 1227
100 0 1 1151
100 0 2 1225
100 1 0 1208
100 1 1 1211
100 1 2 1207
100 2 0 1188
100 2 1 976
100 2 2 1240
100 3 0 1184
100 3 1 1226
100 3 2 1225
100 4 0 1116
100 4 1 963
100 4 2 551
100 5 0 1169
100 5 1 935
100 5 2 1218
100 6 0 1215
100 6 1 1088
100 6 2 1079
100 7 0 1197
100 7 1 1197
100 7 2 1237
100 8 0 1214
100 8 1 1135
100 8 2 1011
100 9 0 1214
100 9 1 716
100 9 2 1118
60 0 3 433
60 0 4 420
60 0 5 384
60 0 6 367
60 0 7 422
60 0 8 429
60 0 9 352
60 0 10 298
60 1 3 436
60 1 4 435
60 1 5 345
60 1 6 420
60 1 7 434
60 1 8 444
60 1 9 403
60 1 10 427
60 2 3 455
60 2 4 447
60 2 5 392
60 2 6 414
60 2 7 446
60 2 8 429
60 2 9 391
60 2 10 407
60 3 3 426
60 3 4 306
60 3 5 405
60 3 6 430
60 3 7 454
60 3 8 442
60 3 9 401
60 3 10 416
60 4 3 392
60 4 4 431
60 4 5 433
60 4 6 335
60 4 7 354
60 4 8 446
60 4 9 163
60 4 10 234
60 5 3 347
60 5 4 347
60 5 5 283
60 5 6 432
60 5 7 454
60 5 8 393
60 5 9 450
60 5 10 453
60 6 3 446
60 6 4 393
60 6 5 440
60 6 6 297
60 6 7 451
60 6 8 448
60 6 9 453
60 6 10 400
60 7 3 437
60 7 4 358
60 7 5 437
60 7 6 426
60 7 7 371
60 7 8 454
60 7 9 440
60 7 10 240
60 8 3 386
60 8 4 356
60 8 5 440
60 8 6 422
60 8 7 446
60 8 8 297
60 8 9 442
60 8 10 343
60 9 3 430
60 9 4 425
60 9 5 428
60 9 6 445
60 9 7 417
60 9 8 369
60 9 9 425
60 9 10 426
80 0 3 666
80 0 4 767
80 0 5 697
80 0 6 753
80 0 7 756
80 0 8 710
80 0 9 691
80 0 10 421
80 1 3 763
80 1 4 746
80 1 5 727
80 1 6 757
80 1 7 725
80 1 8 720
80 1 9 792
80 1 10 777
80 2 3 741
80 2 4 785
80 2 5 786
80 2 6 737
80 2 7 666
80 2 8 698
80 2 9 774
80 2 10 787
80 3 3 789
80 3 4 701
80 3 5 773
80 3 6 787
80 3 7 726
80 3 8 570
80 3 9 778
80 3 10 793
80 4 3 610
80 4 4 719
80 4 5 727
80 4 6 759
80 4 7 777
80 4 8 725
80 4 9 585
80 4 10 677
80 5 3 604
80 5 4 707
80 5 5 726
80 5 6 673
80 5 7 752
80 5 8 758
80 5 9 793
80 5 10 768
80 6 3 637
80 6 4 753
80 6 5 785
80 6 6 790
80 6 7 768
80 6 8 764
80 6 9 773
80 6 10 548
80 7 3 540
80 7 4 770
80 7 5 445
80 7 6 792
80 7 7 822
80 7 8 785
80 7 9 781
80 7 10 808
80 8 3 759
80 8 4 784
80 8 5 786
80 8 6 773
80 8 7 771
80 8 8 612
80 8 9 645
80 8 10 752
80 9 3 632
80 9 4 681
80 9 5 783
80 9 6 769
80 9 7 598
80 9 8 592
80 9 9 724
80 9 10 768
100 0 3 1176
100 0 4 1167
100 0 5 772
100 0 6 1252
100 0 7 884
100 0 8 1221
100 0 9 1126
100 0 10 1211
100 1 3 1199
100 1 4 1088
100 1 5 1262
100 1 6 1245
100 1 7 1221
100 1 8 1215
100 1 9 1198
100 1 10 1031
100 2 3 1235
100 2 4 1249
100 2 5 1217
100 2 6 1208
100 2 7 1251
100 2 8 1199
100 2 9 1237
100 2 10 1178
100 3 3 1231
100 3 4 1162
100 3 5 1248
100 3 6 1234
100 3 7 1227
100 3 8 1208
100 3 9 1268
100 3 10 1045
100 4 3 1233
100 4 4 1202
100 4 5 1136
100 4 6 1154
100 4 7 1228
100 4 8 1261
100 4 9 1148
100 4 10 1128
100 5 3 1219
100 5 4 1098
100 5 5 1213
100 5 6 1217
100 5 7 1209
100 5 8 1145
100 5 9 1147
100 5 10 1229
100 6 3 1186
100 6 4 1214
100 6 5 1205
100 6 6 1241
100 6 7 1190
100 6 8 1073
100 6 9 1081
100 6 10 1055
100 7 3 1204
100 7 4 1193
100 7 5 821
100 7 6 1242
100 7 7 1236
100 7 8 1219
100 7 9 1193
100 7 10 1217
100 8 3 1227
100 8 4 1159
100 8 5 1252
100 8 6 1131
100 8 7 1171
100 8 8 969
100 8 9 1236
100 8 10 1101
100 9 3 970
100 9 4 1177
100 9 5 1216
100 9 6 906
100 9 7 1251
100 9 8 1220
100 9 9 1244
100 9 10 1230
