60 0 0 431
60 0 1 451
60 0 2 451
60 1 0 453
60 1 1 414
60 1 2 438
60 2 0 461
60 2 1 398
60 2 2 452
60 3 0 443
60 3 1 449
60 3 2 442
60 4 0 389
60 4 1 450
60 4 2 453
60 5 0 442
60 5 1 474
60 5 2 451
60 6 0 431
60 6 1 453
60 6 2 449
60 7 0 396
60 7 1 434
60 7 2 409
60 8 0 443
60 8 1 452
60 8 2 445
60 9 0 439
60 9 1 442
60 9 2 437
80 0 0 750
80 0 1 775
80 0 2 744
80 1 0 774
80 1 1 788
80 1 2 786
80 2 0 796
80 2 1 734
80 2 2 791
80 3 0 765
80 3 1 781
80 3 2 792
80 4 0 771
80 4 1 817
80 4 2 762
80 5 0 788
80 5 1 734
80 5 2 818
80 6 0 801
80 6 1 818
80 6 2 810
80 7 0 798
80 7 1 792
80 7 2 776
80 8 0 775
80 8 1 745
80 8 2 775
80 9 0 795
80 9 1 794
80 9 2 829
100 0 0 1213
100 0 1 1241
100 0 2 1238
100 1 0 1239
100 1 1 1254
100 1 2 1236
100 2 0 1220
100 2 1 1237
100 2 2 1189
100 3 0 1206
100 3 1 1227
100 3 2 1247
100 4 0 1180
100 4 1 1232
100 4 2 1238
100 5 0 1226
100 5 1 1268
100 5 2 1240
100 6 0 1218
100 6 1 1196
100 6 2 1213
100 7 0 1264
100 7 1 1153
100 7 2 1205
100 8 0 1260
100 8 1 1276
100 8 2 1248
100 9 0 1196
100 9 1 1233
100 9 2 1246
