60 0 0 375
60 0 1 296
60 0 2 433
60 1 0 357
60 1 1 423
60 1 2 429
60 2 0 428
60 2 1 424
60 2 2 215
60 3 0 385
60 3 1 448
60 3 2 428
60 4 0 447
60 4 1 454
60 4 2 398
60 5 0 433
60 5 1 412
60 5 2 289
60 6 0 393
60 6 1 422
60 6 2 437
60 7 0 373
60 7 1 442
60 7 2 399
60 8 0 426
60 8 1 437
60 8 2 429
60 9 0 388
60 9 1 457
60 9 2 375
80 0 0 577
80 0 1 765
80 0 2 784
80 1 0 727
80 1 1 727
80 1 2 671
80 2 0 798
80 2 1 733
80 2 2 785
80 3 0 735
80 3 1 788
80 3 2 772
80 4 0 810
80 4 1 776
80 4 2 773
80 5 0 777
80 5 1 805
80 5 2 792
80 6 0 733
80 6 1 773
80 6 2 728
80 7 0 778
80 7 1 784
80 7 2 679
80 8 0 620
80 8 1 757
80 8 2 763
80 9 0 656
80 9 1 578
80 9 2 790
100 0 0 1226
100 0 1 1158
100 0 2 1195
100 1 0 1223
100 1 1 1211
100 1 2 1049
100 2 0 1096
100 2 1 937
100 2 2 1199
100 3 0 1186
100 3 1 1214
100 3 2 1041
100 4 0 1236
100 4 1 1237
100 4 2 1212
100 5 0 1195
100 5 1 1226
100 5 2 1249
100 6 0 1111
100 6 1 941
100 6 2 1225
100 7 0 1052
100 7 1 1245
100 7 2 1242
100 8 0 1092
100 8 1 1240
100 8 2 1253
100 9 0 1199
100 9 1 1249
100 9 2 1225
60 0 3 430
60 0 4 393
60 0 5 447
60 0 6 458
60 0 7 411
60 0 8 450
60 0 9 451
60 0 10 387
60 1 3 421
60 1 4 434
60 1 5 446
60 1 6 369
60 1 7 414
60 1 8 427
60 1 9 450
60 1 10 384
60 2 3 420
60 2 4 339
60 2 5 421
60 2 6 301
60 2 7 346
60 2 8 406
60 2 9 416
60 2 10 436
60 3 3 297
60 3 4 420
60 3 5 414
60 3 6 392
60 3 7 377
60 3 8 436
60 3 9 414
60 3 10 302
60 4 3 444
60 4 4 403
60 4 5 442
60 4 6 444
60 4 7 374
60 4 8 445
60 4 9 440
60 4 10 259
60 5 3 429
60 5 4 420
60 5 5 442
60 5 6 429
60 5 7 434
60 5 8 426
60 5 9 436
60 5 10 441
60 6 3 384
60 6 4 318
60 6 5 425
60 6 6 415
60 6 7 381
60 6 8 412
60 6 9 418
60 6 10 396
60 7 3 446
60 7 4 434
60 7 5 440
60 7 6 433
60 7 7 439
60 7 8 401
60 7 9 371
60 7 10 314
60 8 3 377
60 8 4 459
60 8 5 346
60 8 6 433
60 8 7 429
60 8 8 384
60 8 9 409
60 8 10 415
60 9 3 344
60 9 4 377
60 9 5 422
60 9 6 428
60 9 7 449
60 9 8 357
60 9 9 403
60 9 10 445
80 0 3 793
80 0 4 781
80 0 5 661
80 0 6 766
80 0 7 780
80 0 8 751
80 0 9 711
80 0 10 810
80 1 3 699
80 1 4 771
80 1 5 773
80 1 6 791
80 1 7 783
80 1 8 780
80 1 9 770
80 1 10 758
80 2 3 787
80 2 4 731
80 2 5 755
80 2 6 789
80 2 7 786
80 2 8 740
80 2 9 782
80 2 10 693
80 3 3 818
80 3 4 709
80 3 5 774
80 3 6 788
80 3 7 785
80 3 8 768
80 3 9 800
80 3 10 789
80 4 3 686
80 4 4 766
80 4 5 784
80 4 6 704
80 4 7 786
80 4 8 783
80 4 9 678
80 4 10 682
80 5 3 797
80 5 4 791
80 5 5 751
80 5 6 682
80 5 7 788
80 5 8 786
80 5 9 703
80 5 10 786
80 6 3 761
80 6 4 663
80 6 5 789
80 6 6 747
80 6 7 796
80 6 8 797
80 6 9 782
80 6 10 783
80 7 3 720
80 7 4 634
80 7 5 717
80 7 6 735
80 7 7 634
80 7 8 688
80 7 9 797
80 7 10 784
80 8 3 734
80 8 4 750
80 8 5 738
80 8 6 731
80 8 7 767
80 8 8 763
80 8 9 756
80 8 10 726
80 9 3 782
80 9 4 748
80 9 5 781
80 9 6 509
80 9 7 664
80 9 8 785
80 9 9 694
80 9 10 778
100 0 3 1184
100 0 4 1211
100 0 5 1208
100 0 6 1159
100 0 7 1226
100 0 8 1150
100 0 9 1164
100 0 10 1205
100 1 3 1191
100 1 4 1202
100 1 5 1202
100 1 6 1084
100 1 7 1217
100 1 8 959
100 1 9 1140
100 1 10 1217
100 2 3 938
100 2 4 1217
100 2 5 1193
100 2 6 1213
100 2 7 1140
100 2 8 1238
100 2 9 1217
100 2 10 1273
100 3 3 1031
100 3 4 1189
100 3 5 1180
100 3 6 1211
100 3 7 1134
100 3 8 1136
100 3 9 1139
100 3 10 1224
100 4 3 1177
100 4 4 1232
100 4 5 1185
100 4 6 1190
100 4 7 1215
100 4 8 950
100 4 9 1110
100 4 10 1234
100 5 3 1192
100 5 4 1265
100 5 5 1184
100 5 6 1243
100 5 7 1175
100 5 8 1186
100 5 9 1185
100 5 10 1217
100 6 3 1241
100 6 4 1234
100 6 5 1192
100 6 6 1152
100 6 7 1176
100 6 8 1239
100 6 9 1226
100 6 10 1249
100 7 3 1176
100 7 4 1139
100 7 5 1213
100 7 6 1235
100 7 7 1028
100 7 8 1055
100 7 9 1030
100 7 10 1176
100 8 3 1107
100 8 4 1028
100 8 5 1223
100 8 6 1026
100 8 7 1264
100 8 8 1232
100 8 9 1263
100 8 10 1169
100 9 3 1264
100 9 4 1246
100 9 5 1024
100 9 6 1221
100 9 7 1184
100 9 8 1214
100 9 9 1217
100 9 10 1124
