60 0 0 425
60 0 1 450
60 0 2 448
60 1 0 429
60 1 1 444
60 1 2 410
60 2 0 419
60 2 1 427
60 2 2 440
60 3 0 454
60 3 1 459
60 3 2 438
60 4 0 425
60 4 1 417
60 4 2 446
60 5 0 411
60 5 1 419
60 5 2 444
60 6 0 426
60 6 1 440
60 6 2 371
60 7 0 436
60 7 1 411
60 7 2 443
60 8 0 369
60 8 1 445
60 8 2 441
60 9 0 447
60 9 1 433
60 9 2 464
80 0 0 719
80 0 1 796
80 0 2 744
80 1 0 779
80 1 1 794
80 1 2 793
80 2 0 798
80 2 1 771
80 2 2 774
80 3 0 781
80 3 1 755
80 3 2 756
80 4 0 773
80 4 1 793
80 4 2 699
80 5 0 812
80 5 1 802
80 5 2 739
80 6 0 795
80 6 1 796
80 6 2 768
80 7 0 720
80 7 1 614
80 7 2 605
80 8 0 749
80 8 1 775
80 8 2 786
80 9 0 807
80 9 1 770
80 9 2 792
100 0 0 1259
100 0 1 1189
100 0 2 1230
100 1 0 1179
100 1 1 1220
100 1 2 1239
100 2 0 1233
100 2 1 1178
100 2 2 1108
100 3 0 1253
100 3 1 1212
100 3 2 1227
100 4 0 1194
100 4 1 1265
100 4 2 1254
100 5 0 1251
100 5 1 1224
100 5 2 1195
100 6 0 1248
100 6 1 1267
100 6 2 1236
100 7 0 1195
100 7 1 1245
100 7 2 1252
100 8 0 1239
100 8 1 1251
100 8 2 1211
100 9 0 1212
100 9 1 1218
100 9 2 1216
60 0 3 452
60 0 4 454
60 0 5 439
60 0 6 418
60 0 7 397
60 0 8 344
60 0 9 431
60 0 10 398
60 1 3 426
60 1 4 443
60 1 5 439
60 1 6 381
60 1 7 433
60 1 8 340
60 1 9 445
60 1 10 466
60 2 3 416
60 2 4 408
60 2 5 397
60 2 6 442
60 2 7 427
60 2 8 421
60 2 9 374
60 2 10 453
60 3 3 399
60 3 4 462
60 3 5 432
60 3 6 418
60 3 7 403
60 3 8 430
60 3 9 437
60 3 10 430
60 4 3 449
60 4 4 453
60 4 5 449
60 4 6 392
60 4 7 428
60 4 8 437
60 4 9 433
60 4 10 424
60 5 3 411
60 5 4 447
60 5 5 448
60 5 6 421
60 5 7 457
60 5 8 440
60 5 9 446
60 5 10 395
60 6 3 443
60 6 4 426
60 6 5 419
60 6 6 444
60 6 7 412
60 6 8 442
60 6 9 341
60 6 10 410
60 7 3 448
60 7 4 440
60 7 5 457
60 7 6 424
60 7 7 386
60 7 8 439
60 7 9 458
60 7 10 454
60 8 3 442
60 8 4 461
60 8 5 458
60 8 6 441
60 8 7 441
60 8 8 437
60 8 9 417
60 8 10 441
60 9 3 430
60 9 4 448
60 9 5 443
60 9 6 433
60 9 7 430
60 9 8 453
60 9 9 380
60 9 10 440
80 0 3 781
80 0 4 779
80 0 5 697
80 0 6 558
80 0 7 764
80 0 8 794
80 0 9 745
80 0 10 756
80 1 3 769
80 1 4 778
80 1 5 771
80 1 6 707
80 1 7 757
80 1 8 768
80 1 9 748
80 1 10 748
80 2 3 782
80 2 4 812
80 2 5 734
80 2 6 772
80 2 7 777
80 2 8 724
80 2 9 808
80 2 10 664
80 3 3 825
80 3 4 776
80 3 5 784
80 3 6 762
80 3 7 697
80 3 8 721
80 3 9 769
80 3 10 786
80 4 3 776
80 4 4 778
80 4 5 794
80 4 6 774
80 4 7 781
80 4 8 796
80 4 9 770
80 4 10 762
80 5 3 797
80 5 4 776
80 5 5 772
80 5 6 767
80 5 7 796
80 5 8 786
80 5 9 794
80 5 10 777
80 6 3 795
80 6 4 772
80 6 5 798
80 6 6 816
80 6 7 782
80 6 8 812
80 6 9 778
80 6 10 772
80 7 3 793
80 7 4 763
80 7 5 814
80 7 6 801
80 7 7 746
80 7 8 773
80 7 9 773
80 7 10 790
80 8 3 779
80 8 4 760
80 8 5 789
80 8 6 793
80 8 7 802
80 8 8 780
80 8 9 770
80 8 10 774
80 9 3 790
80 9 4 781
80 9 5 812
80 9 6 756
80 9 7 780
80 9 8 793
80 9 9 768
80 9 10 806
100 0 3 1227
100 0 4 1203
100 0 5 1146
100 0 6 1202
100 0 7 1246
100 0 8 1190
100 0 9 1222
100 0 10 1229
100 1 3 1252
100 1 4 1235
100 1 5 1156
100 1 6 1178
100 1 7 1193
100 1 8 1259
100 1 9 1231
100 1 10 1278
100 2 3 1200
100 2 4 1203
100 2 5 1232
100 2 6 1205
100 2 7 1238
100 2 8 1219
100 2 9 1197
100 2 10 1176
100 3 3 1189
100 3 4 1265
100 3 5 1199
100 3 6 1200
100 3 7 1242
100 3 8 1198
100 3 9 1087
100 3 10 1193
100 4 3 1209
100 4 4 1192
100 4 5 1267
100 4 6 1218
100 4 7 1147
100 4 8 1215
100 4 9 1236
100 4 10 1241
100 5 3 1222
100 5 4 1225
100 5 5 1177
100 5 6 1255
100 5 7 1092
100 5 8 1183
100 5 9 1264
100 5 10 1262
100 6 3 1195
100 6 4 1262
100 6 5 1175
100 6 6 1226
100 6 7 1227
100 6 8 1233
100 6 9 1247
100 6 10 1235
100 7 3 1156
100 7 4 1177
100 7 5 1222
100 7 6 1239
100 7 7 1263
100 7 8 1176
100 7 9 1223
100 7 10 1249
100 8 3 1114
100 8 4 1238
100 8 5 1210
100 8 6 1165
100 8 7 1233
100 8 8 1239
100 8 9 1205
100 8 10 1221
100 9 3 1190
100 9 4 1214
100 9 5 1264
100 9 6 1217
100 9 7 1178
100 9 8 1259
100 9 9 1217
100 9 10 1198
