60 0 0 447
60 0 1 408
60 0 2 369
60 1 0 439
60 1 1 441
60 1 2 406
60 2 0 433
60 2 1 442
60 2 2 433
60 3 0 409
60 3 1 449
60 3 2 419
60 4 0 443
60 4 1 446
60 4 2 450
60 5 0 413
60 5 1 425
60 5 2 436
60 6 0 432
60 6 1 432
60 6 2 453
60 7 0 458
60 7 1 432
60 7 2 454
60 8 0 425
60 8 1 452
60 8 2 388
60 9 0 438
60 9 1 451
60 9 2 437
80 0 0 808
80 0 1 794
80 0 2 759
80 1 0 797
80 1 1 789
80 1 2 792
80 2 0 751
80 2 1 790
80 2 2 783
80 3 0 792
80 3 1 756
80 3 2 769
80 4 0 765
80 4 1 788
80 4 2 739
80 5 0 798
80 5 1 795
80 5 2 800
80 6 0 785
80 6 1 808
80 6 2 772
80 7 0 739
80 7 1 811
80 7 2 793
80 8 0 793
80 8 1 682
80 8 2 761
80 9 0 776
80 9 1 781
80 9 2 796
100 0 0 1211
100 0 1 1266
100 0 2 1221
100 1 0 1239
100 1 1 1188
100 1 2 1218
100 2 0 1251
100 2 1 1247
100 2 2 1240
100 3 0 1246
100 3 1 1219
100 3 2 1228
100 4 0 1220
100 4 1 1153
100 4 2 1085
100 5 0 1234
100 5 1 1263
100 5 2 1192
100 6 0 1223
100 6 1 1251
100 6 2 1215
100 7 0 1171
100 7 1 1234
100 7 2 1235
100 8 0 1232
100 8 1 1232
100 8 2 1237
100 9 0 1267
100 9 1 1253
100 9 2 1259
60 0 3 444
60 0 4 442
60 0 5 428
60 0 6 451
60 0 7 428
60 0 8 434
60 0 9 442
60 0 10 433
60 1 3 439
60 1 4 438
60 1 5 445
60 1 6 414
60 1 7 432
60 1 8 344
60 1 9 458
60 1 10 446
60 2 3 408
60 2 4 391
60 2 5 432
60 2 6 447
60 2 7 441
60 2 8 469
60 2 9 437
60 2 10 429
60 3 3 447
60 3 4 446
60 3 5 413
60 3 6 457
60 3 7 438
60 3 8 450
60 3 9 444
60 3 10 432
60 4 3 449
60 4 4 463
60 4 5 424
60 4 6 401
60 4 7 383
60 4 8 428
60 4 9 434
60 4 10 450
60 5 3 458
60 5 4 456
60 5 5 455
60 5 6 453
60 5 7 435
60 5 8 428
60 5 9 462
60 5 10 431
60 6 3 427
60 6 4 460
60 6 5 452
60 6 6 448
60 6 7 434
60 6 8 470
60 6 9 445
60 6 10 445
60 7 3 440
60 7 4 405
60 7 5 447
60 7 6 446
60 7 7 442
60 7 8 418
60 7 9 412
60 7 10 416
60 8 3 430
60 8 4 446
60 8 5 446
60 8 6 443
60 8 7 443
60 8 8 406
60 8 9 443
60 8 10 377
60 9 3 456
60 9 4 453
60 9 5 461
60 9 6 447
60 9 7 406
60 9 8 439
60 9 9 439
60 9 10 434
80 0 3 793
80 0 4 760
80 0 5 738
80 0 6 775
80 0 7 792
80 0 8 775
80 0 9 774
80 0 10 745
80 1 3 782
80 1 4 772
80 1 5 793
80 1 6 792
80 1 7 771
80 1 8 784
80 1 9 735
80 1 10 826
80 2 3 795
80 2 4 789
80 2 5 803
80 2 6 777
80 2 7 780
80 2 8 720
80 2 9 793
80 2 10 795
80 3 3 794
80 3 4 728
80 3 5 752
80 3 6 779
80 3 7 772
80 3 8 793
80 3 9 775
80 3 10 803
80 4 3 780
80 4 4 766
80 4 5 716
80 4 6 783
80 4 7 810
80 4 8 788
80 4 9 779
80 4 10 776
80 5 3 802
80 5 4 798
80 5 5 710
80 5 6 801
80 5 7 778
80 5 8 807
80 5 9 780
80 5 10 786
80 6 3 786
80 6 4 759
80 6 5 790
80 6 6 788
80 6 7 777
80 6 8 782
80 6 9 755
80 6 10 787
80 7 3 768
80 7 4 767
80 7 5 763
80 7 6 737
80 7 7 750
80 7 8 806
80 7 9 780
80 7 10 758
80 8 3 795
80 8 4 799
80 8 5 787
80 8 6 774
80 8 7 787
80 8 8 806
80 8 9 790
80 8 10 697
80 9 3 779
80 9 4 782
80 9 5 765
80 9 6 787
80 9 7 816
80 9 8 737
80 9 9 792
80 9 10 781
100 0 3 1296
100 0 4 1235
100 0 5 1206
100 0 6 1212
100 0 7 1226
100 0 8 1149
100 0 9 1230
100 0 10 1263
100 1 3 1258
100 1 4 1191
100 1 5 1167
100 1 6 1248
100 1 7 1136
100 1 8 1269
100 1 9 1203
100 1 10 1170
100 2 3 1182
100 2 4 1202
100 2 5 1260
100 2 6 1226
100 2 7 1156
100 2 8 1221
100 2 9 1216
100 2 10 1227
100 3 3 1225
100 3 4 1230
100 3 5 1198
100 3 6 1239
100 3 7 1228
100 3 8 1214
100 3 9 1194
100 3 10 1163
100 4 3 1202
100 4 4 1251
100 4 5 1262
100 4 6 1242
100 4 7 1215
100 4 8 1248
100 4 9 1218
100 4 10 1230
100 5 3 1239
100 5 4 1223
100 5 5 1257
100 5 6 1255
100 5 7 1224
100 5 8 1224
100 5 9 1233
100 5 10 1223
100 6 3 1208
100 6 4 1232
100 6 5 1254
100 6 6 1226
100 6 7 1206
100 6 8 1137
100 6 9 1179
100 6 10 1236
100 7 3 1183
100 7 4 1210
100 7 5 1224
100 7 6 1234
100 7 7 1200
100 7 8 1257
100 7 9 1159
100 7 10 1205
100 8 3 1237
100 8 4 1216
100 8 5 1239
100 8 6 1219
100 8 7 1247
100 8 8 1155
100 8 9 1195
100 8 10 1249
100 9 3 1235
100 9 4 1235
100 9 5 1205
100 9 6 1201
100 9 7 1262
100 9 8 1230
100 9 9 1238
100 9 10 1247
