60 0 0 31
60 0 1 0
60 0 2 417
60 0 3 417
60 0 4 215
60 0 5 215
60 0 6 215
60 0 7 215
60 0 8 31
60 0 9 215
60 1 0 0
60 1 1 59
60 1 2 59
60 1 3 219
60 1 4 219
60 1 5 219
60 1 6 219
60 1 7 78
60 1 8 219
60 1 9 416
60 2 0 344
60 2 1 344
60 2 2 344
60 2 3 344
60 2 4 344
60 2 5 344
60 2 6 344
60 2 7 344
60 2 8 344
60 2 9 344
60 3 0 0
60 3 1 426
60 3 2 146
60 3 3 146
60 3 4 82
60 3 5 256
60 3 6 82
60 3 7 385
60 3 8 146
60 3 9 0
60 4 0 241
60 4 1 241
60 4 2 241
60 4 3 241
60 4 4 241
60 4 5 241
60 4 6 241
60 4 7 241
60 4 8 241
60 4 9 241
60 5 0 129
60 5 1 129
60 5 2 129
60 5 3 310
60 5 4 101
60 5 5 156
60 5 6 135
60 5 7 156
60 5 8 370
60 5 9 310
60 6 0 88
60 6 1 88
60 6 2 88
60 6 3 88
60 6 4 88
60 6 5 88
60 6 6 88
60 6 7 88
60 6 8 88
60 6 9 88
60 7 0 303
60 7 1 303
60 7 2 303
60 7 3 303
60 7 4 303
60 7 5 303
60 7 6 303
60 7 7 303
60 7 8 303
60 7 9 303
60 8 0 296
60 8 1 343
60 8 2 403
60 8 3 343
60 8 4 403
60 8 5 403
60 8 6 296
60 8 7 403
60 8 8 296
60 8 9 296
60 9 0 359
60 9 1 114
60 9 2 359
60 9 3 359
60 9 4 383
60 9 5 114
60 9 6 114
60 9 7 114
60 9 8 383
60 9 9 114
80 0 0 244
80 0 1 244
80 0 2 244
80 0 3 244
80 0 4 244
80 0 5 244
80 0 6 244
80 0 7 244
80 0 8 244
80 0 9 244
80 1 0 397
80 1 1 397
80 1 2 623
80 1 3 397
80 1 4 623
80 1 5 623
80 1 6 623
80 1 7 397
80 1 8 397
80 1 9 623
80 2 0 318
80 2 1 433
80 2 2 187
80 2 3 433
80 2 4 584
80 2 5 433
80 2 6 253
80 2 7 318
80 2 8 433
80 2 9 253
80 3 0 604
80 3 1 343
80 3 2 604
80 3 3 604
80 3 4 604
80 3 5 494
80 3 6 494
80 3 7 604
80 3 8 494
80 3 9 494
80 4 0 401
80 4 1 457
80 4 2 736
80 4 3 457
80 4 4 468
80 4 5 559
80 4 6 756
80 4 7 468
80 4 8 401
80 4 9 736
80 5 0 714
80 5 1 714
80 5 2 714
80 5 3 268
80 5 4 386
80 5 5 714
80 5 6 268
80 5 7 386
80 5 8 714
80 5 9 714
80 6 0 504
80 6 1 504
80 6 2 295
80 6 3 295
80 6 4 504
80 6 5 295
80 6 6 295
80 6 7 504
80 6 8 504
80 6 9 295
80 7 0 766
80 7 1 790
80 7 2 643
80 7 3 766
80 7 4 790
80 7 5 757
80 7 6 766
80 7 7 766
80 7 8 497
80 7 9 790
80 8 0 518
80 8 1 518
80 8 2 518
80 8 3 518
80 8 4 518
80 8 5 518
80 8 6 518
80 8 7 518
80 8 8 518
80 8 9 518
80 9 0 142
80 9 1 208
80 9 2 143
80 9 3 142
80 9 4 434
80 9 5 208
80 9 6 143
80 9 7 143
80 9 8 142
80 9 9 143
100 0 0 309
100 0 1 1273
100 0 2 1273
100 0 3 309
100 0 4 309
100 0 5 309
100 0 6 309
100 0 7 309
100 0 8 711
100 0 9 711
100 1 0 1106
100 1 1 442
100 1 2 748
100 1 3 790
100 1 4 748
100 1 5 790
100 1 6 748
100 1 7 748
100 1 8 790
100 1 9 1106
100 2 0 535
100 2 1 535
100 2 2 535
100 2 3 535
100 2 4 535
100 2 5 535
100 2 6 535
100 2 7 535
100 2 8 535
100 2 9 535
100 3 0 564
100 3 1 564
100 3 2 564
100 3 3 1074
100 3 4 564
100 3 5 564
100 3 6 1074
100 3 7 564
100 3 8 1074
100 3 9 564
100 4 0 1238
100 4 1 650
100 4 2 1238
100 4 3 650
100 4 4 650
100 4 5 933
100 4 6 1238
100 4 7 1238
100 4 8 1238
100 4 9 933
100 5 0 289
100 5 1 716
100 5 2 289
100 5 3 289
100 5 4 716
100 5 5 622
100 5 6 716
100 5 7 622
100 5 8 289
100 5 9 1191
100 6 0 415
100 6 1 415
100 6 2 415
100 6 3 415
100 6 4 415
100 6 5 415
100 6 6 415
100 6 7 415
100 6 8 415
100 6 9 415
100 7 0 193
100 7 1 193
100 7 2 967
100 7 3 540
100 7 4 967
100 7 5 540
100 7 6 540
100 7 7 967
100 7 8 540
100 7 9 967
100 8 0 242
100 8 1 242
100 8 2 648
100 8 3 242
100 8 4 648
100 8 5 242
100 8 6 648
100 8 7 242
100 8 8 648
100 8 9 648
100 9 0 804
100 9 1 1182
100 9 2 1241
100 9 3 1182
100 9 4 756
100 9 5 1182
100 9 6 756
100 9 7 1182
100 9 8 1182
100 9 9 694
