60 0 0 462
60 0 1 403
60 0 2 453
60 1 0 428
60 1 1 398
60 1 2 393
60 2 0 459
60 2 1 437
60 2 2 464
60 3 0 435
60 3 1 449
60 3 2 446
60 4 0 438
60 4 1 401
60 4 2 413
60 5 0 433
60 5 1 451
60 5 2 442
60 6 0 442
60 6 1 421
60 6 2 448
60 7 0 449
60 7 1 444
60 7 2 427
60 8 0 436
60 8 1 423
60 8 2 445
60 9 0 449
60 9 1 469
60 9 2 419
80 0 0 794
80 0 1 778
80 0 2 778
80 1 0 780
80 1 1 783
80 1 2 774
80 2 0 810
80 2 1 766
80 2 2 779
80 3 0 760
80 3 1 780
80 3 2 821
80 4 0 770
80 4 1 805
80 4 2 760
80 5 0 781
80 5 1 816
80 5 2 769
80 6 0 797
80 6 1 800
80 6 2 771
80 7 0 804
80 7 1 750
80 7 2 773
80 8 0 792
80 8 1 630
80 8 2 767
80 9 0 789
80 9 1 774
80 9 2 784
100 0 0 1234
100 0 1 1255
100 0 2 1213
100 1 0 1245
100 1 1 1254
100 1 2 1218
100 2 0 1220
100 2 1 1257
100 2 2 1192
100 3 0 1212
100 3 1 1193
100 3 2 1244
100 4 0 1262
100 4 1 1252
100 4 2 1183
100 5 0 1248
100 5 1 1265
100 5 2 1208
100 6 0 1247
100 6 1 1191
100 6 2 1260
100 7 0 1231
100 7 1 1271
100 7 2 1213
100 8 0 1220
100 8 1 1230
100 8 2 1235
100 9 0 1162
100 9 1 1176
100 9 2 1235
60 0 3 438
60 0 4 447
60 0 5 455
60 0 6 393
60 0 7 393
60 0 8 428
60 0 9 434
60 0 10 414
60 1 3 456
60 1 4 428
60 1 5 423
60 1 6 417
60 1 7 441
60 1 8 430
60 1 9 450
60 1 10 430
60 2 3 368
60 2 4 453
60 2 5 456
60 2 6 440
60 2 7 439
60 2 8 449
60 2 9 436
60 2 10 396
60 3 3 406
60 3 4 428
60 3 5 462
60 3 6 409
60 3 7 447
60 3 8 446
60 3 9 452
60 3 10 443
60 4 3 413
60 4 4 422
60 4 5 449
60 4 6 433
60 4 7 416
60 4 8 451
60 4 9 444
60 4 10 450
60 5 3 417
60 5 4 438
60 5 5 427
60 5 6 443
60 5 7 446
60 5 8 428
60 5 9 405
60 5 10 368
60 6 3 425
60 6 4 422
60 6 5 390
60 6 6 434
60 6 7 442
60 6 8 439
60 6 9 432
60 6 10 424
60 7 3 451
60 7 4 441
60 7 5 440
60 7 6 397
60 7 7 438
60 7 8 419
60 7 9 432
60 7 10 458
60 8 3 448
60 8 4 432
60 8 5 450
60 8 6 446
60 8 7 435
60 8 8 425
60 8 9 422
60 8 10 452
60 9 3 387
60 9 4 463
60 9 5 445
60 9 6 446
60 9 7 445
60 9 8 436
60 9 9 455
60 9 10 393
80 0 3 776
80 0 4 799
80 0 5 789
80 0 6 783
80 0 7 772
80 0 8 780
80 0 9 768
80 0 10 792
80 1 3 799
80 1 4 785
80 1 5 796
80 1 6 824
80 1 7 750
80 1 8 783
80 1 9 813
80 1 10 736
80 2 3 833
80 2 4 706
80 2 5 809
80 2 6 695
80 2 7 822
80 2 8 705
80 2 9 715
80 2 10 770
80 3 3 801
80 3 4 763
80 3 5 775
80 3 6 787
80 3 7 793
80 3 8 733
80 3 9 754
80 3 10 741
80 4 3 799
80 4 4 812
80 4 5 652
80 4 6 764
80 4 7 798
80 4 8 751
80 4 9 787
80 4 10 799
80 5 3 777
80 5 4 748
80 5 5 806
80 5 6 773
80 5 7 791
80 5 8 780
80 5 9 809
80 5 10 769
80 6 3 756
80 6 4 782
80 6 5 802
80 6 6 752
80 6 7 782
80 6 8 797
80 6 9 794
80 6 10 802
80 7 3 782
80 7 4 803
80 7 5 792
80 7 6 807
80 7 7 795
80 7 8 799
80 7 9 745
80 7 10 780
80 8 3 794
80 8 4 823
80 8 5 789
80 8 6 807
80 8 7 765
80 8 8 814
80 8 9 771
80 8 10 798
80 9 3 809
80 9 4 801
80 9 5 788
80 9 6 807
80 9 7 791
80 9 8 795
80 9 9 808
80 9 10 753
100 0 3 1132
100 0 4 1239
100 0 5 1169
100 0 6 1128
100 0 7 1237
100 0 8 1209
100 0 9 1212
100 0 10 1236
100 1 3 1188
100 1 4 1236
100 1 5 1263
100 1 6 1219
100 1 7 1235
100 1 8 1257
100 1 9 1247
100 1 10 1237
100 2 3 1269
100 2 4 1240
100 2 5 1256
100 2 6 1188
100 2 7 1181
100 2 8 1202
100 2 9 1258
100 2 10 1201
100 3 3 1287
100 3 4 1229
100 3 5 1127
100 3 6 1238
100 3 7 1245
100 3 8 1285
100 3 9 1237
100 3 10 1270
100 4 3 1204
100 4 4 1212
100 4 5 1233
100 4 6 1245
100 4 7 1067
100 4 8 1244
100 4 9 1255
100 4 10 1215
100 5 3 1218
100 5 4 1267
100 5 5 1199
100 5 6 1253
100 5 7 1126
100 5 8 1230
100 5 9 1213
100 5 10 1254
100 6 3 1236
100 6 4 1236
100 6 5 1264
100 6 6 1174
100 6 7 1236
100 6 8 1258
100 6 9 1219
100 6 10 1247
100 7 3 1238
100 7 4 1247
100 7 5 1202
100 7 6 1288
100 7 7 1204
100 7 8 1285
100 7 9 1256
100 7 10 1227
100 8 3 1193
100 8 4 1231
100 8 5 1213
100 8 6 1239
100 8 7 1236
100 8 8 1224
100 8 9 1193
100 8 10 1269
100 9 3 1231
100 9 4 1221
100 9 5 1235
100 9 6 1211
100 9 7 1215
100 9 8 1071
100 9 9 1232
100 9 10 1226
