60 0 0 438
60 0 1 443
60 0 2 437
60 1 0 453
60 1 1 433
60 1 2 416
60 2 0 456
60 2 1 429
60 2 2 440
60 3 0 386
60 3 1 437
60 3 2 477
60 4 0 441
60 4 1 454
60 4 2 451
60 5 0 445
60 5 1 276
60 5 2 461
60 6 0 407
60 6 1 439
60 6 2 454
60 7 0 399
60 7 1 415
60 7 2 426
60 8 0 436
60 8 1 426
60 8 2 422
60 9 0 430
60 9 1 456
60 9 2 443
80 0 0 767
80 0 1 762
80 0 2 798
80 1 0 751
80 1 1 682
80 1 2 804
80 2 0 801
80 2 1 781
80 2 2 785
80 3 0 777
80 3 1 802
80 3 2 736
80 4 0 793
80 4 1 662
80 4 2 789
80 5 0 799
80 5 1 770
80 5 2 687
80 6 0 734
80 6 1 793
80 6 2 758
80 7 0 758
80 7 1 794
80 7 2 764
80 8 0 778
80 8 1 767
80 8 2 782
80 9 0 777
80 9 1 779
80 9 2 793
100 0 0 1234
100 0 1 1252
100 0 2 1172
100 1 0 1231
100 1 1 1214
100 1 2 1219
100 2 0 1235
100 2 1 1246
100 2 2 1221
100 3 0 1248
100 3 1 1251
100 3 2 1251
100 4 0 1229
100 4 1 1246
100 4 2 1220
100 5 0 1222
100 5 1 1197
100 5 2 1214
100 6 0 1260
100 6 1 1216
100 6 2 1179
100 7 0 1219
100 7 1 1218
100 7 2 1224
100 8 0 1216
100 8 1 1230
100 8 2 1211
100 9 0 1208
100 9 1 1255
100 9 2 1225
60 0 3 460
60 0 4 425
60 0 5 332
60 0 6 433
60 0 7 426
60 0 8 431
60 0 9 384
60 0 10 434
60 1 3 407
60 1 4 416
60 1 5 399
60 1 6 435
60 1 7 437
60 1 8 456
60 1 9 433
60 1 10 420
60 2 3 430
60 2 4 438
60 2 5 437
60 2 6 425
60 2 7 439
60 2 8 438
60 2 9 446
60 2 10 446
60 3 3 462
60 3 4 439
60 3 5 431
60 3 6 440
60 3 7 452
60 3 8 442
60 3 9 429
60 3 10 446
60 4 3 440
60 4 4 446
60 4 5 433
60 4 6 424
60 4 7 307
60 4 8 466
60 4 9 345
60 4 10 435
60 5 3 438
60 5 4 423
60 5 5 463
60 5 6 428
60 5 7 453
60 5 8 457
60 5 9 449
60 5 10 365
60 6 3 426
60 6 4 441
60 6 5 403
60 6 6 437
60 6 7 432
60 6 8 433
60 6 9 456
60 6 10 447
60 7 3 436
60 7 4 432
60 7 5 450
60 7 6 431
60 7 7 447
60 7 8 386
60 7 9 441
60 7 10 407
60 8 3 446
60 8 4 447
60 8 5 444
60 8 6 437
60 8 7 445
60 8 8 451
60 8 9 431
60 8 10 440
60 9 3 432
60 9 4 391
60 9 5 440
60 9 6 418
60 9 7 460
60 9 8 440
60 9 9 418
60 9 10 440
80 0 3 793
80 0 4 713
80 0 5 727
80 0 6 803
80 0 7 815
80 0 8 805
80 0 9 709
80 0 10 787
80 1 3 811
80 1 4 805
80 1 5 790
80 1 6 797
80 1 7 794
80 1 8 770
80 1 9 819
80 1 10 748
80 2 3 799
80 2 4 793
80 2 5 793
80 2 6 776
80 2 7 785
80 2 8 797
80 2 9 789
80 2 10 787
80 3 3 776
80 3 4 797
80 3 5 804
80 3 6 813
80 3 7 796
80 3 8 739
80 3 9 771
80 3 10 796
80 4 3 798
80 4 4 763
80 4 5 782
80 4 6 749
80 4 7 729
80 4 8 806
80 4 9 774
80 4 10 742
80 5 3 799
80 5 4 763
80 5 5 789
80 5 6 796
80 5 7 763
80 5 8 781
80 5 9 745
80 5 10 786
80 6 3 789
80 6 4 765
80 6 5 800
80 6 6 795
80 6 7 757
80 6 8 811
80 6 9 707
80 6 10 792
80 7 3 785
80 7 4 777
80 7 5 820
80 7 6 740
80 7 7 791
80 7 8 783
80 7 9 755
80 7 10 806
80 8 3 775
80 8 4 791
80 8 5 808
80 8 6 772
80 8 7 801
80 8 8 786
80 8 9 814
80 8 10 749
80 9 3 770
80 9 4 801
80 9 5 788
80 9 6 795
80 9 7 785
80 9 8 809
80 9 9 763
80 9 10 772
100 0 3 1173
100 0 4 1226
100 0 5 1271
100 0 6 1206
100 0 7 1244
100 0 8 1228
100 0 9 1236
100 0 10 1216
100 1 3 1237
100 1 4 1243
100 1 5 1286
100 1 6 1251
100 1 7 1216
100 1 8 1226
100 1 9 1219
100 1 10 1243
100 2 3 1225
100 2 4 1187
100 2 5 1220
100 2 6 1244
100 2 7 1218
100 2 8 1143
100 2 9 1229
100 2 10 1254
100 3 3 1250
100 3 4 1230
100 3 5 1228
100 3 6 1245
100 3 7 1227
100 3 8 1229
100 3 9 1229
100 3 10 1237
100 4 3 1221
100 4 4 1244
100 4 5 1188
100 4 6 1187
100 4 7 1224
100 4 8 1219
100 4 9 1073
100 4 10 1243
100 5 3 1240
100 5 4 1262
100 5 5 1247
100 5 6 1217
100 5 7 1152
100 5 8 1262
100 5 9 1245
100 5 10 1204
100 6 3 1252
100 6 4 1274
100 6 5 1234
100 6 6 1231
100 6 7 1206
100 6 8 1179
100 6 9 1222
100 6 10 1205
100 7 3 1207
100 7 4 1268
100 7 5 1238
100 7 6 1249
100 7 7 1221
100 7 8 1241
100 7 9 1225
100 7 10 1197
100 8 3 1202
100 8 4 1235
100 8 5 1252
100 8 6 1093
100 8 7 1202
100 8 8 1235
100 8 9 1209
100 8 10 1217
100 9 3 1173
100 9 4 1221
100 9 5 1228
100 9 6 1230
100 9 7 1194
100 9 8 1222
100 9 9 1206
100 9 10 1212
