60 0 0 357
60 0 1 441
60 0 2 452
60 1 0 455
60 1 1 434
60 1 2 429
60 2 0 448
60 2 1 445
60 2 2 451
60 3 0 398
60 3 1 438
60 3 2 424
60 4 0 450
60 4 1 436
60 4 2 446
60 5 0 448
60 5 1 436
60 5 2 446
60 6 0 436
60 6 1 440
60 6 2 434
60 7 0 403
60 7 1 360
60 7 2 435
60 8 0 443
60 8 1 459
60 8 2 447
60 9 0 438
60 9 1 438
60 9 2 460
80 0 0 756
80 0 1 790
80 0 2 789
80 1 0 777
80 1 1 793
80 1 2 775
80 2 0 797
80 2 1 788
80 2 2 798
80 3 0 786
80 3 1 788
80 3 2 786
80 4 0 813
80 4 1 731
80 4 2 719
80 5 0 813
80 5 1 775
80 5 2 810
80 6 0 775
80 6 1 793
80 6 2 779
80 7 0 799
80 7 1 761
80 7 2 787
80 8 0 789
80 8 1 807
80 8 2 772
80 9 0 786
80 9 1 797
80 9 2 743
100 0 0 1240
100 0 1 1264
100 0 2 1256
100 1 0 1236
100 1 1 1214
100 1 2 1182
100 2 0 1238
100 2 1 1244
100 2 2 1233
100 3 0 1240
100 3 1 1242
100 3 2 1225
100 4 0 1205
100 4 1 1237
100 4 2 1259
100 5 0 1272
100 5 1 1210
100 5 2 1251
100 6 0 1216
100 6 1 1266
100 6 2 1271
100 7 0 1245
100 7 1 1186
100 7 2 1223
100 8 0 1224
100 8 1 1252
100 8 2 1238
100 9 0 1178
100 9 1 1170
100 9 2 1234
60 0 3 455
60 0 4 453
60 0 5 390
60 0 6 423
60 0 7 442
60 0 8 437
60 0 9 426
60 0 10 409
60 1 3 394
60 1 4 424
60 1 5 412
60 1 6 405
60 1 7 389
60 1 8 451
60 1 9 395
60 1 10 454
60 2 3 442
60 2 4 433
60 2 5 441
60 2 6 452
60 2 7 449
60 2 8 447
60 2 9 446
60 2 10 406
60 3 3 422
60 3 4 411
60 3 5 446
60 3 6 429
60 3 7 443
60 3 8 447
60 3 9 403
60 3 10 438
60 4 3 387
60 4 4 416
60 4 5 429
60 4 6 442
60 4 7 440
60 4 8 443
60 4 9 436
60 4 10 434
60 5 3 454
60 5 4 458
60 5 5 460
60 5 6 450
60 5 7 441
60 5 8 447
60 5 9 442
60 5 10 429
60 6 3 386
60 6 4 412
60 6 5 444
60 6 6 411
60 6 7 432
60 6 8 447
60 6 9 423
60 6 10 400
60 7 3 434
60 7 4 392
60 7 5 439
60 7 6 473
60 7 7 400
60 7 8 405
60 7 9 444
60 7 10 435
60 8 3 418
60 8 4 455
60 8 5 462
60 8 6 447
60 8 7 454
60 8 8 417
60 8 9 432
60 8 10 446
60 9 3 442
60 9 4 418
60 9 5 439
60 9 6 461
60 9 7 413
60 9 8 446
60 9 9 431
60 9 10 451
80 0 3 826
80 0 4 792
80 0 5 794
80 0 6 788
80 0 7 804
80 0 8 794
80 0 9 768
80 0 10 794
80 1 3 807
80 1 4 760
80 1 5 743
80 1 6 789
80 1 7 738
80 1 8 804
80 1 9 773
80 1 10 777
80 2 3 780
80 2 4 800
80 2 5 808
80 2 6 754
80 2 7 783
80 2 8 796
80 2 9 794
80 2 10 779
80 3 3 819
80 3 4 754
80 3 5 782
80 3 6 793
80 3 7 769
80 3 8 768
80 3 9 779
80 3 10 769
80 4 3 759
80 4 4 774
80 4 5 797
80 4 6 732
80 4 7 764
80 4 8 790
80 4 9 820
80 4 10 774
80 5 3 837
80 5 4 785
80 5 5 809
80 5 6 710
80 5 7 748
80 5 8 802
80 5 9 794
80 5 10 708
80 6 3 753
80 6 4 795
80 6 5 806
80 6 6 803
80 6 7 781
80 6 8 725
80 6 9 782
80 6 10 735
80 7 3 796
80 7 4 808
80 7 5 797
80 7 6 795
80 7 7 796
80 7 8 769
80 7 9 753
80 7 10 754
80 8 3 778
80 8 4 776
80 8 5 801
80 8 6 775
80 8 7 760
80 8 8 799
80 8 9 788
80 8 10 782
80 9 3 797
80 9 4 773
80 9 5 769
80 9 6 718
80 9 7 814
80 9 8 821
80 9 9 789
80 9 10 768
100 0 3 1162
100 0 4 929
100 0 5 1224
100 0 6 1233
100 0 7 1203
100 0 8 1260
100 0 9 1189
100 0 10 1246
100 1 3 1247
100 1 4 1246
100 1 5 1170
100 1 6 1229
100 1 7 1251
100 1 8 1237
100 1 9 1204
100 1 10 1230
100 2 3 1220
100 2 4 1231
100 2 5 1234
100 2 6 1174
100 2 7 1244
100 2 8 1233
100 2 9 1259
100 2 10 1233
100 3 3 1141
100 3 4 1244
100 3 5 1230
100 3 6 1270
100 3 7 1232
100 3 8 1246
100 3 9 1257
100 3 10 1224
100 4 3 1253
100 4 4 1262
100 4 5 1216
100 4 6 1268
100 4 7 1236
100 4 8 1259
100 4 9 1258
100 4 10 1261
100 5 3 1220
100 5 4 1237
100 5 5 1234
100 5 6 1227
100 5 7 1267
100 5 8 1226
100 5 9 1249
100 5 10 1251
100 6 3 1211
100 6 4 1226
100 6 5 1271
100 6 6 1222
100 6 7 1174
100 6 8 1233
100 6 9 1244
100 6 10 1203
100 7 3 1238
100 7 4 1235
100 7 5 1228
100 7 6 1170
100 7 7 1252
100 7 8 1183
100 7 9 1181
100 7 10 1206
100 8 3 1240
100 8 4 1230
100 8 5 1272
100 8 6 1138
100 8 7 1146
100 8 8 1205
100 8 9 1263
100 8 10 1253
100 9 3 1241
100 9 4 1230
100 9 5 1262
100 9 6 1229
100 9 7 1248
100 9 8 1234
100 9 9 1156
100 9 10 1238
