60 0 0 435
60 0 1 434
60 0 2 432
60 1 0 430
60 1 1 439
60 1 2 393
60 2 0 453
60 2 1 387
60 2 2 447
60 3 0 436
60 3 1 443
60 3 2 439
60 4 0 454
60 4 1 446
60 4 2 454
60 5 0 447
60 5 1 437
60 5 2 445
60 6 0 436
60 6 1 452
60 6 2 440
60 7 0 401
60 7 1 427
60 7 2 448
60 8 0 445
60 8 1 440
60 8 2 442
60 9 0 433
60 9 1 438
60 9 2 415
80 0 0 761
80 0 1 739
80 0 2 769
80 1 0 790
80 1 1 814
80 1 2 765
80 2 0 780
80 2 1 771
80 2 2 782
80 3 0 778
80 3 1 796
80 3 2 767
80 4 0 786
80 4 1 804
80 4 2 793
80 5 0 708
80 5 1 772
80 5 2 783
80 6 0 788
80 6 1 803
80 6 2 759
80 7 0 800
80 7 1 815
80 7 2 815
80 8 0 782
80 8 1 789
80 8 2 764
80 9 0 816
80 9 1 713
80 9 2 735
100 0 0 1255
100 0 1 1200
100 0 2 1212
100 1 0 1243
100 1 1 1160
100 1 2 1243
100 2 0 1207
100 2 1 1257
100 2 2 1269
100 3 0 1201
100 3 1 1223
100 3 2 1232
100 4 0 1246
100 4 1 1221
100 4 2 1284
100 5 0 1248
100 5 1 1222
100 5 2 1243
100 6 0 1250
100 6 1 1195
100 6 2 1214
100 7 0 1255
100 7 1 1253
100 7 2 1212
100 8 0 1209
100 8 1 1231
100 8 2 1197
100 9 0 1209
100 9 1 1241
100 9 2 1229
60 0 3 441
60 0 4 420
60 0 5 448
60 0 6 473
60 0 7 453
60 0 8 439
60 0 9 446
60 0 10 414
60 1 3 409
60 1 4 424
60 1 5 418
60 1 6 446
60 1 7 427
60 1 8 442
60 1 9 440
60 1 10 425
60 2 3 424
60 2 4 468
60 2 5 441
60 2 6 407
60 2 7 424
60 2 8 432
60 2 9 452
60 2 10 441
60 3 3 438
60 3 4 466
60 3 5 448
60 3 6 427
60 3 7 430
60 3 8 452
60 3 9 448
60 3 10 464
60 4 3 445
60 4 4 430
60 4 5 337
60 4 6 426
60 4 7 402
60 4 8 448
60 4 9 429
60 4 10 398
60 5 3 426
60 5 4 431
60 5 5 427
60 5 6 434
60 5 7 441
60 5 8 455
60 5 9 422
60 5 10 441
60 6 3 443
60 6 4 403
60 6 5 424
60 6 6 446
60 6 7 429
60 6 8 431
60 6 9 403
60 6 10 441
60 7 3 441
60 7 4 434
60 7 5 410
60 7 6 404
60 7 7 431
60 7 8 442
60 7 9 425
60 7 10 437
60 8 3 429
60 8 4 464
60 8 5 457
60 8 6 430
60 8 7 443
60 8 8 424
60 8 9 454
60 8 10 412
60 9 3 454
60 9 4 430
60 9 5 445
60 9 6 420
60 9 7 413
60 9 8 457
60 9 9 446
60 9 10 450
80 0 3 741
80 0 4 791
80 0 5 767
80 0 6 786
80 0 7 742
80 0 8 776
80 0 9 791
80 0 10 747
80 1 3 750
80 1 4 783
80 1 5 765
80 1 6 774
80 1 7 806
80 1 8 702
80 1 9 807
80 1 10 786
80 2 3 767
80 2 4 799
80 2 5 795
80 2 6 812
80 2 7 774
80 2 8 773
80 2 9 763
80 2 10 739
80 3 3 772
80 3 4 799
80 3 5 791
80 3 6 766
80 3 7 771
80 3 8 792
80 3 9 786
80 3 10 818
80 4 3 767
80 4 4 818
80 4 5 800
80 4 6 784
80 4 7 801
80 4 8 749
80 4 9 786
80 4 10 784
80 5 3 783
80 5 4 691
80 5 5 810
80 5 6 772
80 5 7 772
80 5 8 780
80 5 9 747
80 5 10 747
80 6 3 803
80 6 4 759
80 6 5 764
80 6 6 808
80 6 7 744
80 6 8 789
80 6 9 762
80 6 10 795
80 7 3 762
80 7 4 800
80 7 5 767
80 7 6 708
80 7 7 782
80 7 8 792
80 7 9 772
80 7 10 755
80 8 3 794
80 8 4 798
80 8 5 799
80 8 6 747
80 8 7 758
80 8 8 762
80 8 9 745
80 8 10 806
80 9 3 805
80 9 4 783
80 9 5 770
80 9 6 805
80 9 7 789
80 9 8 783
80 9 9 790
80 9 10 801
100 0 3 1229
100 0 4 1234
100 0 5 1241
100 0 6 1243
100 0 7 1244
100 0 8 1108
100 0 9 1231
100 0 10 1208
100 1 3 1216
100 1 4 1282
100 1 5 1234
100 1 6 1238
100 1 7 1241
100 1 8 1266
100 1 9 1181
100 1 10 1265
100 2 3 1181
100 2 4 1172
100 2 5 1191
100 2 6 1257
100 2 7 1248
100 2 8 1227
100 2 9 1231
100 2 10 1239
100 3 3 1230
100 3 4 1171
100 3 5 1179
100 3 6 1263
100 3 7 1156
100 3 8 1247
100 3 9 1185
100 3 10 1258
100 4 3 1232
100 4 4 1193
100 4 5 1212
100 4 6 1236
100 4 7 1268
100 4 8 1243
100 4 9 1210
100 4 10 1204
100 5 3 1211
100 5 4 1235
100 5 5 1036
100 5 6 1277
100 5 7 1210
100 5 8 1170
100 5 9 1194
100 5 10 1138
100 6 3 1180
100 6 4 1229
100 6 5 1245
100 6 6 1211
100 6 7 1086
100 6 8 1098
100 6 9 1239
100 6 10 1216
100 7 3 1200
100 7 4 1262
100 7 5 1220
100 7 6 1193
100 7 7 1247
100 7 8 1245
100 7 9 1143
100 7 10 1214
100 8 3 1194
100 8 4 1224
100 8 5 1248
100 8 6 1262
100 8 7 1228
100 8 8 1207
100 8 9 1267
100 8 10 1234
100 9 3 1243
100 9 4 1188
100 9 5 1260
100 9 6 1181
100 9 7 1226
100 9 8 1224
100 9 9 1244
100 9 10 1196
