60 0 0 441
60 0 1 404
60 0 2 457
60 1 0 411
60 1 1 439
60 1 2 437
60 2 0 453
60 2 1 428
60 2 2 421
60 3 0 459
60 3 1 448
60 3 2 442
60 4 0 442
60 4 1 448
60 4 2 462
60 5 0 445
60 5 1 470
60 5 2 443
60 6 0 439
60 6 1 429
60 6 2 444
60 7 0 426
60 7 1 449
60 7 2 432
60 8 0 433
60 8 1 398
60 8 2 396
60 9 0 420
60 9 1 439
60 9 2 428
80 0 0 806
80 0 1 786
80 0 2 788
80 1 0 729
80 1 1 796
80 1 2 801
80 2 0 794
80 2 1 763
80 2 2 762
80 3 0 762
80 3 1 787
80 3 2 743
80 4 0 767
80 4 1 800
80 4 2 757
80 5 0 816
80 5 1 704
80 5 2 783
80 6 0 815
80 6 1 642
80 6 2 782
80 7 0 719
80 7 1 754
80 7 2 782
80 8 0 782
80 8 1 818
80 8 2 802
80 9 0 776
80 9 1 805
80 9 2 777
100 0 0 1227
100 0 1 1233
100 0 2 1283
100 1 0 1263
100 1 1 1174
100 1 2 1248
100 2 0 1250
100 2 1 1231
100 2 2 1242
100 3 0 1258
100 3 1 1200
100 3 2 1226
100 4 0 1252
100 4 1 1171
100 4 2 1235
100 5 0 1205
100 5 1 1252
100 5 2 1250
100 6 0 1220
100 6 1 1243
100 6 2 1269
100 7 0 1238
100 7 1 1261
100 7 2 1198
100 8 0 1205
100 8 1 1208
100 8 2 1177
100 9 0 1251
100 9 1 1226
100 9 2 1253
