60 0 0 396
60 0 1 451
60 0 2 450
60 1 0 461
60 1 1 451
60 1 2 434
60 2 0 434
60 2 1 414
60 2 2 430
60 3 0 429
60 3 1 434
60 3 2 448
60 4 0 427
60 4 1 427
60 4 2 389
60 5 0 431
60 5 1 447
60 5 2 398
60 6 0 436
60 6 1 455
60 6 2 441
60 7 0 446
60 7 1 409
60 7 2 438
60 8 0 419
60 8 1 436
60 8 2 435
60 9 0 455
60 9 1 463
60 9 2 421
80 0 0 736
80 0 1 806
80 0 2 796
80 1 0 762
80 1 1 820
80 1 2 705
80 2 0 799
80 2 1 656
80 2 2 784
80 3 0 793
80 3 1 794
80 3 2 757
80 4 0 742
80 4 1 783
80 4 2 779
80 5 0 741
80 5 1 772
80 5 2 772
80 6 0 749
80 6 1 770
80 6 2 812
80 7 0 745
80 7 1 669
80 7 2 664
80 8 0 780
80 8 1 686
80 8 2 786
80 9 0 810
80 9 1 776
80 9 2 807
100 0 0 1215
100 0 1 1194
100 0 2 1240
100 1 0 1196
100 1 1 1199
100 1 2 1250
100 2 0 1243
100 2 1 1232
100 2 2 1072
100 3 0 1223
100 3 1 1135
100 3 2 1235
100 4 0 1256
100 4 1 1223
100 4 2 1211
100 5 0 1241
100 5 1 1214
100 5 2 1247
100 6 0 1223
100 6 1 1212
100 6 2 1209
100 7 0 1214
100 7 1 1244
100 7 2 1241
100 8 0 1216
100 8 1 1078
100 8 2 1227
100 9 0 1186
100 9 1 1272
100 9 2 1233
60 0 3 446
60 0 4 391
60 0 5 416
60 0 6 431
60 0 7 435
60 0 8 466
60 0 9 454
60 0 10 457
60 1 3 432
60 1 4 455
60 1 5 444
60 1 6 450
60 1 7 467
60 1 8 432
60 1 9 451
60 1 10 467
60 2 3 446
60 2 4 444
60 2 5 445
60 2 6 376
60 2 7 434
60 2 8 438
60 2 9 441
60 2 10 438
60 3 3 423
60 3 4 321
60 3 5 375
60 3 6 465
60 3 7 402
60 3 8 438
60 3 9 418
60 3 10 405
60 4 3 418
60 4 4 420
60 4 5 417
60 4 6 435
60 4 7 440
60 4 8 445
60 4 9 430
60 4 10 430
60 5 3 437
60 5 4 421
60 5 5 452
60 5 6 447
60 5 7 414
60 5 8 430
60 5 9 426
60 5 10 450
60 6 3 453
60 6 4 441
60 6 5 388
60 6 6 443
60 6 7 425
60 6 8 363
60 6 9 446
60 6 10 470
60 7 3 443
60 7 4 453
60 7 5 450
60 7 6 424
60 7 7 436
60 7 8 431
60 7 9 432
60 7 10 433
60 8 3 429
60 8 4 416
60 8 5 452
60 8 6 456
60 8 7 442
60 8 8 444
60 8 9 431
60 8 10 451
60 9 3 448
60 9 4 454
60 9 5 403
60 9 6 441
60 9 7 453
60 9 8 443
60 9 9 455
60 9 10 449
80 0 3 783
80 0 4 783
80 0 5 803
80 0 6 727
80 0 7 777
80 0 8 741
80 0 9 800
80 0 10 783
80 1 3 799
80 1 4 792
80 1 5 812
80 1 6 785
80 1 7 799
80 1 8 776
80 1 9 802
80 1 10 806
80 2 3 802
80 2 4 755
80 2 5 729
80 2 6 762
80 2 7 764
80 2 8 655
80 2 9 726
80 2 10 741
80 3 3 753
80 3 4 787
80 3 5 765
80 3 6 786
80 3 7 781
80 3 8 712
80 3 9 737
80 3 10 784
80 4 3 630
80 4 4 803
80 4 5 768
80 4 6 754
80 4 7 798
80 4 8 747
80 4 9 770
80 4 10 789
80 5 3 811
80 5 4 756
80 5 5 747
80 5 6 806
80 5 7 761
80 5 8 794
80 5 9 760
80 5 10 767
80 6 3 782
80 6 4 808
80 6 5 728
80 6 6 753
80 6 7 797
80 6 8 782
80 6 9 794
80 6 10 800
80 7 3 754
80 7 4 786
80 7 5 807
80 7 6 777
80 7 7 790
80 7 8 767
80 7 9 825
80 7 10 781
80 8 3 779
80 8 4 763
80 8 5 728
80 8 6 740
80 8 7 804
80 8 8 791
80 8 9 811
80 8 10 795
80 9 3 802
80 9 4 768
80 9 5 784
80 9 6 758
80 9 7 801
80 9 8 756
80 9 9 773
80 9 10 798
100 0 3 1187
100 0 4 1215
100 0 5 1229
100 0 6 1244
100 0 7 1246
100 0 8 1236
100 0 9 1205
100 0 10 1277
100 1 3 1200
100 1 4 1249
100 1 5 1263
100 1 6 1224
100 1 7 1219
100 1 8 1231
100 1 9 1244
100 1 10 1204
100 2 3 1151
100 2 4 1189
100 2 5 1256
100 2 6 1227
100 2 7 1225
100 2 8 1255
100 2 9 1212
100 2 10 1236
100 3 3 1229
100 3 4 1247
100 3 5 1227
100 3 6 1173
100 3 7 1220
100 3 8 1223
100 3 9 1243
100 3 10 1253
100 4 3 1204
100 4 4 850
100 4 5 1201
100 4 6 1247
100 4 7 1218
100 4 8 1236
100 4 9 1200
100 4 10 1251
100 5 3 1241
100 5 4 1205
100 5 5 1195
100 5 6 1247
100 5 7 1206
100 5 8 1216
100 5 9 1265
100 5 10 1235
100 6 3 1251
100 6 4 1233
100 6 5 1217
100 6 6 1215
100 6 7 1161
100 6 8 1239
100 6 9 1269
100 6 10 1195
100 7 3 1257
100 7 4 1242
100 7 5 1211
100 7 6 1243
100 7 7 1266
100 7 8 1202
100 7 9 1212
100 7 10 1189
100 8 3 1244
100 8 4 1194
100 8 5 1217
100 8 6 1246
100 8 7 1184
100 8 8 1047
100 8 9 1249
100 8 10 1159
100 9 3 1247
100 9 4 1224
100 9 5 1248
100 9 6 1235
100 9 7 1228
100 9 8 1179
100 9 9 1196
100 9 10 1232
