60 0 0 432
60 0 1 310
60 0 2 443
60 1 0 424
60 1 1 437
60 1 2 278
60 2 0 410
60 2 1 429
60 2 2 382
60 3 0 447
60 3 1 439
60 3 2 442
60 4 0 408
60 4 1 398
60 4 2 311
60 5 0 388
60 5 1 376
60 5 2 304
60 6 0 359
60 6 1 418
60 6 2 365
60 7 0 424
60 7 1 356
60 7 2 393
60 8 0 407
60 8 1 462
60 8 2 434
60 9 0 445
60 9 1 450
60 9 2 439
80 0 0 762
80 0 1 664
80 0 2 787
80 1 0 671
80 1 1 741
80 1 2 795
80 2 0 693
80 2 1 782
80 2 2 726
80 3 0 693
80 3 1 675
80 3 2 788
80 4 0 748
80 4 1 758
80 4 2 682
80 5 0 592
80 5 1 742
80 5 2 782
80 6 0 770
80 6 1 755
80 6 2 760
80 7 0 687
80 7 1 655
80 7 2 752
80 8 0 660
80 8 1 783
80 8 2 761
80 9 0 643
80 9 1 781
80 9 2 783
100 0 0 842
100 0 1 1185
100 0 2 1208
100 1 0 806
100 1 1 1204
100 1 2 1092
100 2 0 1219
100 2 1 1150
100 2 2 1220
100 3 0 1001
100 3 1 1035
100 3 2 1116
100 4 0 1239
100 4 1 1126
100 4 2 1210
100 5 0 1243
100 5 1 1157
100 5 2 1191
100 6 0 1046
100 6 1 1087
100 6 2 1181
100 7 0 1205
100 7 1 1210
100 7 2 1065
100 8 0 1242
100 8 1 1204
100 8 2 1060
100 9 0 1227
100 9 1 1100
100 9 2 1187
60 0 3 441
60 0 4 398
60 0 5 441
60 0 6 304
60 0 7 326
60 0 8 332
60 0 9 432
60 0 10 411
60 1 3 332
60 1 4 394
60 1 5 445
60 1 6 289
60 1 7 431
60 1 8 343
60 1 9 400
60 1 10 422
60 2 3 303
60 2 4 394
60 2 5 436
60 2 6 442
60 2 7 427
60 2 8 389
60 2 9 441
60 2 10 423
60 3 3 264
60 3 4 387
60 3 5 402
60 3 6 429
60 3 7 435
60 3 8 418
60 3 9 429
60 3 10 434
60 4 3 156
60 4 4 377
60 4 5 440
60 4 6 426
60 4 7 193
60 4 8 372
60 4 9 364
60 4 10 408
60 5 3 425
60 5 4 453
60 5 5 313
60 5 6 401
60 5 7 308
60 5 8 364
60 5 9 429
60 5 10 452
60 6 3 398
60 6 4 414
60 6 5 416
60 6 6 416
60 6 7 386
60 6 8 422
60 6 9 378
60 6 10 427
60 7 3 411
60 7 4 441
60 7 5 415
60 7 6 320
60 7 7 391
60 7 8 423
60 7 9 443
60 7 10 434
60 8 3 449
60 8 4 454
60 8 5 444
60 8 6 385
60 8 7 437
60 8 8 426
60 8 9 399
60 8 10 405
60 9 3 350
60 9 4 279
60 9 5 406
60 9 6 414
60 9 7 427
60 9 8 436
60 9 9 420
60 9 10 422
80 0 3 821
80 0 4 785
80 0 5 750
80 0 6 612
80 0 7 639
80 0 8 792
80 0 9 803
80 0 10 672
80 1 3 772
80 1 4 717
80 1 5 794
80 1 6 768
80 1 7 784
80 1 8 782
80 1 9 769
80 1 10 671
80 2 3 653
80 2 4 633
80 2 5 767
80 2 6 776
80 2 7 689
80 2 8 712
80 2 9 763
80 2 10 678
80 3 3 714
80 3 4 692
80 3 5 789
80 3 6 749
80 3 7 743
80 3 8 776
80 3 9 744
80 3 10 776
80 4 3 538
80 4 4 371
80 4 5 789
80 4 6 754
80 4 7 703
80 4 8 763
80 4 9 791
80 4 10 730
80 5 3 524
80 5 4 746
80 5 5 769
80 5 6 768
80 5 7 794
80 5 8 778
80 5 9 694
80 5 10 748
80 6 3 510
80 6 4 809
80 6 5 765
80 6 6 791
80 6 7 742
80 6 8 803
80 6 9 647
80 6 10 696
80 7 3 569
80 7 4 631
80 7 5 809
80 7 6 623
80 7 7 769
80 7 8 771
80 7 9 776
80 7 10 743
80 8 3 461
80 8 4 662
80 8 5 784
80 8 6 790
80 8 7 619
80 8 8 727
80 8 9 743
80 8 10 809
80 9 3 675
80 9 4 755
80 9 5 726
80 9 6 776
80 9 7 802
80 9 8 791
80 9 9 689
80 9 10 766
100 0 3 1171
100 0 4 844
100 0 5 1046
100 0 6 1237
100 0 7 1245
100 0 8 1079
100 0 9 1066
100 0 10 1140
100 1 3 1244
100 1 4 1096
100 1 5 1095
100 1 6 1173
100 1 7 1193
100 1 8 1173
100 1 9 1196
100 1 10 1259
100 2 3 1219
100 2 4 1158
100 2 5 1244
100 2 6 1232
100 2 7 1170
100 2 8 1034
100 2 9 1200
100 2 10 1169
100 3 3 1211
100 3 4 1014
100 3 5 1239
100 3 6 1230
100 3 7 1004
100 3 8 1232
100 3 9 1152
100 3 10 1196
100 4 3 1219
100 4 4 1150
100 4 5 1250
100 4 6 861
100 4 7 968
100 4 8 1206
100 4 9 1230
100 4 10 1239
100 5 3 1187
100 5 4 1105
100 5 5 1261
100 5 6 1263
100 5 7 1098
100 5 8 1211
100 5 9 947
100 5 10 1228
100 6 3 1173
100 6 4 1233
100 6 5 1216
100 6 6 1208
100 6 7 1268
100 6 8 1207
100 6 9 1224
100 6 10 1179
100 7 3 1162
100 7 4 806
100 7 5 1243
100 7 6 1222
100 7 7 1204
100 7 8 1107
100 7 9 1183
100 7 10 1230
100 8 3 1165
100 8 4 1020
100 8 5 1148
100 8 6 1225
100 8 7 1095
100 8 8 958
100 8 9 1111
100 8 10 1227
100 9 3 1133
100 9 4 1210
100 9 5 1198
100 9 6 1216
100 9 7 1216
100 9 8 1052
100 9 9 1216
100 9 10 1210
