60 0 0 421
60 0 1 448
60 0 2 425
60 1 0 436
60 1 1 461
60 1 2 408
60 2 0 449
60 2 1 451
60 2 2 450
60 3 0 432
60 3 1 437
60 3 2 428
60 4 0 387
60 4 1 451
60 4 2 445
60 5 0 422
60 5 1 448
60 5 2 422
60 6 0 432
60 6 1 446
60 6 2 421
60 7 0 438
60 7 1 443
60 7 2 427
60 8 0 422
60 8 1 378
60 8 2 457
60 9 0 435
60 9 1 444
60 9 2 440
80 0 0 783
80 0 1 784
80 0 2 743
80 1 0 767
80 1 1 772
80 1 2 783
80 2 0 756
80 2 1 794
80 2 2 729
80 3 0 794
80 3 1 735
80 3 2 750
80 4 0 795
80 4 1 787
80 4 2 773
80 5 0 805
80 5 1 781
80 5 2 756
80 6 0 729
80 6 1 677
80 6 2 797
80 7 0 774
80 7 1 790
80 7 2 816
80 8 0 739
80 8 1 673
80 8 2 760
80 9 0 777
80 9 1 779
80 9 2 816
100 0 0 1210
100 0 1 1155
100 0 2 1251
100 1 0 1227
100 1 1 1170
100 1 2 1209
100 2 0 1194
100 2 1 1196
100 2 2 1221
100 3 0 1275
100 3 1 1196
100 3 2 966
100 4 0 1205
100 4 1 1223
100 4 2 1224
100 5 0 1207
100 5 1 1087
100 5 2 1242
100 6 0 1249
100 6 1 1151
100 6 2 1232
100 7 0 1202
100 7 1 1270
100 7 2 1204
100 8 0 1219
100 8 1 1247
100 8 2 1247
100 9 0 1231
100 9 1 1252
100 9 2 1278
