60 0 0 456
60 0 1 372
60 0 2 443
60 1 0 445
60 1 1 412
60 1 2 423
60 2 0 449
60 2 1 422
60 2 2 447
60 3 0 424
60 3 1 435
60 3 2 414
60 4 0 443
60 4 1 459
60 4 2 369
60 5 0 424
60 5 1 435
60 5 2 433
60 6 0 444
60 6 1 437
60 6 2 430
60 7 0 447
60 7 1 438
60 7 2 449
60 8 0 408
60 8 1 457
60 8 2 456
60 9 0 447
60 9 1 440
60 9 2 440
80 0 0 784
80 0 1 830
80 0 2 761
80 1 0 728
80 1 1 778
80 1 2 791
80 2 0 803
80 2 1 771
80 2 2 751
80 3 0 803
80 3 1 750
80 3 2 793
80 4 0 779
80 4 1 790
80 4 2 808
80 5 0 807
80 5 1 808
80 5 2 819
80 6 0 788
80 6 1 775
80 6 2 756
80 7 0 795
80 7 1 795
80 7 2 807
80 8 0 797
80 8 1 733
80 8 2 715
80 9 0 791
80 9 1 811
80 9 2 785
100 0 0 1269
100 0 1 1197
100 0 2 1218
100 1 0 1264
100 1 1 1220
100 1 2 1146
100 2 0 1186
100 2 1 1246
100 2 2 1254
100 3 0 1068
100 3 1 1225
100 3 2 1260
100 4 0 1223
100 4 1 1130
100 4 2 1097
100 5 0 1259
100 5 1 1228
100 5 2 1161
100 6 0 1200
100 6 1 1255
100 6 2 1258
100 7 0 1115
100 7 1 1133
100 7 2 1214
100 8 0 1244
100 8 1 1244
100 8 2 1118
100 9 0 1216
100 9 1 1202
100 9 2 1174
60 0 3 413
60 0 4 427
60 0 5 422
60 0 6 414
60 0 7 422
60 0 8 436
60 0 9 443
60 0 10 441
60 1 3 437
60 1 4 457
60 1 5 381
60 1 6 445
60 1 7 440
60 1 8 452
60 1 9 408
60 1 10 392
60 2 3 453
60 2 4 463
60 2 5 423
60 2 6 412
60 2 7 418
60 2 8 443
60 2 9 452
60 2 10 442
60 3 3 449
60 3 4 462
60 3 5 458
60 3 6 446
60 3 7 420
60 3 8 439
60 3 9 467
60 3 10 462
60 4 3 448
60 4 4 458
60 4 5 389
60 4 6 450
60 4 7 442
60 4 8 447
60 4 9 444
60 4 10 446
60 5 3 405
60 5 4 451
60 5 5 455
60 5 6 451
60 5 7 441
60 5 8 443
60 5 9 429
60 5 10 442
60 6 3 465
60 6 4 433
60 6 5 400
60 6 6 419
60 6 7 413
60 6 8 416
60 6 9 446
60 6 10 427
60 7 3 458
60 7 4 438
60 7 5 392
60 7 6 442
60 7 7 415
60 7 8 424
60 7 9 420
60 7 10 435
60 8 3 423
60 8 4 417
60 8 5 442
60 8 6 424
60 8 7 419
60 8 8 449
60 8 9 416
60 8 10 452
60 9 3 440
60 9 4 435
60 9 5 451
60 9 6 436
60 9 7 426
60 9 8 420
60 9 9 441
60 9 10 423
80 0 3 770
80 0 4 786
80 0 5 766
80 0 6 800
80 0 7 808
80 0 8 789
80 0 9 798
80 0 10 766
80 1 3 758
80 1 4 810
80 1 5 817
80 1 6 791
80 1 7 765
80 1 8 770
80 1 9 782
80 1 10 781
80 2 3 780
80 2 4 805
80 2 5 801
80 2 6 794
80 2 7 791
80 2 8 718
80 2 9 783
80 2 10 782
80 3 3 768
80 3 4 783
80 3 5 648
80 3 6 802
80 3 7 769
80 3 8 747
80 3 9 804
80 3 10 784
80 4 3 775
80 4 4 759
80 4 5 804
80 4 6 776
80 4 7 806
80 4 8 790
80 4 9 790
80 4 10 788
80 5 3 704
80 5 4 757
80 5 5 797
80 5 6 744
80 5 7 802
80 5 8 787
80 5 9 795
80 5 10 791
80 6 3 755
80 6 4 762
80 6 5 768
80 6 6 783
80 6 7 783
80 6 8 810
80 6 9 812
80 6 10 759
80 7 3 778
80 7 4 765
80 7 5 763
80 7 6 710
80 7 7 789
80 7 8 703
80 7 9 753
80 7 10 751
80 8 3 794
80 8 4 741
80 8 5 738
80 8 6 749
80 8 7 806
80 8 8 748
80 8 9 799
80 8 10 790
80 9 3 776
80 9 4 797
80 9 5 784
80 9 6 772
80 9 7 824
80 9 8 744
80 9 9 792
80 9 10 800
100 0 3 1250
100 0 4 1242
100 0 5 1198
100 0 6 1279
100 0 7 1208
100 0 8 1264
100 0 9 1236
100 0 10 1283
100 1 3 1200
100 1 4 1232
100 1 5 1175
100 1 6 1263
100 1 7 1234
100 1 8 1208
100 1 9 1263
100 1 10 1256
100 2 3 1209
100 2 4 1227
100 2 5 1195
100 2 6 1155
100 2 7 1179
100 2 8 1236
100 2 9 1235
100 2 10 1209
100 3 3 1224
100 3 4 1224
100 3 5 1122
100 3 6 1262
100 3 7 1249
100 3 8 1237
100 3 9 1225
100 3 10 1216
100 4 3 1150
100 4 4 1214
100 4 5 1255
100 4 6 1187
100 4 7 1223
100 4 8 1215
100 4 9 1249
100 4 10 1225
100 5 3 1242
100 5 4 1231
100 5 5 1174
100 5 6 1187
100 5 7 1233
100 5 8 1192
100 5 9 1188
100 5 10 1223
100 6 3 1236
100 6 4 1221
100 6 5 1217
100 6 6 1247
100 6 7 1183
100 6 8 1246
100 6 9 1210
100 6 10 1231
100 7 3 1174
100 7 4 1225
100 7 5 1193
100 7 6 1223
100 7 7 1239
100 7 8 1247
100 7 9 1249
100 7 10 1243
100 8 3 1266
100 8 4 1219
100 8 5 1257
100 8 6 1204
100 8 7 1228
100 8 8 1244
100 8 9 1247
100 8 10 1270
100 9 3 1057
100 9 4 1257
100 9 5 1251
100 9 6 1200
100 9 7 1131
100 9 8 1226
100 9 9 1244
100 9 10 1246
