60 0 0 434
60 0 1 447
60 0 2 392
60 1 0 439
60 1 1 428
60 1 2 453
60 2 0 389
60 2 1 443
60 2 2 450
60 3 0 449
60 3 1 439
60 3 2 425
60 4 0 453
60 4 1 419
60 4 2 441
60 5 0 434
60 5 1 433
60 5 2 450
60 6 0 453
60 6 1 406
60 6 2 465
60 7 0 436
60 7 1 429
60 7 2 449
60 8 0 422
60 8 1 397
60 8 2 451
60 9 0 425
60 9 1 408
60 9 2 436
80 0 0 795
80 0 1 783
80 0 2 809
80 1 0 807
80 1 1 717
80 1 2 749
80 2 0 750
80 2 1 785
80 2 2 793
80 3 0 790
80 3 1 804
80 3 2 799
80 4 0 759
80 4 1 779
80 4 2 814
80 5 0 818
80 5 1 784
80 5 2 701
80 6 0 771
80 6 1 803
80 6 2 783
80 7 0 815
80 7 1 794
80 7 2 829
80 8 0 753
80 8 1 760
80 8 2 798
80 9 0 715
80 9 1 776
80 9 2 792
100 0 0 1187
100 0 1 1198
100 0 2 1233
100 1 0 1269
100 1 1 1237
100 1 2 1192
100 2 0 1228
100 2 1 1252
100 2 2 1257
100 3 0 1216
100 3 1 1245
100 3 2 1249
100 4 0 1219
100 4 1 1241
100 4 2 1092
100 5 0 1239
100 5 1 1235
100 5 2 1253
100 6 0 1244
100 6 1 1250
100 6 2 1178
100 7 0 1209
100 7 1 1222
100 7 2 1241
100 8 0 1256
100 8 1 1229
100 8 2 1238
100 9 0 1228
100 9 1 1214
100 9 2 1249
60 0 3 438
60 0 4 430
60 0 5 431
60 0 6 453
60 0 7 408
60 0 8 429
60 0 9 456
60 0 10 442
60 1 3 456
60 1 4 442
60 1 5 443
60 1 6 456
60 1 7 454
60 1 8 431
60 1 9 462
60 1 10 419
60 2 3 439
60 2 4 451
60 2 5 435
60 2 6 452
60 2 7 429
60 2 8 458
60 2 9 452
60 2 10 454
60 3 3 446
60 3 4 428
60 3 5 397
60 3 6 425
60 3 7 440
60 3 8 447
60 3 9 448
60 3 10 439
60 4 3 439
60 4 4 428
60 4 5 447
60 4 6 451
60 4 7 439
60 4 8 436
60 4 9 359
60 4 10 456
60 5 3 414
60 5 4 413
60 5 5 441
60 5 6 422
60 5 7 428
60 5 8 437
60 5 9 444
60 5 10 411
60 6 3 445
60 6 4 451
60 6 5 426
60 6 6 439
60 6 7 437
60 6 8 426
60 6 9 429
60 6 10 451
60 7 3 428
60 7 4 450
60 7 5 439
60 7 6 445
60 7 7 406
60 7 8 434
60 7 9 452
60 7 10 425
60 8 3 448
60 8 4 460
60 8 5 442
60 8 6 440
60 8 7 426
60 8 8 455
60 8 9 458
60 8 10 449
60 9 3 459
60 9 4 444
60 9 5 462
60 9 6 447
60 9 7 447
60 9 8 421
60 9 9 448
60 9 10 442
80 0 3 751
80 0 4 760
80 0 5 790
80 0 6 785
80 0 7 812
80 0 8 820
80 0 9 759
80 0 10 772
80 1 3 778
80 1 4 821
80 1 5 721
80 1 6 759
80 1 7 790
80 1 8 795
80 1 9 792
80 1 10 781
80 2 3 794
80 2 4 807
80 2 5 798
80 2 6 804
80 2 7 765
80 2 8 787
80 2 9 784
80 2 10 799
80 3 3 775
80 3 4 807
80 3 5 802
80 3 6 797
80 3 7 803
80 3 8 801
80 3 9 773
80 3 10 816
80 4 3 764
80 4 4 801
80 4 5 768
80 4 6 778
80 4 7 776
80 4 8 793
80 4 9 802
80 4 10 784
80 5 3 735
80 5 4 764
80 5 5 784
80 5 6 777
80 5 7 806
80 5 8 775
80 5 9 773
80 5 10 769
80 6 3 765
80 6 4 787
80 6 5 756
80 6 6 781
80 6 7 792
80 6 8 797
80 6 9 753
80 6 10 790
80 7 3 733
80 7 4 741
80 7 5 812
80 7 6 795
80 7 7 779
80 7 8 805
80 7 9 786
80 7 10 781
80 8 3 792
80 8 4 784
80 8 5 729
80 8 6 787
80 8 7 800
80 8 8 809
80 8 9 772
80 8 10 785
80 9 3 760
80 9 4 789
80 9 5 805
80 9 6 750
80 9 7 751
80 9 8 787
80 9 9 735
80 9 10 812
100 0 3 1261
100 0 4 1251
100 0 5 1263
100 0 6 1249
100 0 7 1233
100 0 8 1235
100 0 9 1208
100 0 10 1159
100 1 3 1183
100 1 4 1243
100 1 5 1246
100 1 6 1273
100 1 7 1254
100 1 8 1180
100 1 9 1212
100 1 10 1206
100 2 3 1238
100 2 4 1255
100 2 5 1255
100 2 6 1256
100 2 7 1243
100 2 8 1132
100 2 9 1186
100 2 10 1254
100 3 3 1251
100 3 4 1209
100 3 5 1276
100 3 6 1250
100 3 7 1195
100 3 8 1250
100 3 9 1229
100 3 10 1259
100 4 3 1216
100 4 4 1229
100 4 5 1224
100 4 6 1242
100 4 7 1239
100 4 8 1219
100 4 9 1242
100 4 10 1264
100 5 3 1221
100 5 4 1250
100 5 5 1225
100 5 6 1230
100 5 7 1257
100 5 8 1228
100 5 9 1255
100 5 10 1274
100 6 3 1246
100 6 4 1211
100 6 5 1117
100 6 6 1229
100 6 7 1242
100 6 8 1224
100 6 9 1217
100 6 10 1174
100 7 3 1265
100 7 4 1214
100 7 5 1208
100 7 6 1282
100 7 7 1225
100 7 8 1251
100 7 9 1253
100 7 10 1251
100 8 3 1254
100 8 4 1219
100 8 5 1234
100 8 6 1080
100 8 7 1236
100 8 8 1237
100 8 9 1147
100 8 10 1177
100 9 3 1261
100 9 4 1239
100 9 5 1256
100 9 6 1237
100 9 7 1220
100 9 8 1221
100 9 9 1255
100 9 10 1244
