60 0 0 31
60 0 1 0
60 0 2 29
60 0 3 29
60 0 4 319
60 0 5 319
60 0 6 319
60 0 7 319
60 0 8 31
60 0 9 319
60 1 0 0
60 1 1 32
60 1 2 32
60 1 3 274
60 1 4 274
60 1 5 274
60 1 6 274
60 1 7 27
60 1 8 274
60 1 9 83
60 2 0 356
60 2 1 356
60 2 2 356
60 2 3 356
60 2 4 356
60 2 5 356
60 2 6 356
60 2 7 356
60 2 8 356
60 2 9 356
60 3 0 0
60 3 1 81
60 3 2 163
60 3 3 163
60 3 4 55
60 3 5 411
60 3 6 55
60 3 7 26
60 3 8 163
60 3 9 0
60 4 0 424
60 4 1 424
60 4 2 424
60 4 3 424
60 4 4 424
60 4 5 424
60 4 6 424
60 4 7 424
60 4 8 424
60 4 9 424
60 5 0 249
60 5 1 249
60 5 2 249
60 5 3 29
60 5 4 126
60 5 5 403
60 5 6 233
60 5 7 403
60 5 8 0
60 5 9 29
60 6 0 240
60 6 1 240
60 6 2 240
60 6 3 240
60 6 4 240
60 6 5 240
60 6 6 240
60 6 7 240
60 6 8 240
60 6 9 240
60 7 0 434
60 7 1 434
60 7 2 434
60 7 3 434
60 7 4 434
60 7 5 434
60 7 6 434
60 7 7 434
60 7 8 434
60 7 9 434
60 8 0 417
60 8 1 413
60 8 2 0
60 8 3 413
60 8 4 0
60 8 5 0
60 8 6 417
60 8 7 0
60 8 8 417
60 8 9 417
60 9 0 0
60 9 1 137
60 9 2 0
60 9 3 0
60 9 4 25
60 9 5 137
60 9 6 137
60 9 7 137
60 9 8 25
60 9 9 137
80 0 0 468
80 0 1 468
80 0 2 468
80 0 3 468
80 0 4 468
80 0 5 468
80 0 6 468
80 0 7 468
80 0 8 468
80 0 9 468
80 1 0 595
80 1 1 595
80 1 2 771
80 1 3 595
80 1 4 771
80 1 5 768
80 1 6 771
80 1 7 595
80 1 8 595
80 1 9 771
80 2 0 44
80 2 1 767
80 2 2 346
80 2 3 767
80 2 4 0
80 2 5 767
80 2 6 303
80 2 7 44
80 2 8 767
80 2 9 303
80 3 0 0
80 3 1 513
80 3 2 0
80 3 3 0
80 3 4 0
80 3 5 137
80 3 6 137
80 3 7 0
80 3 8 137
80 3 9 137
80 4 0 734
80 4 1 44
80 4 2 0
80 4 3 44
80 4 4 744
80 4 5 217
80 4 6 79
80 4 7 744
80 4 8 734
80 4 9 0
80 5 0 369
80 5 1 432
80 5 2 432
80 5 3 179
80 5 4 352
80 5 5 369
80 5 6 179
80 5 7 352
80 5 8 432
80 5 9 369
80 6 0 582
80 6 1 567
80 6 2 321
80 6 3 321
80 6 4 567
80 6 5 321
80 6 6 321
80 6 7 582
80 6 8 567
80 6 9 321
80 7 0 0
80 7 1 37
80 7 2 141
80 7 3 0
80 7 4 37
80 7 5 116
80 7 6 0
80 7 7 0
80 7 8 525
80 7 9 37
80 8 0 642
80 8 1 642
80 8 2 642
80 8 3 660
80 8 4 642
80 8 5 642
80 8 6 642
80 8 7 642
80 8 8 642
80 8 9 660
80 9 0 105
80 9 1 383
80 9 2 246
80 9 3 105
80 9 4 795
80 9 5 383
80 9 6 246
80 9 7 246
80 9 8 105
80 9 9 246
100 0 0 227
100 0 1 0
100 0 2 0
100 0 3 227
100 0 4 227
100 0 5 227
100 0 6 227
100 0 7 227
100 0 8 1132
100 0 9 1132
100 1 0 0
100 1 1 695
100 1 2 958
100 1 3 1071
100 1 4 958
100 1 5 1048
100 1 6 958
100 1 7 958
100 1 8 1048
100 1 9 0
100 2 0 1173
100 2 1 1173
100 2 2 1173
100 2 3 1173
100 2 4 1160
100 2 5 1160
100 2 6 1173
100 2 7 1160
100 2 8 1160
100 2 9 1173
100 3 0 738
100 3 1 738
100 3 2 702
100 3 3 0
100 3 4 702
100 3 5 738
100 3 6 0
100 3 7 702
100 3 8 0
100 3 9 738
100 4 0 0
100 4 1 1194
100 4 2 0
100 4 3 1194
100 4 4 1194
100 4 5 48
100 4 6 0
100 4 7 0
100 4 8 0
100 4 9 48
100 5 0 407
100 5 1 1105
100 5 2 407
100 5 3 407
100 5 4 1105
100 5 5 1077
100 5 6 1105
100 5 7 1077
100 5 8 407
100 5 9 0
100 6 0 532
100 6 1 532
100 6 2 532
100 6 3 532
100 6 4 532
100 6 5 532
100 6 6 532
100 6 7 532
100 6 8 532
100 6 9 532
100 7 0 193
100 7 1 193
100 7 2 0
100 7 3 992
100 7 4 0
100 7 5 992
100 7 6 992
100 7 7 0
100 7 8 992
100 7 9 0
100 8 0 283
100 8 1 283
100 8 2 1111
100 8 3 283
100 8 4 1111
100 8 5 283
100 8 6 1090
100 8 7 283
100 8 8 1111
100 8 9 1090
100 9 0 100
100 9 1 0
100 9 2 58
100 9 3 0
100 9 4 1231
100 9 5 0
100 9 6 1231
100 9 7 0
100 9 8 0
100 9 9 1203
