60 0 0 439
60 0 1 423
60 0 2 407
60 1 0 381
60 1 1 432
60 1 2 427
60 2 0 386
60 2 1 440
60 2 2 425
60 3 0 442
60 3 1 443
60 3 2 448
60 4 0 414
60 4 1 434
60 4 2 444
60 5 0 418
60 5 1 384
60 5 2 435
60 6 0 436
60 6 1 427
60 6 2 428
60 7 0 370
60 7 1 444
60 7 2 393
60 8 0 454
60 8 1 451
60 8 2 430
60 9 0 427
60 9 1 417
60 9 2 435
80 0 0 773
80 0 1 787
80 0 2 753
80 1 0 771
80 1 1 785
80 1 2 767
80 2 0 575
80 2 1 791
80 2 2 780
80 3 0 796
80 3 1 765
80 3 2 809
80 4 0 726
80 4 1 796
80 4 2 773
80 5 0 796
80 5 1 760
80 5 2 806
80 6 0 769
80 6 1 794
80 6 2 795
80 7 0 751
80 7 1 788
80 7 2 683
80 8 0 788
80 8 1 755
80 8 2 654
80 9 0 786
80 9 1 655
80 9 2 781
100 0 0 1267
100 0 1 1218
100 0 2 1217
100 1 0 1252
100 1 1 1205
100 1 2 1176
100 2 0 1236
100 2 1 967
100 2 2 1203
100 3 0 1202
100 3 1 1053
100 3 2 1207
100 4 0 1223
100 4 1 1180
100 4 2 1191
100 5 0 1236
100 5 1 1213
100 5 2 1242
100 6 0 1157
100 6 1 1147
100 6 2 1152
100 7 0 1224
100 7 1 1273
100 7 2 960
100 8 0 1238
100 8 1 1255
100 8 2 1224
100 9 0 1237
100 9 1 1236
100 9 2 1224
60 0 3 421
60 0 4 432
60 0 5 445
60 0 6 433
60 0 7 375
60 0 8 411
60 0 9 447
60 0 10 454
60 1 3 418
60 1 4 452
60 1 5 433
60 1 6 455
60 1 7 339
60 1 8 454
60 1 9 451
60 1 10 418
60 2 3 404
60 2 4 450
60 2 5 435
60 2 6 370
60 2 7 421
60 2 8 415
60 2 9 412
60 2 10 418
60 3 3 376
60 3 4 423
60 3 5 449
60 3 6 381
60 3 7 418
60 3 8 458
60 3 9 422
60 3 10 438
60 4 3 414
60 4 4 443
60 4 5 432
60 4 6 436
60 4 7 414
60 4 8 460
60 4 9 380
60 4 10 401
60 5 3 429
60 5 4 433
60 5 5 451
60 5 6 450
60 5 7 439
60 5 8 426
60 5 9 440
60 5 10 458
60 6 3 436
60 6 4 424
60 6 5 436
60 6 6 423
60 6 7 438
60 6 8 442
60 6 9 425
60 6 10 378
60 7 3 392
60 7 4 427
60 7 5 429
60 7 6 457
60 7 7 399
60 7 8 417
60 7 9 440
60 7 10 385
60 8 3 432
60 8 4 439
60 8 5 440
60 8 6 389
60 8 7 425
60 8 8 388
60 8 9 457
60 8 10 430
60 9 3 451
60 9 4 386
60 9 5 425
60 9 6 440
60 9 7 414
60 9 8 411
60 9 9 443
60 9 10 427
80 0 3 768
80 0 4 771
80 0 5 760
80 0 6 760
80 0 7 786
80 0 8 786
80 0 9 640
80 0 10 734
80 1 3 809
80 1 4 746
80 1 5 815
80 1 6 801
80 1 7 811
80 1 8 792
80 1 9 734
80 1 10 794
80 2 3 792
80 2 4 732
80 2 5 765
80 2 6 793
80 2 7 792
80 2 8 787
80 2 9 743
80 2 10 756
80 3 3 755
80 3 4 779
80 3 5 775
80 3 6 726
80 3 7 796
80 3 8 741
80 3 9 791
80 3 10 747
80 4 3 767
80 4 4 761
80 4 5 696
80 4 6 786
80 4 7 776
80 4 8 774
80 4 9 795
80 4 10 728
80 5 3 793
80 5 4 800
80 5 5 777
80 5 6 799
80 5 7 773
80 5 8 768
80 5 9 789
80 5 10 660
80 6 3 808
80 6 4 705
80 6 5 810
80 6 6 764
80 6 7 759
80 6 8 746
80 6 9 760
80 6 10 794
80 7 3 769
80 7 4 791
80 7 5 769
80 7 6 694
80 7 7 798
80 7 8 782
80 7 9 772
80 7 10 787
80 8 3 784
80 8 4 790
80 8 5 770
80 8 6 776
80 8 7 784
80 8 8 769
80 8 9 671
80 8 10 789
80 9 3 796
80 9 4 682
80 9 5 709
80 9 6 783
80 9 7 806
80 9 8 804
80 9 9 769
80 9 10 798
100 0 3 1191
100 0 4 1154
100 0 5 1220
100 0 6 1240
100 0 7 1167
100 0 8 1208
100 0 9 1218
100 0 10 1243
100 1 3 1231
100 1 4 1255
100 1 5 1213
100 1 6 1240
100 1 7 1214
100 1 8 1200
100 1 9 1200
100 1 10 1222
100 2 3 1247
100 2 4 1241
100 2 5 1233
100 2 6 1224
100 2 7 1192
100 2 8 1043
100 2 9 1132
100 2 10 1149
100 3 3 1186
100 3 4 1187
100 3 5 1221
100 3 6 1092
100 3 7 1251
100 3 8 1201
100 3 9 1110
100 3 10 1142
100 4 3 1254
100 4 4 1229
100 4 5 1227
100 4 6 1201
100 4 7 1241
100 4 8 1195
100 4 9 1208
100 4 10 1192
100 5 3 1033
100 5 4 1229
100 5 5 1230
100 5 6 1227
100 5 7 1235
100 5 8 1133
100 5 9 1030
100 5 10 1245
100 6 3 1222
100 6 4 1120
100 6 5 1141
100 6 6 1240
100 6 7 1213
100 6 8 1166
100 6 9 1235
100 6 10 1120
100 7 3 968
100 7 4 1233
100 7 5 1246
100 7 6 1221
100 7 7 1018
100 7 8 881
100 7 9 1227
100 7 10 975
100 8 3 1191
100 8 4 1216
100 8 5 1012
100 8 6 1228
100 8 7 1223
100 8 8 1187
100 8 9 923
100 8 10 1201
100 9 3 1195
100 9 4 1231
100 9 5 1218
100 9 6 1204
100 9 7 1160
100 9 8 1211
100 9 9 1234
100 9 10 1266
