60 0 0 455
60 0 1 394
60 0 2 384
60 1 0 427
60 1 1 441
60 1 2 459
60 2 0 444
60 2 1 446
60 2 2 403
60 3 0 359
60 3 1 469
60 3 2 444
60 4 0 412
60 4 1 457
60 4 2 449
60 5 0 441
60 5 1 429
60 5 2 429
60 6 0 448
60 6 1 465
60 6 2 400
60 7 0 437
60 7 1 421
60 7 2 395
60 8 0 408
60 8 1 452
60 8 2 350
60 9 0 465
60 9 1 432
60 9 2 455
80 0 0 771
80 0 1 782
80 0 2 751
80 1 0 780
80 1 1 761
80 1 2 770
80 2 0 795
80 2 1 807
80 2 2 791
80 3 0 792
80 3 1 783
80 3 2 788
80 4 0 765
80 4 1 787
80 4 2 788
80 5 0 786
80 5 1 806
80 5 2 763
80 6 0 774
80 6 1 813
80 6 2 786
80 7 0 813
80 7 1 772
80 7 2 748
80 8 0 771
80 8 1 804
80 8 2 785
80 9 0 799
80 9 1 822
80 9 2 803
100 0 0 1220
100 0 1 1221
100 0 2 1264
100 1 0 1224
100 1 1 1194
100 1 2 1236
100 2 0 1241
100 2 1 1225
100 2 2 1242
100 3 0 1252
100 3 1 1197
100 3 2 1184
100 4 0 1230
100 4 1 1195
100 4 2 1233
100 5 0 1247
100 5 1 1148
100 5 2 1185
100 6 0 1249
100 6 1 1219
100 6 2 1163
100 7 0 1204
100 7 1 1161
100 7 2 1223
100 8 0 1262
100 8 1 1269
100 8 2 1201
100 9 0 1202
100 9 1 1256
100 9 2 1244
60 0 3 368
60 0 4 449
60 0 5 440
60 0 6 433
60 0 7 459
60 0 8 455
60 0 9 423
60 0 10 437
60 1 3 455
60 1 4 412
60 1 5 437
60 1 6 434
60 1 7 416
60 1 8 423
60 1 9 425
60 1 10 446
60 2 3 429
60 2 4 409
60 2 5 412
60 2 6 457
60 2 7 434
60 2 8 405
60 2 9 460
60 2 10 420
60 3 3 465
60 3 4 436
60 3 5 405
60 3 6 438
60 3 7 455
60 3 8 441
60 3 9 415
60 3 10 449
60 4 3 445
60 4 4 375
60 4 5 436
60 4 6 434
60 4 7 451
60 4 8 446
60 4 9 431
60 4 10 452
60 5 3 432
60 5 4 434
60 5 5 418
60 5 6 444
60 5 7 436
60 5 8 448
60 5 9 422
60 5 10 433
60 6 3 382
60 6 4 458
60 6 5 419
60 6 6 449
60 6 7 447
60 6 8 429
60 6 9 429
60 6 10 421
60 7 3 439
60 7 4 418
60 7 5 432
60 7 6 459
60 7 7 439
60 7 8 445
60 7 9 464
60 7 10 453
60 8 3 444
60 8 4 400
60 8 5 420
60 8 6 402
60 8 7 444
60 8 8 452
60 8 9 441
60 8 10 414
60 9 3 435
60 9 4 409
60 9 5 442
60 9 6 415
60 9 7 443
60 9 8 433
60 9 9 427
60 9 10 431
80 0 3 775
80 0 4 777
80 0 5 805
80 0 6 797
80 0 7 780
80 0 8 805
80 0 9 789
80 0 10 799
80 1 3 799
80 1 4 808
80 1 5 739
80 1 6 783
80 1 7 790
80 1 8 789
80 1 9 828
80 1 10 803
80 2 3 765
80 2 4 809
80 2 5 754
80 2 6 790
80 2 7 782
80 2 8 785
80 2 9 757
80 2 10 795
80 3 3 786
80 3 4 743
80 3 5 741
80 3 6 804
80 3 7 784
80 3 8 783
80 3 9 775
80 3 10 794
80 4 3 800
80 4 4 752
80 4 5 766
80 4 6 770
80 4 7 769
80 4 8 806
80 4 9 805
80 4 10 777
80 5 3 795
80 5 4 806
80 5 5 789
80 5 6 808
80 5 7 814
80 5 8 793
80 5 9 776
80 5 10 797
80 6 3 798
80 6 4 795
80 6 5 799
80 6 6 771
80 6 7 772
80 6 8 791
80 6 9 781
80 6 10 792
80 7 3 790
80 7 4 802
80 7 5 810
80 7 6 782
80 7 7 805
80 7 8 774
80 7 9 808
80 7 10 803
80 8 3 781
80 8 4 804
80 8 5 813
80 8 6 757
80 8 7 778
80 8 8 759
80 8 9 798
80 8 10 800
80 9 3 797
80 9 4 779
80 9 5 797
80 9 6 764
80 9 7 812
80 9 8 727
80 9 9 778
80 9 10 803
100 0 3 1221
100 0 4 1251
100 0 5 1248
100 0 6 1168
100 0 7 1206
100 0 8 1197
100 0 9 1219
100 0 10 1217
100 1 3 1272
100 1 4 1246
100 1 5 1209
100 1 6 1289
100 1 7 1235
100 1 8 1038
100 1 9 1114
100 1 10 1189
100 2 3 1111
100 2 4 1247
100 2 5 1252
100 2 6 1216
100 2 7 1150
100 2 8 1227
100 2 9 1228
100 2 10 1240
100 3 3 1227
100 3 4 1236
100 3 5 1249
100 3 6 1228
100 3 7 1266
100 3 8 1199
100 3 9 1074
100 3 10 1184
100 4 3 1253
100 4 4 1244
100 4 5 1233
100 4 6 1245
100 4 7 1278
100 4 8 1231
100 4 9 1233
100 4 10 1277
100 5 3 1285
100 5 4 1188
100 5 5 1287
100 5 6 1222
100 5 7 1226
100 5 8 1261
100 5 9 1230
100 5 10 1259
100 6 3 1207
100 6 4 1044
100 6 5 1225
100 6 6 1192
100 6 7 1256
100 6 8 1239
100 6 9 1247
100 6 10 1207
100 7 3 1245
100 7 4 1226
100 7 5 1237
100 7 6 1245
100 7 7 1244
100 7 8 1281
100 7 9 1229
100 7 10 1245
100 8 3 1231
100 8 4 1233
100 8 5 1245
100 8 6 1237
100 8 7 1230
100 8 8 1250
100 8 9 1253
100 8 10 1153
100 9 3 1206
100 9 4 1214
100 9 5 1242
100 9 6 1213
100 9 7 1202
100 9 8 1225
100 9 9 1214
100 9 10 1210
