60 0 0 384
60 0 1 426
60 0 2 447
60 1 0 401
60 1 1 441
60 1 2 422
60 2 0 366
60 2 1 415
60 2 2 441
60 3 0 415
60 3 1 308
60 3 2 452
60 4 0 450
60 4 1 425
60 4 2 351
60 5 0 438
60 5 1 397
60 5 2 442
60 6 0 459
60 6 1 430
60 6 2 425
60 7 0 441
60 7 1 418
60 7 2 458
60 8 0 446
60 8 1 410
60 8 2 444
60 9 0 445
60 9 1 425
60 9 2 443
80 0 0 816
80 0 1 645
80 0 2 791
80 1 0 780
80 1 1 799
80 1 2 780
80 2 0 740
80 2 1 695
80 2 2 706
80 3 0 787
80 3 1 769
80 3 2 746
80 4 0 728
80 4 1 793
80 4 2 781
80 5 0 789
80 5 1 723
80 5 2 778
80 6 0 788
80 6 1 795
80 6 2 751
80 7 0 787
80 7 1 791
80 7 2 796
80 8 0 799
80 8 1 801
80 8 2 766
80 9 0 787
80 9 1 793
80 9 2 728
100 0 0 1242
100 0 1 1208
100 0 2 1217
100 1 0 1192
100 1 1 1236
100 1 2 1223
100 2 0 1234
100 2 1 1141
100 2 2 1220
100 3 0 1186
100 3 1 1261
100 3 2 1266
100 4 0 1121
100 4 1 1216
100 4 2 1181
100 5 0 1097
100 5 1 1245
100 5 2 1128
100 6 0 1234
100 6 1 1205
100 6 2 1205
100 7 0 1113
100 7 1 1120
100 7 2 1213
100 8 0 1209
100 8 1 1070
100 8 2 1210
100 9 0 1169
100 9 1 1246
100 9 2 1237
60 0 3 433
60 0 4 442
60 0 5 423
60 0 6 380
60 0 7 449
60 0 8 413
60 0 9 380
60 0 10 460
60 1 3 430
60 1 4 453
60 1 5 423
60 1 6 416
60 1 7 457
60 1 8 437
60 1 9 447
60 1 10 419
60 2 3 428
60 2 4 445
60 2 5 435
60 2 6 398
60 2 7 399
60 2 8 457
60 2 9 447
60 2 10 440
60 3 3 430
60 3 4 385
60 3 5 453
60 3 6 450
60 3 7 473
60 3 8 430
60 3 9 445
60 3 10 458
60 4 3 429
60 4 4 437
60 4 5 378
60 4 6 441
60 4 7 411
60 4 8 426
60 4 9 416
60 4 10 441
60 5 3 447
60 5 4 437
60 5 5 413
60 5 6 421
60 5 7 414
60 5 8 435
60 5 9 446
60 5 10 419
60 6 3 355
60 6 4 445
60 6 5 392
60 6 6 445
60 6 7 446
60 6 8 419
60 6 9 445
60 6 10 463
60 7 3 441
60 7 4 461
60 7 5 443
60 7 6 321
60 7 7 401
60 7 8 447
60 7 9 430
60 7 10 429
60 8 3 439
60 8 4 390
60 8 5 429
60 8 6 437
60 8 7 448
60 8 8 342
60 8 9 408
60 8 10 441
60 9 3 379
60 9 4 384
60 9 5 412
60 9 6 427
60 9 7 459
60 9 8 445
60 9 9 393
60 9 10 446
80 0 3 779
80 0 4 637
80 0 5 766
80 0 6 750
80 0 7 742
80 0 8 785
80 0 9 717
80 0 10 795
80 1 3 801
80 1 4 530
80 1 5 742
80 1 6 634
80 1 7 756
80 1 8 780
80 1 9 775
80 1 10 786
80 2 3 715
80 2 4 809
80 2 5 735
80 2 6 679
80 2 7 777
80 2 8 788
80 2 9 720
80 2 10 775
80 3 3 796
80 3 4 745
80 3 5 800
80 3 6 784
80 3 7 790
80 3 8 740
80 3 9 803
80 3 10 810
80 4 3 700
80 4 4 815
80 4 5 746
80 4 6 773
80 4 7 639
80 4 8 776
80 4 9 734
80 4 10 797
80 5 3 745
80 5 4 782
80 5 5 652
80 5 6 738
80 5 7 736
80 5 8 785
80 5 9 783
80 5 10 776
80 6 3 679
80 6 4 660
80 6 5 803
80 6 6 725
80 6 7 782
80 6 8 735
80 6 9 706
80 6 10 743
80 7 3 795
80 7 4 797
80 7 5 797
80 7 6 738
80 7 7 792
80 7 8 801
80 7 9 666
80 7 10 779
80 8 3 751
80 8 4 720
80 8 5 770
80 8 6 782
80 8 7 787
80 8 8 764
80 8 9 785
80 8 10 769
80 9 3 735
80 9 4 813
80 9 5 696
80 9 6 805
80 9 7 668
80 9 8 706
80 9 9 781
80 9 10 787
100 0 3 1173
100 0 4 1226
100 0 5 1183
100 0 6 1270
100 0 7 1227
100 0 8 1201
100 0 9 1129
100 0 10 1258
100 1 3 1194
100 1 4 1227
100 1 5 1144
100 1 6 1101
100 1 7 1235
100 1 8 1227
100 1 9 1227
100 1 10 1231
100 2 3 1229
100 2 4 1215
100 2 5 1249
100 2 6 1272
100 2 7 1254
100 2 8 1244
100 2 9 1238
100 2 10 1084
100 3 3 1262
100 3 4 1231
100 3 5 1175
100 3 6 1201
100 3 7 1058
100 3 8 1237
100 3 9 1253
100 3 10 1162
100 4 3 1239
100 4 4 1227
100 4 5 1233
100 4 6 1180
100 4 7 1242
100 4 8 1197
100 4 9 1216
100 4 10 1196
100 5 3 1242
100 5 4 1248
100 5 5 1209
100 5 6 1232
100 5 7 1166
100 5 8 1220
100 5 9 1230
100 5 10 1259
100 6 3 1259
100 6 4 1166
100 6 5 1181
100 6 6 1201
100 6 7 1161
100 6 8 1110
100 6 9 1183
100 6 10 1017
100 7 3 1205
100 7 4 1255
100 7 5 1155
100 7 6 1169
100 7 7 1222
100 7 8 1230
100 7 9 1251
100 7 10 1260
100 8 3 1273
100 8 4 978
100 8 5 1255
100 8 6 1204
100 8 7 1218
100 8 8 1193
100 8 9 719
100 8 10 1243
100 9 3 1221
100 9 4 1226
100 9 5 1244
100 9 6 1030
100 9 7 1222
100 9 8 1239
100 9 9 1252
100 9 10 1170
