60 0 0 429
60 0 1 440
60 0 2 320
60 1 0 430
60 1 1 445
60 1 2 451
60 2 0 461
60 2 1 435
60 2 2 389
60 3 0 448
60 3 1 373
60 3 2 432
60 4 0 468
60 4 1 428
60 4 2 444
60 5 0 442
60 5 1 440
60 5 2 453
60 6 0 438
60 6 1 376
60 6 2 398
60 7 0 442
60 7 1 414
60 7 2 427
60 8 0 430
60 8 1 450
60 8 2 402
60 9 0 421
60 9 1 423
60 9 2 406
80 0 0 770
80 0 1 753
80 0 2 779
80 1 0 763
80 1 1 783
80 1 2 783
80 2 0 778
80 2 1 688
80 2 2 776
80 3 0 762
80 3 1 817
80 3 2 741
80 4 0 763
80 4 1 731
80 4 2 744
80 5 0 805
80 5 1 814
80 5 2 772
80 6 0 785
80 6 1 780
80 6 2 764
80 7 0 810
80 7 1 774
80 7 2 775
80 8 0 806
80 8 1 792
80 8 2 772
80 9 0 794
80 9 1 734
80 9 2 792
100 0 0 1226
100 0 1 1270
100 0 2 1248
100 1 0 1223
100 1 1 1184
100 1 2 1209
100 2 0 1126
100 2 1 1280
100 2 2 1214
100 3 0 1229
100 3 1 1077
100 3 2 1062
100 4 0 1191
100 4 1 1244
100 4 2 1179
100 5 0 1182
100 5 1 1195
100 5 2 1215
100 6 0 1092
100 6 1 1255
100 6 2 1048
100 7 0 1255
100 7 1 1198
100 7 2 1177
100 8 0 1241
100 8 1 1229
100 8 2 1219
100 9 0 1183
100 9 1 1146
100 9 2 1145
60 0 3 427
60 0 4 373
60 0 5 449
60 0 6 302
60 0 7 434
60 0 8 350
60 0 9 418
60 0 10 441
60 1 3 427
60 1 4 425
60 1 5 430
60 1 6 444
60 1 7 428
60 1 8 455
60 1 9 408
60 1 10 450
60 2 3 420
60 2 4 445
60 2 5 425
60 2 6 389
60 2 7 393
60 2 8 445
60 2 9 441
60 2 10 445
60 3 3 441
60 3 4 435
60 3 5 438
60 3 6 424
60 3 7 431
60 3 8 453
60 3 9 418
60 3 10 431
60 4 3 453
60 4 4 451
60 4 5 431
60 4 6 438
60 4 7 421
60 4 8 400
60 4 9 446
60 4 10 434
60 5 3 417
60 5 4 431
60 5 5 422
60 5 6 450
60 5 7 458
60 5 8 395
60 5 9 447
60 5 10 447
60 6 3 436
60 6 4 396
60 6 5 436
60 6 6 430
60 6 7 425
60 6 8 421
60 6 9 413
60 6 10 403
60 7 3 471
60 7 4 435
60 7 5 428
60 7 6 435
60 7 7 398
60 7 8 380
60 7 9 401
60 7 10 433
60 8 3 426
60 8 4 443
60 8 5 441
60 8 6 366
60 8 7 408
60 8 8 437
60 8 9 466
60 8 10 424
60 9 3 369
60 9 4 449
60 9 5 354
60 9 6 424
60 9 7 450
60 9 8 451
60 9 9 443
60 9 10 451
80 0 3 774
80 0 4 813
80 0 5 799
80 0 6 792
80 0 7 763
80 0 8 796
80 0 9 804
80 0 10 789
80 1 3 735
80 1 4 747
80 1 5 817
80 1 6 784
80 1 7 730
80 1 8 741
80 1 9 773
80 1 10 776
80 2 3 794
80 2 4 817
80 2 5 760
80 2 6 800
80 2 7 807
80 2 8 802
80 2 9 798
80 2 10 798
80 3 3 754
80 3 4 799
80 3 5 761
80 3 6 787
80 3 7 792
80 3 8 801
80 3 9 762
80 3 10 706
80 4 3 723
80 4 4 759
80 4 5 732
80 4 6 711
80 4 7 784
80 4 8 761
80 4 9 737
80 4 10 788
80 5 3 800
80 5 4 744
80 5 5 729
80 5 6 780
80 5 7 805
80 5 8 785
80 5 9 764
80 5 10 785
80 6 3 793
80 6 4 812
80 6 5 755
80 6 6 773
80 6 7 827
80 6 8 796
80 6 9 753
80 6 10 812
80 7 3 745
80 7 4 805
80 7 5 738
80 7 6 765
80 7 7 797
80 7 8 780
80 7 9 823
80 7 10 713
80 8 3 808
80 8 4 755
80 8 5 812
80 8 6 796
80 8 7 749
80 8 8 774
80 8 9 780
80 8 10 747
80 9 3 812
80 9 4 794
80 9 5 748
80 9 6 736
80 9 7 781
80 9 8 754
80 9 9 813
80 9 10 743
100 0 3 1209
100 0 4 1251
100 0 5 1235
100 0 6 1096
100 0 7 1225
100 0 8 1195
100 0 9 1095
100 0 10 1222
100 1 3 1206
100 1 4 1240
100 1 5 1240
100 1 6 1221
100 1 7 1224
100 1 8 1219
100 1 9 1231
100 1 10 1189
100 2 3 1230
100 2 4 1240
100 2 5 1230
100 2 6 1246
100 2 7 1220
100 2 8 1221
100 2 9 1231
100 2 10 1160
100 3 3 1212
100 3 4 1217
100 3 5 1256
100 3 6 1156
100 3 7 1234
100 3 8 1205
100 3 9 1211
100 3 10 1230
100 4 3 1213
100 4 4 1210
100 4 5 1198
100 4 6 1222
100 4 7 1220
100 4 8 1231
100 4 9 1224
100 4 10 1219
100 5 3 1155
100 5 4 1222
100 5 5 1223
100 5 6 1233
100 5 7 1188
100 5 8 1231
100 5 9 1241
100 5 10 1233
100 6 3 1263
100 6 4 1255
100 6 5 1181
100 6 6 1233
100 6 7 1231
100 6 8 1233
100 6 9 1198
100 6 10 1154
100 7 3 1212
100 7 4 1220
100 7 5 1260
100 7 6 1224
100 7 7 1152
100 7 8 1200
100 7 9 1116
100 7 10 1252
100 8 3 1211
100 8 4 1232
100 8 5 1199
100 8 6 1237
100 8 7 1215
100 8 8 1136
100 8 9 1212
100 8 10 1203
100 9 3 1219
100 9 4 1223
100 9 5 1234
100 9 6 1194
100 9 7 1243
100 9 8 1228
100 9 9 1213
100 9 10 1241
