60 0 0 425
60 0 1 447
60 0 2 425
60 1 0 386
60 1 1 443
60 1 2 410
60 2 0 448
60 2 1 393
60 2 2 244
60 3 0 432
60 3 1 344
60 3 2 438
60 4 0 436
60 4 1 432
60 4 2 397
60 5 0 430
60 5 1 415
60 5 2 438
60 6 0 429
60 6 1 441
60 6 2 365
60 7 0 391
60 7 1 418
60 7 2 378
60 8 0 441
60 8 1 443
60 8 2 436
60 9 0 426
60 9 1 431
60 9 2 425
80 0 0 781
80 0 1 752
80 0 2 631
80 1 0 769
80 1 1 668
80 1 2 789
80 2 0 758
80 2 1 753
80 2 2 773
80 3 0 744
80 3 1 766
80 3 2 768
80 4 0 775
80 4 1 768
80 4 2 760
80 5 0 802
80 5 1 770
80 5 2 780
80 6 0 790
80 6 1 748
80 6 2 807
80 7 0 744
80 7 1 702
80 7 2 600
80 8 0 799
80 8 1 783
80 8 2 795
80 9 0 541
80 9 1 626
80 9 2 764
100 0 0 1221
100 0 1 1098
100 0 2 1142
100 1 0 1238
100 1 1 1248
100 1 2 1255
100 2 0 1236
100 2 1 1234
100 2 2 1239
100 3 0 1214
100 3 1 1216
100 3 2 1187
100 4 0 1211
100 4 1 1218
100 4 2 1207
100 5 0 1258
100 5 1 1219
100 5 2 1012
100 6 0 1238
100 6 1 1241
100 6 2 1242
100 7 0 1162
100 7 1 1231
100 7 2 1276
100 8 0 1120
100 8 1 1222
100 8 2 1234
100 9 0 1184
100 9 1 1209
100 9 2 1139
60 0 3 436
60 0 4 409
60 0 5 383
60 0 6 392
60 0 7 319
60 0 8 417
60 0 9 441
60 0 10 419
60 1 3 467
60 1 4 439
60 1 5 441
60 1 6 423
60 1 7 440
60 1 8 400
60 1 9 452
60 1 10 442
60 2 3 422
60 2 4 412
60 2 5 443
60 2 6 337
60 2 7 455
60 2 8 427
60 2 9 432
60 2 10 417
60 3 3 427
60 3 4 425
60 3 5 441
60 3 6 395
60 3 7 425
60 3 8 410
60 3 9 423
60 3 10 404
60 4 3 424
60 4 4 434
60 4 5 455
60 4 6 346
60 4 7 431
60 4 8 330
60 4 9 442
60 4 10 442
60 5 3 374
60 5 4 444
60 5 5 430
60 5 6 442
60 5 7 449
60 5 8 377
60 5 9 430
60 5 10 440
60 6 3 443
60 6 4 435
60 6 5 434
60 6 6 440
60 6 7 420
60 6 8 451
60 6 9 445
60 6 10 460
60 7 3 420
60 7 4 409
60 7 5 437
60 7 6 381
60 7 7 442
60 7 8 451
60 7 9 452
60 7 10 420
60 8 3 432
60 8 4 412
60 8 5 401
60 8 6 411
60 8 7 453
60 8 8 411
60 8 9 422
60 8 10 452
60 9 3 438
60 9 4 449
60 9 5 437
60 9 6 414
60 9 7 426
60 9 8 296
60 9 9 434
60 9 10 429
80 0 3 797
80 0 4 801
80 0 5 763
80 0 6 656
80 0 7 784
80 0 8 785
80 0 9 774
80 0 10 686
80 1 3 807
80 1 4 770
80 1 5 784
80 1 6 673
80 1 7 776
80 1 8 779
80 1 9 792
80 1 10 789
80 2 3 776
80 2 4 786
80 2 5 746
80 2 6 711
80 2 7 761
80 2 8 721
80 2 9 658
80 2 10 797
80 3 3 766
80 3 4 762
80 3 5 772
80 3 6 813
80 3 7 787
80 3 8 760
80 3 9 784
80 3 10 689
80 4 3 772
80 4 4 787
80 4 5 580
80 4 6 774
80 4 7 772
80 4 8 699
80 4 9 722
80 4 10 699
80 5 3 692
80 5 4 790
80 5 5 612
80 5 6 773
80 5 7 763
80 5 8 771
80 5 9 748
80 5 10 788
80 6 3 634
80 6 4 764
80 6 5 746
80 6 6 686
80 6 7 822
80 6 8 805
80 6 9 778
80 6 10 733
80 7 3 715
80 7 4 747
80 7 5 797
80 7 6 619
80 7 7 779
80 7 8 729
80 7 9 789
80 7 10 698
80 8 3 788
80 8 4 765
80 8 5 815
80 8 6 730
80 8 7 758
80 8 8 797
80 8 9 790
80 8 10 576
80 9 3 720
80 9 4 759
80 9 5 727
80 9 6 724
80 9 7 734
80 9 8 747
80 9 9 647
80 9 10 813
100 0 3 1235
100 0 4 1145
100 0 5 1220
100 0 6 1233
100 0 7 1243
100 0 8 1098
100 0 9 1116
100 0 10 1237
100 1 3 1259
100 1 4 1193
100 1 5 1248
100 1 6 1238
100 1 7 1172
100 1 8 1272
100 1 9 1231
100 1 10 1197
100 2 3 982
100 2 4 1194
100 2 5 1076
100 2 6 1176
100 2 7 1227
100 2 8 1071
100 2 9 1118
100 2 10 1240
100 3 3 1196
100 3 4 1171
100 3 5 1252
100 3 6 1227
100 3 7 1235
100 3 8 1164
100 3 9 1169
100 3 10 1080
100 4 3 1173
100 4 4 1255
100 4 5 1167
100 4 6 982
100 4 7 1013
100 4 8 1164
100 4 9 1258
100 4 10 1211
100 5 3 1173
100 5 4 1230
100 5 5 1026
100 5 6 1170
100 5 7 1240
100 5 8 1180
100 5 9 1190
100 5 10 1210
100 6 3 1141
100 6 4 1225
100 6 5 1238
100 6 6 1190
100 6 7 1196
100 6 8 1199
100 6 9 1220
100 6 10 1235
100 7 3 1214
100 7 4 912
100 7 5 1054
100 7 6 1143
100 7 7 1126
100 7 8 1250
100 7 9 1236
100 7 10 1225
100 8 3 1035
100 8 4 1255
100 8 5 1251
100 8 6 1193
100 8 7 1159
100 8 8 1147
100 8 9 1107
100 8 10 1228
100 9 3 1072
100 9 4 1128
100 9 5 1174
100 9 6 1273
100 9 7 1169
100 9 8 1203
100 9 9 1135
100 9 10 938
