60 0 0 415
60 0 1 419
60 0 2 233
60 1 0 447
60 1 1 426
60 1 2 439
60 2 0 453
60 2 1 419
60 2 2 457
60 3 0 393
60 3 1 459
60 3 2 440
60 4 0 430
60 4 1 432
60 4 2 436
60 5 0 445
60 5 1 396
60 5 2 422
60 6 0 461
60 6 1 435
60 6 2 427
60 7 0 441
60 7 1 446
60 7 2 431
60 8 0 446
60 8 1 418
60 8 2 418
60 9 0 447
60 9 1 417
60 9 2 454
80 0 0 773
80 0 1 688
80 0 2 779
80 1 0 763
80 1 1 793
80 1 2 696
80 2 0 719
80 2 1 782
80 2 2 787
80 3 0 730
80 3 1 790
80 3 2 790
80 4 0 760
80 4 1 783
80 4 2 762
80 5 0 759
80 5 1 803
80 5 2 803
80 6 0 780
80 6 1 759
80 6 2 790
80 7 0 748
80 7 1 762
80 7 2 778
80 8 0 696
80 8 1 777
80 8 2 805
80 9 0 769
80 9 1 805
80 9 2 797
100 0 0 1209
100 0 1 1223
100 0 2 1166
100 1 0 1217
100 1 1 1237
100 1 2 1214
100 2 0 1224
100 2 1 1239
100 2 2 1203
100 3 0 1217
100 3 1 1173
100 3 2 1257
100 4 0 1230
100 4 1 1252
100 4 2 1258
100 5 0 1115
100 5 1 1156
100 5 2 1239
100 6 0 1226
100 6 1 1196
100 6 2 1169
100 7 0 1207
100 7 1 1129
100 7 2 1194
100 8 0 1238
100 8 1 1226
100 8 2 1172
100 9 0 1224
100 9 1 1223
100 9 2 1171
60 0 3 421
60 0 4 445
60 0 5 423
60 0 6 448
60 0 7 418
60 0 8 434
60 0 9 447
60 0 10 446
60 1 3 434
60 1 4 393
60 1 5 422
60 1 6 387
60 1 7 445
60 1 8 423
60 1 9 428
60 1 10 422
60 2 3 422
60 2 4 442
60 2 5 432
60 2 6 440
60 2 7 404
60 2 8 431
60 2 9 428
60 2 10 410
60 3 3 443
60 3 4 444
60 3 5 445
60 3 6 413
60 3 7 456
60 3 8 431
60 3 9 441
60 3 10 455
60 4 3 396
60 4 4 421
60 4 5 405
60 4 6 455
60 4 7 432
60 4 8 434
60 4 9 453
60 4 10 429
60 5 3 445
60 5 4 437
60 5 5 422
60 5 6 431
60 5 7 454
60 5 8 429
60 5 9 418
60 5 10 446
60 6 3 442
60 6 4 445
60 6 5 380
60 6 6 438
60 6 7 439
60 6 8 446
60 6 9 437
60 6 10 453
60 7 3 453
60 7 4 423
60 7 5 420
60 7 6 436
60 7 7 461
60 7 8 354
60 7 9 449
60 7 10 448
60 8 3 439
60 8 4 453
60 8 5 439
60 8 6 416
60 8 7 395
60 8 8 419
60 8 9 437
60 8 10 442
60 9 3 447
60 9 4 436
60 9 5 441
60 9 6 453
60 9 7 436
60 9 8 430
60 9 9 447
60 9 10 425
80 0 3 793
80 0 4 778
80 0 5 760
80 0 6 751
80 0 7 756
80 0 8 791
80 0 9 726
80 0 10 819
80 1 3 788
80 1 4 776
80 1 5 779
80 1 6 780
80 1 7 790
80 1 8 796
80 1 9 807
80 1 10 819
80 2 3 715
80 2 4 783
80 2 5 780
80 2 6 802
80 2 7 785
80 2 8 773
80 2 9 800
80 2 10 761
80 3 3 768
80 3 4 812
80 3 5 774
80 3 6 784
80 3 7 772
80 3 8 748
80 3 9 802
80 3 10 610
80 4 3 794
80 4 4 703
80 4 5 795
80 4 6 790
80 4 7 808
80 4 8 781
80 4 9 801
80 4 10 802
80 5 3 784
80 5 4 791
80 5 5 601
80 5 6 752
80 5 7 775
80 5 8 776
80 5 9 799
80 5 10 769
80 6 3 765
80 6 4 822
80 6 5 751
80 6 6 804
80 6 7 726
80 6 8 744
80 6 9 797
80 6 10 807
80 7 3 786
80 7 4 743
80 7 5 803
80 7 6 784
80 7 7 720
80 7 8 779
80 7 9 771
80 7 10 763
80 8 3 760
80 8 4 772
80 8 5 809
80 8 6 783
80 8 7 667
80 8 8 808
80 8 9 703
80 8 10 804
80 9 3 797
80 9 4 762
80 9 5 773
80 9 6 693
80 9 7 809
80 9 8 790
80 9 9 784
80 9 10 813
100 0 3 1268
100 0 4 1117
100 0 5 1262
100 0 6 1248
100 0 7 1251
100 0 8 1221
100 0 9 1175
100 0 10 1225
100 1 3 1201
100 1 4 1239
100 1 5 1239
100 1 6 1244
100 1 7 1244
100 1 8 1277
100 1 9 1154
100 1 10 1103
100 2 3 1196
100 2 4 1216
100 2 5 1229
100 2 6 1241
100 2 7 1214
100 2 8 1213
100 2 9 1229
100 2 10 1207
100 3 3 1179
100 3 4 1211
100 3 5 1165
100 3 6 1221
100 3 7 1239
100 3 8 1143
100 3 9 1251
100 3 10 1249
100 4 3 1254
100 4 4 1213
100 4 5 1183
100 4 6 1265
100 4 7 1245
100 4 8 1236
100 4 9 1213
100 4 10 1228
100 5 3 1237
100 5 4 1227
100 5 5 1252
100 5 6 1228
100 5 7 1264
100 5 8 1235
100 5 9 1197
100 5 10 1147
100 6 3 1226
100 6 4 1252
100 6 5 1229
100 6 6 1248
100 6 7 1211
100 6 8 1169
100 6 9 1215
100 6 10 1235
100 7 3 1209
100 7 4 1172
100 7 5 1181
100 7 6 1187
100 7 7 1168
100 7 8 1233
100 7 9 1166
100 7 10 1171
100 8 3 1244
100 8 4 1246
100 8 5 1230
100 8 6 1208
100 8 7 1214
100 8 8 1096
100 8 9 1215
100 8 10 1247
100 9 3 1198
100 9 4 1228
100 9 5 1230
100 9 6 1237
100 9 7 1253
100 9 8 1271
100 9 9 1216
100 9 10 1221
