60 0 0 412
60 0 1 454
60 0 2 413
60 1 0 437
60 1 1 425
60 1 2 389
60 2 0 437
60 2 1 446
60 2 2 424
60 3 0 452
60 3 1 419
60 3 2 468
60 4 0 446
60 4 1 394
60 4 2 444
60 5 0 441
60 5 1 445
60 5 2 445
60 6 0 433
60 6 1 438
60 6 2 438
60 7 0 365
60 7 1 447
60 7 2 452
60 8 0 440
60 8 1 438
60 8 2 408
60 9 0 414
60 9 1 466
60 9 2 431
80 0 0 811
80 0 1 767
80 0 2 743
80 1 0 673
80 1 1 718
80 1 2 794
80 2 0 818
80 2 1 796
80 2 2 804
80 3 0 760
80 3 1 799
80 3 2 794
80 4 0 790
80 4 1 792
80 4 2 682
80 5 0 798
80 5 1 755
80 5 2 777
80 6 0 736
80 6 1 779
80 6 2 793
80 7 0 732
80 7 1 810
80 7 2 776
80 8 0 672
80 8 1 801
80 8 2 810
80 9 0 791
80 9 1 808
80 9 2 794
100 0 0 1221
100 0 1 1213
100 0 2 1241
100 1 0 1218
100 1 1 1227
100 1 2 1214
100 2 0 1241
100 2 1 1271
100 2 2 1175
100 3 0 1262
100 3 1 1207
100 3 2 1254
100 4 0 1229
100 4 1 1230
100 4 2 1218
100 5 0 1163
100 5 1 1181
100 5 2 1224
100 6 0 1181
100 6 1 1186
100 6 2 1251
100 7 0 1206
100 7 1 1244
100 7 2 1173
100 8 0 1241
100 8 1 1251
100 8 2 1240
100 9 0 1279
100 9 1 1225
100 9 2 1153
60 0 3 423
60 0 4 440
60 0 5 454
60 0 6 437
60 0 7 395
60 0 8 428
60 0 9 438
60 0 10 439
60 1 3 419
60 1 4 458
60 1 5 443
60 1 6 431
60 1 7 433
60 1 8 441
60 1 9 441
60 1 10 469
60 2 3 401
60 2 4 402
60 2 5 421
60 2 6 440
60 2 7 428
60 2 8 458
60 2 9 370
60 2 10 438
60 3 3 419
60 3 4 430
60 3 5 436
60 3 6 401
60 3 7 428
60 3 8 403
60 3 9 412
60 3 10 469
60 4 3 432
60 4 4 434
60 4 5 429
60 4 6 418
60 4 7 439
60 4 8 425
60 4 9 436
60 4 10 420
60 5 3 436
60 5 4 452
60 5 5 448
60 5 6 451
60 5 7 440
60 5 8 452
60 5 9 459
60 5 10 425
60 6 3 398
60 6 4 454
60 6 5 391
60 6 6 347
60 6 7 444
60 6 8 455
60 6 9 442
60 6 10 416
60 7 3 338
60 7 4 440
60 7 5 418
60 7 6 455
60 7 7 429
60 7 8 440
60 7 9 442
60 7 10 420
60 8 3 462
60 8 4 446
60 8 5 442
60 8 6 445
60 8 7 434
60 8 8 429
60 8 9 408
60 8 10 389
60 9 3 387
60 9 4 355
60 9 5 414
60 9 6 436
60 9 7 455
60 9 8 442
60 9 9 442
60 9 10 436
80 0 3 763
80 0 4 795
80 0 5 781
80 0 6 811
80 0 7 759
80 0 8 785
80 0 9 759
80 0 10 800
80 1 3 763
80 1 4 794
80 1 5 791
80 1 6 742
80 1 7 809
80 1 8 705
80 1 9 768
80 1 10 791
80 2 3 741
80 2 4 647
80 2 5 736
80 2 6 768
80 2 7 778
80 2 8 772
80 2 9 798
80 2 10 796
80 3 3 794
80 3 4 784
80 3 5 699
80 3 6 805
80 3 7 798
80 3 8 797
80 3 9 775
80 3 10 749
80 4 3 663
80 4 4 805
80 4 5 751
80 4 6 781
80 4 7 767
80 4 8 723
80 4 9 777
80 4 10 801
80 5 3 795
80 5 4 794
80 5 5 784
80 5 6 791
80 5 7 755
80 5 8 781
80 5 9 780
80 5 10 797
80 6 3 778
80 6 4 779
80 6 5 768
80 6 6 745
80 6 7 770
80 6 8 781
80 6 9 782
80 6 10 796
80 7 3 796
80 7 4 796
80 7 5 771
80 7 6 756
80 7 7 792
80 7 8 790
80 7 9 785
80 7 10 761
80 8 3 752
80 8 4 781
80 8 5 802
80 8 6 772
80 8 7 795
80 8 8 813
80 8 9 813
80 8 10 759
80 9 3 805
80 9 4 818
80 9 5 713
80 9 6 792
80 9 7 763
80 9 8 752
80 9 9 784
80 9 10 776
100 0 3 1136
100 0 4 1218
100 0 5 1245
100 0 6 1222
100 0 7 1254
100 0 8 1219
100 0 9 1200
100 0 10 1207
100 1 3 1255
100 1 4 1236
100 1 5 1249
100 1 6 1219
100 1 7 1243
100 1 8 1199
100 1 9 1148
100 1 10 1266
100 2 3 1226
100 2 4 1228
100 2 5 1219
100 2 6 1231
100 2 7 1219
100 2 8 1255
100 2 9 1237
100 2 10 1230
100 3 3 1227
100 3 4 1228
100 3 5 1239
100 3 6 1233
100 3 7 1252
100 3 8 1252
100 3 9 1237
100 3 10 1226
100 4 3 1246
100 4 4 1234
100 4 5 1238
100 4 6 1217
100 4 7 1234
100 4 8 1222
100 4 9 1235
100 4 10 1170
100 5 3 1180
100 5 4 1231
100 5 5 1231
100 5 6 1205
100 5 7 1150
100 5 8 1243
100 5 9 1212
100 5 10 1253
100 6 3 1258
100 6 4 1232
100 6 5 1258
100 6 6 1172
100 6 7 1215
100 6 8 1247
100 6 9 1251
100 6 10 1133
100 7 3 1243
100 7 4 1268
100 7 5 1210
100 7 6 1194
100 7 7 1204
100 7 8 1235
100 7 9 1213
100 7 10 1209
100 8 3 1238
100 8 4 1225
100 8 5 1231
100 8 6 1220
100 8 7 1230
100 8 8 1241
100 8 9 1195
100 8 10 1244
100 9 3 1218
100 9 4 1198
100 9 5 1183
100 9 6 1161
100 9 7 1197
100 9 8 1253
100 9 9 1254
100 9 10 1215
