60 0 0 381
60 0 1 391
60 0 2 451
60 1 0 433
60 1 1 405
60 1 2 438
60 2 0 359
60 2 1 457
60 2 2 413
60 3 0 392
60 3 1 407
60 3 2 441
60 4 0 448
60 4 1 430
60 4 2 436
60 5 0 433
60 5 1 456
60 5 2 449
60 6 0 436
60 6 1 447
60 6 2 458
60 7 0 440
60 7 1 407
60 7 2 386
60 8 0 385
60 8 1 424
60 8 2 394
60 9 0 442
60 9 1 442
60 9 2 436
80 0 0 769
80 0 1 767
80 0 2 799
80 1 0 793
80 1 1 746
80 1 2 788
80 2 0 795
80 2 1 798
80 2 2 786
80 3 0 747
80 3 1 798
80 3 2 761
80 4 0 808
80 4 1 771
80 4 2 800
80 5 0 807
80 5 1 785
80 5 2 792
80 6 0 793
80 6 1 790
80 6 2 778
80 7 0 764
80 7 1 703
80 7 2 787
80 8 0 803
80 8 1 765
80 8 2 786
80 9 0 800
80 9 1 793
80 9 2 793
100 0 0 1194
100 0 1 1195
100 0 2 1248
100 1 0 1236
100 1 1 1253
100 1 2 1248
100 2 0 1254
100 2 1 1242
100 2 2 1253
100 3 0 1264
100 3 1 1257
100 3 2 1218
100 4 0 1251
100 4 1 1191
100 4 2 1207
100 5 0 1141
100 5 1 1158
100 5 2 1232
100 6 0 1213
100 6 1 1261
100 6 2 1244
100 7 0 1256
100 7 1 1227
100 7 2 1240
100 8 0 1249
100 8 1 1198
100 8 2 1211
100 9 0 1235
100 9 1 1241
100 9 2 1267
60 0 3 440
60 0 4 417
60 0 5 434
60 0 6 435
60 0 7 401
60 0 8 462
60 0 9 399
60 0 10 380
60 1 3 444
60 1 4 439
60 1 5 420
60 1 6 427
60 1 7 436
60 1 8 383
60 1 9 434
60 1 10 435
60 2 3 435
60 2 4 420
60 2 5 442
60 2 6 383
60 2 7 448
60 2 8 446
60 2 9 425
60 2 10 446
60 3 3 413
60 3 4 431
60 3 5 410
60 3 6 440
60 3 7 452
60 3 8 432
60 3 9 434
60 3 10 435
60 4 3 457
60 4 4 439
60 4 5 421
60 4 6 433
60 4 7 447
60 4 8 460
60 4 9 466
60 4 10 435
60 5 3 439
60 5 4 420
60 5 5 427
60 5 6 408
60 5 7 455
60 5 8 410
60 5 9 448
60 5 10 425
60 6 3 441
60 6 4 430
60 6 5 439
60 6 6 450
60 6 7 438
60 6 8 453
60 6 9 437
60 6 10 434
60 7 3 437
60 7 4 445
60 7 5 427
60 7 6 469
60 7 7 440
60 7 8 378
60 7 9 440
60 7 10 468
60 8 3 419
60 8 4 454
60 8 5 455
60 8 6 448
60 8 7 359
60 8 8 449
60 8 9 404
60 8 10 433
60 9 3 453
60 9 4 437
60 9 5 428
60 9 6 428
60 9 7 444
60 9 8 420
60 9 9 442
60 9 10 410
80 0 3 759
80 0 4 764
80 0 5 786
80 0 6 793
80 0 7 774
80 0 8 813
80 0 9 824
80 0 10 783
80 1 3 805
80 1 4 773
80 1 5 803
80 1 6 799
80 1 7 716
80 1 8 745
80 1 9 806
80 1 10 817
80 2 3 799
80 2 4 816
80 2 5 799
80 2 6 784
80 2 7 734
80 2 8 794
80 2 9 829
80 2 10 790
80 3 3 780
80 3 4 795
80 3 5 661
80 3 6 791
80 3 7 794
80 3 8 807
80 3 9 792
80 3 10 805
80 4 3 750
80 4 4 786
80 4 5 696
80 4 6 793
80 4 7 683
80 4 8 780
80 4 9 783
80 4 10 787
80 5 3 761
80 5 4 768
80 5 5 723
80 5 6 815
80 5 7 779
80 5 8 797
80 5 9 783
80 5 10 797
80 6 3 795
80 6 4 782
80 6 5 808
80 6 6 759
80 6 7 800
80 6 8 789
80 6 9 778
80 6 10 778
80 7 3 778
80 7 4 792
80 7 5 811
80 7 6 795
80 7 7 791
80 7 8 707
80 7 9 782
80 7 10 817
80 8 3 796
80 8 4 771
80 8 5 774
80 8 6 796
80 8 7 791
80 8 8 784
80 8 9 786
80 8 10 790
80 9 3 827
80 9 4 623
80 9 5 777
80 9 6 816
80 9 7 689
80 9 8 763
80 9 9 786
80 9 10 724
100 0 3 1235
100 0 4 1252
100 0 5 1195
100 0 6 1178
100 0 7 1234
100 0 8 1241
100 0 9 1184
100 0 10 1233
100 1 3 1241
100 1 4 1256
100 1 5 1098
100 1 6 1251
100 1 7 1201
100 1 8 1249
100 1 9 1223
100 1 10 1231
100 2 3 1238
100 2 4 1212
100 2 5 1099
100 2 6 1238
100 2 7 1246
100 2 8 1212
100 2 9 1275
100 2 10 1194
100 3 3 1173
100 3 4 1262
100 3 5 1227
100 3 6 1243
100 3 7 1260
100 3 8 1246
100 3 9 1261
100 3 10 1255
100 4 3 1172
100 4 4 1058
100 4 5 1245
100 4 6 1227
100 4 7 1223
100 4 8 1228
100 4 9 1209
100 4 10 1186
100 5 3 1240
100 5 4 1238
100 5 5 1228
100 5 6 1279
100 5 7 1240
100 5 8 1236
100 5 9 1268
100 5 10 1234
100 6 3 1234
100 6 4 1237
100 6 5 1262
100 6 6 1260
100 6 7 1216
100 6 8 1237
100 6 9 1246
100 6 10 1206
100 7 3 1239
100 7 4 1271
100 7 5 1242
100 7 6 1224
100 7 7 1245
100 7 8 1251
100 7 9 1251
100 7 10 1216
100 8 3 1247
100 8 4 1231
100 8 5 1250
100 8 6 1223
100 8 7 1241
100 8 8 1251
100 8 9 1234
100 8 10 1248
100 9 3 1246
100 9 4 1198
100 9 5 1206
100 9 6 1229
100 9 7 1233
100 9 8 1191
100 9 9 1240
100 9 10 1243
