60 0 0 442
60 0 1 421
60 0 2 444
60 1 0 436
60 1 1 421
60 1 2 427
60 2 0 412
60 2 1 438
60 2 2 448
60 3 0 396
60 3 1 441
60 3 2 407
60 4 0 448
60 4 1 426
60 4 2 449
60 5 0 397
60 5 1 445
60 5 2 461
60 6 0 427
60 6 1 447
60 6 2 428
60 7 0 435
60 7 1 471
60 7 2 452
60 8 0 426
60 8 1 382
60 8 2 439
60 9 0 448
60 9 1 442
60 9 2 431
80 0 0 804
80 0 1 765
80 0 2 812
80 1 0 803
80 1 1 796
80 1 2 802
80 2 0 788
80 2 1 809
80 2 2 795
80 3 0 786
80 3 1 784
80 3 2 788
80 4 0 784
80 4 1 747
80 4 2 776
80 5 0 760
80 5 1 806
80 5 2 782
80 6 0 762
80 6 1 821
80 6 2 816
80 7 0 743
80 7 1 778
80 7 2 785
80 8 0 816
80 8 1 761
80 8 2 806
80 9 0 780
80 9 1 771
80 9 2 765
100 0 0 1263
100 0 1 1256
100 0 2 1240
100 1 0 1214
100 1 1 1159
100 1 2 1173
100 2 0 1244
100 2 1 1225
100 2 2 1250
100 3 0 1235
100 3 1 1199
100 3 2 1247
100 4 0 1233
100 4 1 1266
100 4 2 1245
100 5 0 1273
100 5 1 1225
100 5 2 1207
100 6 0 1229
100 6 1 1188
100 6 2 1246
100 7 0 1234
100 7 1 1192
100 7 2 1244
100 8 0 1191
100 8 1 1264
100 8 2 1238
100 9 0 1092
100 9 1 1245
100 9 2 1228
60 0 3 359
60 0 4 378
60 0 5 445
60 0 6 425
60 0 7 412
60 0 8 425
60 0 9 445
60 0 10 427
60 1 3 426
60 1 4 353
60 1 5 423
60 1 6 435
60 1 7 433
60 1 8 415
60 1 9 441
60 1 10 435
60 2 3 433
60 2 4 429
60 2 5 428
60 2 6 435
60 2 7 422
60 2 8 441
60 2 9 380
60 2 10 431
60 3 3 450
60 3 4 399
60 3 5 402
60 3 6 389
60 3 7 438
60 3 8 459
60 3 9 457
60 3 10 420
60 4 3 407
60 4 4 439
60 4 5 414
60 4 6 343
60 4 7 426
60 4 8 464
60 4 9 427
60 4 10 416
60 5 3 459
60 5 4 429
60 5 5 434
60 5 6 446
60 5 7 439
60 5 8 440
60 5 9 421
60 5 10 445
60 6 3 421
60 6 4 409
60 6 5 440
60 6 6 429
60 6 7 435
60 6 8 428
60 6 9 408
60 6 10 447
60 7 3 425
60 7 4 429
60 7 5 397
60 7 6 406
60 7 7 432
60 7 8 457
60 7 9 440
60 7 10 451
60 8 3 444
60 8 4 457
60 8 5 464
60 8 6 445
60 8 7 456
60 8 8 439
60 8 9 421
60 8 10 414
60 9 3 407
60 9 4 433
60 9 5 434
60 9 6 442
60 9 7 461
60 9 8 448
60 9 9 425
60 9 10 445
80 0 3 777
80 0 4 777
80 0 5 772
80 0 6 794
80 0 7 752
80 0 8 802
80 0 9 800
80 0 10 771
80 1 3 809
80 1 4 810
80 1 5 783
80 1 6 780
80 1 7 774
80 1 8 826
80 1 9 790
80 1 10 769
80 2 3 800
80 2 4 806
80 2 5 783
80 2 6 802
80 2 7 801
80 2 8 801
80 2 9 769
80 2 10 783
80 3 3 799
80 3 4 741
80 3 5 790
80 3 6 759
80 3 7 793
80 3 8 812
80 3 9 764
80 3 10 795
80 4 3 822
80 4 4 722
80 4 5 800
80 4 6 791
80 4 7 769
80 4 8 802
80 4 9 751
80 4 10 779
80 5 3 806
80 5 4 786
80 5 5 797
80 5 6 796
80 5 7 812
80 5 8 792
80 5 9 781
80 5 10 792
80 6 3 773
80 6 4 799
80 6 5 780
80 6 6 811
80 6 7 754
80 6 8 740
80 6 9 781
80 6 10 771
80 7 3 814
80 7 4 718
80 7 5 772
80 7 6 769
80 7 7 791
80 7 8 739
80 7 9 794
80 7 10 710
80 8 3 790
80 8 4 783
80 8 5 764
80 8 6 809
80 8 7 791
80 8 8 814
80 8 9 789
80 8 10 793
80 9 3 788
80 9 4 775
80 9 5 770
80 9 6 800
80 9 7 771
80 9 8 793
80 9 9 799
80 9 10 790
100 0 3 1254
100 0 4 1231
100 0 5 1211
100 0 6 1219
100 0 7 1163
100 0 8 1115
100 0 9 1239
100 0 10 1241
100 1 3 1235
100 1 4 1244
100 1 5 1246
100 1 6 1198
100 1 7 1211
100 1 8 1194
100 1 9 1224
100 1 10 1211
100 2 3 1237
100 2 4 1198
100 2 5 1234
100 2 6 1234
100 2 7 1276
100 2 8 1244
100 2 9 1224
100 2 10 1273
100 3 3 1140
100 3 4 1231
100 3 5 1252
100 3 6 1249
100 3 7 1171
100 3 8 1234
100 3 9 1081
100 3 10 1198
100 4 3 1237
100 4 4 1209
100 4 5 1227
100 4 6 1201
100 4 7 1189
100 4 8 1283
100 4 9 1250
100 4 10 1229
100 5 3 1276
100 5 4 1240
100 5 5 1255
100 5 6 1262
100 5 7 1262
100 5 8 1225
100 5 9 1205
100 5 10 1224
100 6 3 1202
100 6 4 1269
100 6 5 1225
100 6 6 1224
100 6 7 1241
100 6 8 1245
100 6 9 1125
100 6 10 1231
100 7 3 1210
100 7 4 1238
100 7 5 1220
100 7 6 1238
100 7 7 1240
100 7 8 1247
100 7 9 1208
100 7 10 1241
100 8 3 1195
100 8 4 1172
100 8 5 1195
100 8 6 1219
100 8 7 1245
100 8 8 1204
100 8 9 1225
100 8 10 1243
100 9 3 1244
100 9 4 1234
100 9 5 1233
100 9 6 1272
100 9 7 1248
100 9 8 1212
100 9 9 1219
100 9 10 1237
