60 0 0 435
60 0 1 443
60 0 2 459
60 1 0 424
60 1 1 425
60 1 2 423
60 2 0 444
60 2 1 457
60 2 2 410
60 3 0 432
60 3 1 450
60 3 2 435
60 4 0 427
60 4 1 429
60 4 2 352
60 5 0 385
60 5 1 464
60 5 2 423
60 6 0 450
60 6 1 401
60 6 2 447
60 7 0 439
60 7 1 453
60 7 2 381
60 8 0 446
60 8 1 447
60 8 2 453
60 9 0 449
60 9 1 457
60 9 2 443
80 0 0 806
80 0 1 785
80 0 2 760
80 1 0 779
80 1 1 760
80 1 2 801
80 2 0 795
80 2 1 807
80 2 2 774
80 3 0 793
80 3 1 777
80 3 2 789
80 4 0 774
80 4 1 781
80 4 2 806
80 5 0 830
80 5 1 718
80 5 2 796
80 6 0 788
80 6 1 796
80 6 2 796
80 7 0 655
80 7 1 782
80 7 2 788
80 8 0 778
80 8 1 771
80 8 2 808
80 9 0 810
80 9 1 755
80 9 2 791
100 0 0 1243
100 0 1 1258
100 0 2 1179
100 1 0 1227
100 1 1 1255
100 1 2 1209
100 2 0 1242
100 2 1 1221
100 2 2 1221
100 3 0 1258
100 3 1 1251
100 3 2 1229
100 4 0 1242
100 4 1 1256
100 4 2 1209
100 5 0 1203
100 5 1 1210
100 5 2 1235
100 6 0 1246
100 6 1 1232
100 6 2 1264
100 7 0 1244
100 7 1 1227
100 7 2 1256
100 8 0 1228
100 8 1 1197
100 8 2 1159
100 9 0 1268
100 9 1 1206
100 9 2 1234
60 0 3 357
60 0 4 392
60 0 5 433
60 0 6 408
60 0 7 439
60 0 8 456
60 0 9 470
60 0 10 436
60 1 3 439
60 1 4 450
60 1 5 437
60 1 6 452
60 1 7 461
60 1 8 420
60 1 9 445
60 1 10 437
60 2 3 428
60 2 4 380
60 2 5 432
60 2 6 391
60 2 7 441
60 2 8 417
60 2 9 462
60 2 10 437
60 3 3 437
60 3 4 409
60 3 5 468
60 3 6 456
60 3 7 426
60 3 8 378
60 3 9 454
60 3 10 452
60 4 3 435
60 4 4 393
60 4 5 430
60 4 6 455
60 4 7 476
60 4 8 425
60 4 9 395
60 4 10 452
60 5 3 442
60 5 4 370
60 5 5 445
60 5 6 435
60 5 7 437
60 5 8 418
60 5 9 445
60 5 10 446
60 6 3 445
60 6 4 424
60 6 5 456
60 6 6 452
60 6 7 457
60 6 8 393
60 6 9 450
60 6 10 447
60 7 3 434
60 7 4 438
60 7 5 418
60 7 6 448
60 7 7 417
60 7 8 431
60 7 9 427
60 7 10 444
60 8 3 447
60 8 4 445
60 8 5 456
60 8 6 424
60 8 7 422
60 8 8 430
60 8 9 435
60 8 10 447
60 9 3 385
60 9 4 418
60 9 5 438
60 9 6 414
60 9 7 442
60 9 8 456
60 9 9 433
60 9 10 449
80 0 3 783
80 0 4 755
80 0 5 706
80 0 6 776
80 0 7 813
80 0 8 830
80 0 9 768
80 0 10 779
80 1 3 782
80 1 4 786
80 1 5 757
80 1 6 768
80 1 7 771
80 1 8 799
80 1 9 783
80 1 10 749
80 2 3 796
80 2 4 776
80 2 5 763
80 2 6 779
80 2 7 788
80 2 8 791
80 2 9 770
80 2 10 772
80 3 3 792
80 3 4 786
80 3 5 788
80 3 6 803
80 3 7 745
80 3 8 795
80 3 9 787
80 3 10 720
80 4 3 805
80 4 4 833
80 4 5 773
80 4 6 785
80 4 7 794
80 4 8 788
80 4 9 795
80 4 10 785
80 5 3 746
80 5 4 822
80 5 5 794
80 5 6 756
80 5 7 810
80 5 8 764
80 5 9 784
80 5 10 798
80 6 3 765
80 6 4 787
80 6 5 769
80 6 6 778
80 6 7 805
80 6 8 807
80 6 9 750
80 6 10 767
80 7 3 785
80 7 4 805
80 7 5 793
80 7 6 652
80 7 7 793
80 7 8 764
80 7 9 762
80 7 10 758
80 8 3 794
80 8 4 769
80 8 5 764
80 8 6 782
80 8 7 808
80 8 8 814
80 8 9 772
80 8 10 816
80 9 3 783
80 9 4 733
80 9 5 782
80 9 6 780
80 9 7 772
80 9 8 782
80 9 9 762
80 9 10 776
100 0 3 1195
100 0 4 1230
100 0 5 1196
100 0 6 1202
100 0 7 1223
100 0 8 1235
100 0 9 1182
100 0 10 1156
100 1 3 1214
100 1 4 1240
100 1 5 1249
100 1 6 1199
100 1 7 1190
100 1 8 1229
100 1 9 1227
100 1 10 1226
100 2 3 1187
100 2 4 1246
100 2 5 1232
100 2 6 1238
100 2 7 1123
100 2 8 1063
100 2 9 1224
100 2 10 1225
100 3 3 1203
100 3 4 1218
100 3 5 1255
100 3 6 1230
100 3 7 1224
100 3 8 1216
100 3 9 1180
100 3 10 1220
100 4 3 1226
100 4 4 1186
100 4 5 1257
100 4 6 1219
100 4 7 1237
100 4 8 1267
100 4 9 1252
100 4 10 1182
100 5 3 1244
100 5 4 1112
100 5 5 1234
100 5 6 1231
100 5 7 1214
100 5 8 1248
100 5 9 1186
100 5 10 1231
100 6 3 1223
100 6 4 1196
100 6 5 1264
100 6 6 1157
100 6 7 1226
100 6 8 1298
100 6 9 1210
100 6 10 1257
100 7 3 1133
100 7 4 1238
100 7 5 1172
100 7 6 1222
100 7 7 1199
100 7 8 1207
100 7 9 1231
100 7 10 1252
100 8 3 1106
100 8 4 1235
100 8 5 1249
100 8 6 1108
100 8 7 1222
100 8 8 1257
100 8 9 1205
100 8 10 1230
100 9 3 1257
100 9 4 1220
100 9 5 1217
100 9 6 1112
100 9 7 1233
100 9 8 1209
100 9 9 1213
100 9 10 1244
