60 0 0 424
60 0 1 449
60 0 2 470
60 1 0 454
60 1 1 408
60 1 2 409
60 2 0 453
60 2 1 448
60 2 2 437
60 3 0 433
60 3 1 455
60 3 2 431
60 4 0 464
60 4 1 432
60 4 2 434
60 5 0 452
60 5 1 441
60 5 2 438
60 6 0 438
60 6 1 427
60 6 2 442
60 7 0 435
60 7 1 426
60 7 2 442
60 8 0 447
60 8 1 420
60 8 2 379
60 9 0 457
60 9 1 446
60 9 2 424
80 0 0 800
80 0 1 786
80 0 2 778
80 1 0 802
80 1 1 762
80 1 2 774
80 2 0 820
80 2 1 794
80 2 2 783
80 3 0 786
80 3 1 768
80 3 2 791
80 4 0 807
80 4 1 807
80 4 2 789
80 5 0 816
80 5 1 788
80 5 2 707
80 6 0 790
80 6 1 782
80 6 2 801
80 7 0 789
80 7 1 799
80 7 2 801
80 8 0 795
80 8 1 757
80 8 2 768
80 9 0 758
80 9 1 782
80 9 2 805
100 0 0 1211
100 0 1 1235
100 0 2 1168
100 1 0 1218
100 1 1 1221
100 1 2 1263
100 2 0 1236
100 2 1 1205
100 2 2 1202
100 3 0 1246
100 3 1 1183
100 3 2 1234
100 4 0 1217
100 4 1 1218
100 4 2 1220
100 5 0 1245
100 5 1 1271
100 5 2 1188
100 6 0 1253
100 6 1 1263
100 6 2 1220
100 7 0 1239
100 7 1 1260
100 7 2 1220
100 8 0 1222
100 8 1 1157
100 8 2 1237
100 9 0 1256
100 9 1 1257
100 9 2 1228
60 0 3 401
60 0 4 440
60 0 5 449
60 0 6 442
60 0 7 430
60 0 8 427
60 0 9 440
60 0 10 461
60 1 3 458
60 1 4 443
60 1 5 430
60 1 6 313
60 1 7 429
60 1 8 432
60 1 9 446
60 1 10 440
60 2 3 411
60 2 4 448
60 2 5 460
60 2 6 451
60 2 7 454
60 2 8 457
60 2 9 410
60 2 10 406
60 3 3 441
60 3 4 439
60 3 5 428
60 3 6 439
60 3 7 452
60 3 8 437
60 3 9 439
60 3 10 416
60 4 3 437
60 4 4 436
60 4 5 472
60 4 6 436
60 4 7 432
60 4 8 449
60 4 9 376
60 4 10 438
60 5 3 437
60 5 4 452
60 5 5 442
60 5 6 454
60 5 7 452
60 5 8 410
60 5 9 416
60 5 10 454
60 6 3 417
60 6 4 414
60 6 5 425
60 6 6 447
60 6 7 421
60 6 8 428
60 6 9 437
60 6 10 358
60 7 3 459
60 7 4 451
60 7 5 447
60 7 6 439
60 7 7 448
60 7 8 326
60 7 9 384
60 7 10 381
60 8 3 416
60 8 4 444
60 8 5 452
60 8 6 439
60 8 7 438
60 8 8 451
60 8 9 439
60 8 10 423
60 9 3 465
60 9 4 444
60 9 5 443
60 9 6 457
60 9 7 429
60 9 8 401
60 9 9 455
60 9 10 428
80 0 3 763
80 0 4 771
80 0 5 777
80 0 6 751
80 0 7 784
80 0 8 774
80 0 9 766
80 0 10 792
80 1 3 814
80 1 4 783
80 1 5 769
80 1 6 788
80 1 7 745
80 1 8 823
80 1 9 781
80 1 10 747
80 2 3 776
80 2 4 787
80 2 5 790
80 2 6 797
80 2 7 805
80 2 8 778
80 2 9 785
80 2 10 803
80 3 3 805
80 3 4 778
80 3 5 794
80 3 6 813
80 3 7 782
80 3 8 772
80 3 9 784
80 3 10 759
80 4 3 804
80 4 4 790
80 4 5 754
80 4 6 794
80 4 7 793
80 4 8 782
80 4 9 782
80 4 10 804
80 5 3 776
80 5 4 769
80 5 5 775
80 5 6 721
80 5 7 778
80 5 8 803
80 5 9 796
80 5 10 813
80 6 3 788
80 6 4 790
80 6 5 750
80 6 6 803
80 6 7 782
80 6 8 768
80 6 9 798
80 6 10 783
80 7 3 750
80 7 4 730
80 7 5 745
80 7 6 802
80 7 7 788
80 7 8 787
80 7 9 799
80 7 10 775
80 8 3 796
80 8 4 755
80 8 5 771
80 8 6 799
80 8 7 796
80 8 8 763
80 8 9 797
80 8 10 799
80 9 3 782
80 9 4 763
80 9 5 784
80 9 6 776
80 9 7 786
80 9 8 772
80 9 9 767
80 9 10 795
100 0 3 1257
100 0 4 1195
100 0 5 1207
100 0 6 1269
100 0 7 1236
100 0 8 1204
100 0 9 1220
100 0 10 1255
100 1 3 1213
100 1 4 1263
100 1 5 1233
100 1 6 1133
100 1 7 1250
100 1 8 1251
100 1 9 1210
100 1 10 1231
100 2 3 1232
100 2 4 1221
100 2 5 1220
100 2 6 1234
100 2 7 1214
100 2 8 1212
100 2 9 1213
100 2 10 1251
100 3 3 1202
100 3 4 1042
100 3 5 1229
100 3 6 1247
100 3 7 1249
100 3 8 1274
100 3 9 1196
100 3 10 1190
100 4 3 1254
100 4 4 1216
100 4 5 1250
100 4 6 1220
100 4 7 1252
100 4 8 1235
100 4 9 1177
100 4 10 1231
100 5 3 1132
100 5 4 1233
100 5 5 1202
100 5 6 1233
100 5 7 1088
100 5 8 1242
100 5 9 1219
100 5 10 1196
100 6 3 1234
100 6 4 1147
100 6 5 1230
100 6 6 1205
100 6 7 1237
100 6 8 1237
100 6 9 1205
100 6 10 1249
100 7 3 1205
100 7 4 1211
100 7 5 1220
100 7 6 1214
100 7 7 1259
100 7 8 1220
100 7 9 1270
100 7 10 1160
100 8 3 1247
100 8 4 1247
100 8 5 1257
100 8 6 1222
100 8 7 1221
100 8 8 1248
100 8 9 1198
100 8 10 1203
100 9 3 1150
100 9 4 1269
100 9 5 1165
100 9 6 1157
100 9 7 1193
100 9 8 1222
100 9 9 1244
100 9 10 1226
