60 0 0 317
60 0 1 457
60 0 2 397
60 1 0 439
60 1 1 437
60 1 2 398
60 2 0 458
60 2 1 455
60 2 2 434
60 3 0 395
60 3 1 431
60 3 2 434
60 4 0 466
60 4 1 439
60 4 2 439
60 5 0 403
60 5 1 443
60 5 2 410
60 6 0 431
60 6 1 427
60 6 2 432
60 7 0 417
60 7 1 457
60 7 2 444
60 8 0 444
60 8 1 435
60 8 2 444
60 9 0 419
60 9 1 455
60 9 2 448
80 0 0 769
80 0 1 784
80 0 2 706
80 1 0 803
80 1 1 767
80 1 2 811
80 2 0 820
80 2 1 763
80 2 2 818
80 3 0 667
80 3 1 779
80 3 2 831
80 4 0 790
80 4 1 736
80 4 2 811
80 5 0 811
80 5 1 797
80 5 2 776
80 6 0 796
80 6 1 783
80 6 2 793
80 7 0 801
80 7 1 779
80 7 2 789
80 8 0 734
80 8 1 797
80 8 2 763
80 9 0 803
80 9 1 689
80 9 2 779
100 0 0 1204
100 0 1 1235
100 0 2 1232
100 1 0 1218
100 1 1 1251
100 1 2 1250
100 2 0 1234
100 2 1 1185
100 2 2 1244
100 3 0 1227
100 3 1 1180
100 3 2 1234
100 4 0 1241
100 4 1 1246
100 4 2 1240
100 5 0 1231
100 5 1 1237
100 5 2 1241
100 6 0 1236
100 6 1 1098
100 6 2 1276
100 7 0 1158
100 7 1 1249
100 7 2 1259
100 8 0 1269
100 8 1 1207
100 8 2 1211
100 9 0 1233
100 9 1 1237
100 9 2 1242
60 0 3 381
60 0 4 441
60 0 5 429
60 0 6 458
60 0 7 427
60 0 8 434
60 0 9 442
60 0 10 455
60 1 3 420
60 1 4 466
60 1 5 461
60 1 6 452
60 1 7 434
60 1 8 455
60 1 9 437
60 1 10 458
60 2 3 445
60 2 4 457
60 2 5 442
60 2 6 429
60 2 7 389
60 2 8 441
60 2 9 443
60 2 10 448
60 3 3 455
60 3 4 422
60 3 5 435
60 3 6 437
60 3 7 422
60 3 8 459
60 3 9 450
60 3 10 443
60 4 3 392
60 4 4 435
60 4 5 452
60 4 6 462
60 4 7 451
60 4 8 435
60 4 9 429
60 4 10 431
60 5 3 438
60 5 4 439
60 5 5 444
60 5 6 390
60 5 7 443
60 5 8 439
60 5 9 458
60 5 10 450
60 6 3 444
60 6 4 448
60 6 5 452
60 6 6 442
60 6 7 455
60 6 8 442
60 6 9 436
60 6 10 411
60 7 3 433
60 7 4 441
60 7 5 437
60 7 6 470
60 7 7 464
60 7 8 429
60 7 9 430
60 7 10 451
60 8 3 454
60 8 4 435
60 8 5 430
60 8 6 444
60 8 7 425
60 8 8 421
60 8 9 455
60 8 10 425
60 9 3 445
60 9 4 452
60 9 5 446
60 9 6 423
60 9 7 445
60 9 8 453
60 9 9 453
60 9 10 437
80 0 3 791
80 0 4 772
80 0 5 795
80 0 6 785
80 0 7 807
80 0 8 777
80 0 9 793
80 0 10 789
80 1 3 784
80 1 4 799
80 1 5 824
80 1 6 790
80 1 7 783
80 1 8 818
80 1 9 716
80 1 10 828
80 2 3 793
80 2 4 808
80 2 5 776
80 2 6 745
80 2 7 758
80 2 8 782
80 2 9 755
80 2 10 815
80 3 3 774
80 3 4 789
80 3 5 758
80 3 6 780
80 3 7 748
80 3 8 765
80 3 9 739
80 3 10 750
80 4 3 795
80 4 4 771
80 4 5 794
80 4 6 828
80 4 7 789
80 4 8 774
80 4 9 778
80 4 10 792
80 5 3 813
80 5 4 768
80 5 5 809
80 5 6 761
80 5 7 797
80 5 8 769
80 5 9 769
80 5 10 811
80 6 3 678
80 6 4 796
80 6 5 792
80 6 6 814
80 6 7 803
80 6 8 798
80 6 9 723
80 6 10 775
80 7 3 793
80 7 4 756
80 7 5 819
80 7 6 795
80 7 7 792
80 7 8 802
80 7 9 812
80 7 10 748
80 8 3 801
80 8 4 783
80 8 5 799
80 8 6 754
80 8 7 766
80 8 8 812
80 8 9 794
80 8 10 766
80 9 3 789
80 9 4 772
80 9 5 732
80 9 6 758
80 9 7 769
80 9 8 758
80 9 9 797
80 9 10 826
100 0 3 1222
100 0 4 1195
100 0 5 1219
100 0 6 1269
100 0 7 1192
100 0 8 1216
100 0 9 1198
100 0 10 1245
100 1 3 1190
100 1 4 1207
100 1 5 1256
100 1 6 1246
100 1 7 1218
100 1 8 1259
100 1 9 1186
100 1 10 1268
100 2 3 1273
100 2 4 1191
100 2 5 1242
100 2 6 1258
100 2 7 1244
100 2 8 1074
100 2 9 1134
100 2 10 1237
100 3 3 1236
100 3 4 1266
100 3 5 1241
100 3 6 1220
100 3 7 1245
100 3 8 1194
100 3 9 1236
100 3 10 1221
100 4 3 1246
100 4 4 1219
100 4 5 1203
100 4 6 1138
100 4 7 1248
100 4 8 1214
100 4 9 1265
100 4 10 1270
100 5 3 1261
100 5 4 1257
100 5 5 1194
100 5 6 1250
100 5 7 1176
100 5 8 1230
100 5 9 1193
100 5 10 1233
100 6 3 1247
100 6 4 1221
100 6 5 1254
100 6 6 1173
100 6 7 1209
100 6 8 1239
100 6 9 1155
100 6 10 1238
100 7 3 1210
100 7 4 1257
100 7 5 1225
100 7 6 1186
100 7 7 1215
100 7 8 1247
100 7 9 1256
100 7 10 1249
100 8 3 1281
100 8 4 1253
100 8 5 1287
100 8 6 1198
100 8 7 1231
100 8 8 1209
100 8 9 1191
100 8 10 1205
100 9 3 1260
100 9 4 1249
100 9 5 1227
100 9 6 1205
100 9 7 1276
100 9 8 1211
100 9 9 1219
100 9 10 1190
