60 0 0 399
60 0 1 449
60 0 2 446
60 1 0 408
60 1 1 434
60 1 2 452
60 2 0 424
60 2 1 428
60 2 2 452
60 3 0 366
60 3 1 439
60 3 2 440
60 4 0 425
60 4 1 406
60 4 2 441
60 5 0 416
60 5 1 429
60 5 2 444
60 6 0 448
60 6 1 407
60 6 2 443
60 7 0 452
60 7 1 412
60 7 2 403
60 8 0 430
60 8 1 388
60 8 2 450
60 9 0 438
60 9 1 425
60 9 2 440
80 0 0 787
80 0 1 795
80 0 2 790
80 1 0 764
80 1 1 766
80 1 2 740
80 2 0 749
80 2 1 721
80 2 2 764
80 3 0 802
80 3 1 805
80 3 2 714
80 4 0 769
80 4 1 771
80 4 2 804
80 5 0 779
80 5 1 758
80 5 2 746
80 6 0 791
80 6 1 783
80 6 2 790
80 7 0 768
80 7 1 763
80 7 2 784
80 8 0 750
80 8 1 790
80 8 2 690
80 9 0 770
80 9 1 796
80 9 2 783
100 0 0 1258
100 0 1 1223
100 0 2 1266
100 1 0 1254
100 1 1 1231
100 1 2 1262
100 2 0 1204
100 2 1 1218
100 2 2 1248
100 3 0 1177
100 3 1 1225
100 3 2 1178
100 4 0 1164
100 4 1 1274
100 4 2 1196
100 5 0 1275
100 5 1 1250
100 5 2 1257
100 6 0 1233
100 6 1 1183
100 6 2 1196
100 7 0 1074
100 7 1 1218
100 7 2 1246
100 8 0 1246
100 8 1 1249
100 8 2 1234
100 9 0 1095
100 9 1 1223
100 9 2 1190
60 0 3 445
60 0 4 444
60 0 5 448
60 0 6 436
60 0 7 405
60 0 8 417
60 0 9 393
60 0 10 441
60 1 3 435
60 1 4 428
60 1 5 408
60 1 6 454
60 1 7 422
60 1 8 439
60 1 9 426
60 1 10 442
60 2 3 425
60 2 4 446
60 2 5 446
60 2 6 436
60 2 7 425
60 2 8 389
60 2 9 449
60 2 10 443
60 3 3 449
60 3 4 413
60 3 5 444
60 3 6 403
60 3 7 445
60 3 8 449
60 3 9 413
60 3 10 438
60 4 3 407
60 4 4 458
60 4 5 432
60 4 6 438
60 4 7 443
60 4 8 387
60 4 9 418
60 4 10 396
60 5 3 447
60 5 4 434
60 5 5 463
60 5 6 445
60 5 7 461
60 5 8 445
60 5 9 452
60 5 10 422
60 6 3 435
60 6 4 450
60 6 5 429
60 6 6 427
60 6 7 443
60 6 8 441
60 6 9 443
60 6 10 456
60 7 3 432
60 7 4 427
60 7 5 442
60 7 6 441
60 7 7 442
60 7 8 433
60 7 9 441
60 7 10 459
60 8 3 457
60 8 4 430
60 8 5 379
60 8 6 442
60 8 7 452
60 8 8 413
60 8 9 432
60 8 10 431
60 9 3 413
60 9 4 411
60 9 5 370
60 9 6 440
60 9 7 448
60 9 8 441
60 9 9 444
60 9 10 425
80 0 3 790
80 0 4 792
80 0 5 769
80 0 6 780
80 0 7 787
80 0 8 800
80 0 9 799
80 0 10 801
80 1 3 776
80 1 4 716
80 1 5 781
80 1 6 755
80 1 7 806
80 1 8 769
80 1 9 759
80 1 10 797
80 2 3 765
80 2 4 765
80 2 5 790
80 2 6 744
80 2 7 767
80 2 8 805
80 2 9 764
80 2 10 786
80 3 3 769
80 3 4 721
80 3 5 825
80 3 6 777
80 3 7 773
80 3 8 776
80 3 9 783
80 3 10 750
80 4 3 794
80 4 4 784
80 4 5 757
80 4 6 756
80 4 7 785
80 4 8 742
80 4 9 792
80 4 10 791
80 5 3 810
80 5 4 802
80 5 5 800
80 5 6 749
80 5 7 774
80 5 8 786
80 5 9 792
80 5 10 831
80 6 3 781
80 6 4 786
80 6 5 799
80 6 6 805
80 6 7 736
80 6 8 788
80 6 9 742
80 6 10 804
80 7 3 811
80 7 4 785
80 7 5 778
80 7 6 759
80 7 7 803
80 7 8 774
80 7 9 801
80 7 10 783
80 8 3 778
80 8 4 781
80 8 5 801
80 8 6 744
80 8 7 774
80 8 8 760
80 8 9 760
80 8 10 757
80 9 3 778
80 9 4 789
80 9 5 756
80 9 6 801
80 9 7 802
80 9 8 774
80 9 9 784
80 9 10 757
100 0 3 1179
100 0 4 1243
100 0 5 1110
100 0 6 1249
100 0 7 1225
100 0 8 1234
100 0 9 1225
100 0 10 1202
100 1 3 1260
100 1 4 1208
100 1 5 1230
100 1 6 1196
100 1 7 1216
100 1 8 1214
100 1 9 1167
100 1 10 1265
100 2 3 1173
100 2 4 1224
100 2 5 1232
100 2 6 1262
100 2 7 1271
100 2 8 1282
100 2 9 1231
100 2 10 1165
100 3 3 1149
100 3 4 1249
100 3 5 1219
100 3 6 1177
100 3 7 1252
100 3 8 1257
100 3 9 1234
100 3 10 1226
100 4 3 1225
100 4 4 1233
100 4 5 1153
100 4 6 1242
100 4 7 1240
100 4 8 1232
100 4 9 1195
100 4 10 1228
100 5 3 1253
100 5 4 1238
100 5 5 1183
100 5 6 1253
100 5 7 1220
100 5 8 1215
100 5 9 1248
100 5 10 1222
100 6 3 1235
100 6 4 1149
100 6 5 1220
100 6 6 1216
100 6 7 1209
100 6 8 1220
100 6 9 1239
100 6 10 1243
100 7 3 1247
100 7 4 1274
100 7 5 1269
100 7 6 1196
100 7 7 1225
100 7 8 1211
100 7 9 1190
100 7 10 1210
100 8 3 1188
100 8 4 1203
100 8 5 1221
100 8 6 1220
100 8 7 1225
100 8 8 1172
100 8 9 1164
100 8 10 1245
100 9 3 1141
100 9 4 1215
100 9 5 1256
100 9 6 1178
100 9 7 1114
100 9 8 1115
100 9 9 1250
100 9 10 1219
