60 0 0 433
60 0 1 425
60 0 2 423
60 1 0 446
60 1 1 410
60 1 2 408
60 2 0 386
60 2 1 393
60 2 2 393
60 3 0 436
60 3 1 450
60 3 2 428
60 4 0 454
60 4 1 449
60 4 2 472
60 5 0 418
60 5 1 417
60 5 2 443
60 6 0 448
60 6 1 445
60 6 2 368
60 7 0 425
60 7 1 427
60 7 2 438
60 8 0 415
60 8 1 405
60 8 2 444
60 9 0 439
60 9 1 446
60 9 2 442
80 0 0 768
80 0 1 781
80 0 2 777
80 1 0 794
80 1 1 752
80 1 2 786
80 2 0 792
80 2 1 792
80 2 2 789
80 3 0 788
80 3 1 785
80 3 2 777
80 4 0 752
80 4 1 798
80 4 2 798
80 5 0 782
80 5 1 794
80 5 2 801
80 6 0 788
80 6 1 779
80 6 2 782
80 7 0 752
80 7 1 758
80 7 2 764
80 8 0 811
80 8 1 800
80 8 2 793
80 9 0 781
80 9 1 803
80 9 2 795
100 0 0 1226
100 0 1 1256
100 0 2 1232
100 1 0 1252
100 1 1 1248
100 1 2 1239
100 2 0 1250
100 2 1 1229
100 2 2 1224
100 3 0 1260
100 3 1 1197
100 3 2 1221
100 4 0 1185
100 4 1 1231
100 4 2 1244
100 5 0 1214
100 5 1 1235
100 5 2 1165
100 6 0 1239
100 6 1 1224
100 6 2 1258
100 7 0 1269
100 7 1 1227
100 7 2 1206
100 8 0 1244
100 8 1 1232
100 8 2 1252
100 9 0 1241
100 9 1 1217
100 9 2 1255
60 0 3 440
60 0 4 439
60 0 5 463
60 0 6 447
60 0 7 436
60 0 8 427
60 0 9 450
60 0 10 399
60 1 3 440
60 1 4 453
60 1 5 440
60 1 6 442
60 1 7 429
60 1 8 443
60 1 9 407
60 1 10 403
60 2 3 437
60 2 4 438
60 2 5 458
60 2 6 445
60 2 7 432
60 2 8 442
60 2 9 452
60 2 10 437
60 3 3 379
60 3 4 360
60 3 5 446
60 3 6 443
60 3 7 427
60 3 8 420
60 3 9 444
60 3 10 426
60 4 3 463
60 4 4 435
60 4 5 443
60 4 6 406
60 4 7 464
60 4 8 433
60 4 9 458
60 4 10 375
60 5 3 451
60 5 4 443
60 5 5 446
60 5 6 406
60 5 7 429
60 5 8 454
60 5 9 440
60 5 10 438
60 6 3 459
60 6 4 447
60 6 5 440
60 6 6 443
60 6 7 425
60 6 8 440
60 6 9 455
60 6 10 462
60 7 3 447
60 7 4 438
60 7 5 370
60 7 6 434
60 7 7 444
60 7 8 417
60 7 9 427
60 7 10 447
60 8 3 438
60 8 4 439
60 8 5 432
60 8 6 419
60 8 7 443
60 8 8 439
60 8 9 429
60 8 10 450
60 9 3 434
60 9 4 437
60 9 5 410
60 9 6 438
60 9 7 431
60 9 8 426
60 9 9 455
60 9 10 416
80 0 3 792
80 0 4 802
80 0 5 794
80 0 6 756
80 0 7 772
80 0 8 799
80 0 9 776
80 0 10 778
80 1 3 765
80 1 4 771
80 1 5 777
80 1 6 804
80 1 7 793
80 1 8 729
80 1 9 779
80 1 10 792
80 2 3 790
80 2 4 776
80 2 5 747
80 2 6 769
80 2 7 791
80 2 8 763
80 2 9 791
80 2 10 726
80 3 3 773
80 3 4 761
80 3 5 822
80 3 6 687
80 3 7 766
80 3 8 780
80 3 9 798
80 3 10 806
80 4 3 790
80 4 4 764
80 4 5 793
80 4 6 759
80 4 7 791
80 4 8 777
80 4 9 740
80 4 10 816
80 5 3 719
80 5 4 793
80 5 5 804
80 5 6 778
80 5 7 791
80 5 8 782
80 5 9 789
80 5 10 777
80 6 3 803
80 6 4 750
80 6 5 804
80 6 6 774
80 6 7 778
80 6 8 811
80 6 9 784
80 6 10 742
80 7 3 768
80 7 4 754
80 7 5 732
80 7 6 789
80 7 7 775
80 7 8 806
80 7 9 743
80 7 10 812
80 8 3 787
80 8 4 795
80 8 5 788
80 8 6 795
80 8 7 786
80 8 8 796
80 8 9 788
80 8 10 797
80 9 3 783
80 9 4 799
80 9 5 775
80 9 6 776
80 9 7 774
80 9 8 796
80 9 9 765
80 9 10 802
100 0 3 1218
100 0 4 1236
100 0 5 1227
100 0 6 1247
100 0 7 1255
100 0 8 1277
100 0 9 1246
100 0 10 1206
100 1 3 1196
100 1 4 1234
100 1 5 1187
100 1 6 1187
100 1 7 1237
100 1 8 1188
100 1 9 1270
100 1 10 1246
100 2 3 1184
100 2 4 1182
100 2 5 1261
100 2 6 1231
100 2 7 1246
100 2 8 1254
100 2 9 1227
100 2 10 1174
100 3 3 1206
100 3 4 1217
100 3 5 1253
100 3 6 1220
100 3 7 1224
100 3 8 1232
100 3 9 1246
100 3 10 1245
100 4 3 1256
100 4 4 1264
100 4 5 1228
100 4 6 1271
100 4 7 1189
100 4 8 1221
100 4 9 1225
100 4 10 1072
100 5 3 1219
100 5 4 1253
100 5 5 1209
100 5 6 1241
100 5 7 1227
100 5 8 1240
100 5 9 1227
100 5 10 1235
100 6 3 1236
100 6 4 1218
100 6 5 1175
100 6 6 1246
100 6 7 1203
100 6 8 1224
100 6 9 1240
100 6 10 1218
100 7 3 1234
100 7 4 1242
100 7 5 1239
100 7 6 1224
100 7 7 1179
100 7 8 1259
100 7 9 1230
100 7 10 1215
100 8 3 1209
100 8 4 1081
100 8 5 1255
100 8 6 1194
100 8 7 1256
100 8 8 1229
100 8 9 1238
100 8 10 1228
100 9 3 1231
100 9 4 1238
100 9 5 1194
100 9 6 1229
100 9 7 1223
100 9 8 1221
100 9 9 1253
100 9 10 1264
