60 0 0 444
60 0 1 439
60 0 2 450
60 1 0 433
60 1 1 416
60 1 2 422
60 2 0 436
60 2 1 415
60 2 2 450
60 3 0 412
60 3 1 439
60 3 2 419
60 4 0 434
60 4 1 435
60 4 2 424
60 5 0 432
60 5 1 428
60 5 2 441
60 6 0 453
60 6 1 449
60 6 2 450
60 7 0 359
60 7 1 408
60 7 2 404
60 8 0 378
60 8 1 437
60 8 2 420
60 9 0 467
60 9 1 441
60 9 2 441
80 0 0 809
80 0 1 787
80 0 2 778
80 1 0 803
80 1 1 783
80 1 2 742
80 2 0 828
80 2 1 774
80 2 2 798
80 3 0 790
80 3 1 779
80 3 2 792
80 4 0 809
80 4 1 726
80 4 2 803
80 5 0 783
80 5 1 777
80 5 2 775
80 6 0 799
80 6 1 746
80 6 2 751
80 7 0 790
80 7 1 810
80 7 2 798
80 8 0 783
80 8 1 792
80 8 2 757
80 9 0 751
80 9 1 751
80 9 2 771
100 0 0 1234
100 0 1 1250
100 0 2 1270
100 1 0 1248
100 1 1 1203
100 1 2 1219
100 2 0 1177
100 2 1 1244
100 2 2 1242
100 3 0 1255
100 3 1 1245
100 3 2 1191
100 4 0 1159
100 4 1 1186
100 4 2 1066
100 5 0 1265
100 5 1 1257
100 5 2 1169
100 6 0 1220
100 6 1 1222
100 6 2 1204
100 7 0 1275
100 7 1 1236
100 7 2 1208
100 8 0 1250
100 8 1 1237
100 8 2 1193
100 9 0 1211
100 9 1 1243
100 9 2 1247
60 0 3 448
60 0 4 437
60 0 5 408
60 0 6 425
60 0 7 438
60 0 8 439
60 0 9 440
60 0 10 423
60 1 3 445
60 1 4 453
60 1 5 449
60 1 6 456
60 1 7 441
60 1 8 436
60 1 9 413
60 1 10 369
60 2 3 414
60 2 4 452
60 2 5 441
60 2 6 438
60 2 7 441
60 2 8 423
60 2 9 448
60 2 10 432
60 3 3 430
60 3 4 440
60 3 5 440
60 3 6 437
60 3 7 422
60 3 8 428
60 3 9 469
60 3 10 434
60 4 3 425
60 4 4 448
60 4 5 351
60 4 6 442
60 4 7 409
60 4 8 456
60 4 9 443
60 4 10 413
60 5 3 406
60 5 4 421
60 5 5 455
60 5 6 424
60 5 7 430
60 5 8 441
60 5 9 444
60 5 10 430
60 6 3 442
60 6 4 443
60 6 5 425
60 6 6 433
60 6 7 448
60 6 8 446
60 6 9 423
60 6 10 431
60 7 3 451
60 7 4 451
60 7 5 425
60 7 6 420
60 7 7 423
60 7 8 444
60 7 9 393
60 7 10 420
60 8 3 348
60 8 4 439
60 8 5 455
60 8 6 431
60 8 7 433
60 8 8 436
60 8 9 443
60 8 10 440
60 9 3 429
60 9 4 414
60 9 5 446
60 9 6 436
60 9 7 446
60 9 8 439
60 9 9 436
60 9 10 448
80 0 3 783
80 0 4 782
80 0 5 769
80 0 6 743
80 0 7 778
80 0 8 780
80 0 9 778
80 0 10 804
80 1 3 782
80 1 4 785
80 1 5 789
80 1 6 809
80 1 7 790
80 1 8 788
80 1 9 768
80 1 10 792
80 2 3 790
80 2 4 784
80 2 5 797
80 2 6 791
80 2 7 755
80 2 8 772
80 2 9 802
80 2 10 782
80 3 3 804
80 3 4 786
80 3 5 795
80 3 6 755
80 3 7 778
80 3 8 784
80 3 9 790
80 3 10 807
80 4 3 685
80 4 4 759
80 4 5 723
80 4 6 750
80 4 7 812
80 4 8 794
80 4 9 735
80 4 10 782
80 5 3 807
80 5 4 734
80 5 5 810
80 5 6 777
80 5 7 770
80 5 8 785
80 5 9 799
80 5 10 800
80 6 3 798
80 6 4 801
80 6 5 790
80 6 6 759
80 6 7 802
80 6 8 771
80 6 9 783
80 6 10 804
80 7 3 799
80 7 4 703
80 7 5 788
80 7 6 774
80 7 7 783
80 7 8 746
80 7 9 827
80 7 10 797
80 8 3 763
80 8 4 770
80 8 5 781
80 8 6 825
80 8 7 784
80 8 8 732
80 8 9 809
80 8 10 786
80 9 3 790
80 9 4 760
80 9 5 804
80 9 6 775
80 9 7 784
80 9 8 803
80 9 9 784
80 9 10 781
100 0 3 1141
100 0 4 1261
100 0 5 1220
100 0 6 1221
100 0 7 1266
100 0 8 1233
100 0 9 1278
100 0 10 1281
100 1 3 1224
100 1 4 1227
100 1 5 1249
100 1 6 1212
100 1 7 1180
100 1 8 1228
100 1 9 1220
100 1 10 1218
100 2 3 1206
100 2 4 1208
100 2 5 1238
100 2 6 1268
100 2 7 1146
100 2 8 1257
100 2 9 1236
100 2 10 1280
100 3 3 1231
100 3 4 1082
100 3 5 1261
100 3 6 1266
100 3 7 1135
100 3 8 1210
100 3 9 1194
100 3 10 1234
100 4 3 1136
100 4 4 1203
100 4 5 1235
100 4 6 1213
100 4 7 1211
100 4 8 1241
100 4 9 1241
100 4 10 1195
100 5 3 1230
100 5 4 1177
100 5 5 1228
100 5 6 1210
100 5 7 1246
100 5 8 1223
100 5 9 1227
100 5 10 1220
100 6 3 1179
100 6 4 1234
100 6 5 1216
100 6 6 1188
100 6 7 1264
100 6 8 1216
100 6 9 1240
100 6 10 1200
100 7 3 1203
100 7 4 1210
100 7 5 1195
100 7 6 1221
100 7 7 1231
100 7 8 1257
100 7 9 1078
100 7 10 1239
100 8 3 1221
100 8 4 1250
100 8 5 1226
100 8 6 1204
100 8 7 1229
100 8 8 1212
100 8 9 1252
100 8 10 1250
100 9 3 1238
100 9 4 1249
100 9 5 1194
100 9 6 1241
100 9 7 1261
100 9 8 1268
100 9 9 1205
100 9 10 1199
