60 0 0 404
60 0 1 417
60 0 2 434
60 1 0 415
60 1 1 442
60 1 2 441
60 2 0 437
60 2 1 445
60 2 2 405
60 3 0 401
60 3 1 453
60 3 2 428
60 4 0 429
60 4 1 442
60 4 2 433
60 5 0 437
60 5 1 442
60 5 2 414
60 6 0 413
60 6 1 452
60 6 2 444
60 7 0 438
60 7 1 446
60 7 2 428
60 8 0 457
60 8 1 455
60 8 2 453
60 9 0 458
60 9 1 421
60 9 2 448
80 0 0 775
80 0 1 802
80 0 2 782
80 1 0 793
80 1 1 804
80 1 2 801
80 2 0 770
80 2 1 782
80 2 2 767
80 3 0 767
80 3 1 747
80 3 2 789
80 4 0 782
80 4 1 795
80 4 2 763
80 5 0 776
80 5 1 782
80 5 2 797
80 6 0 797
80 6 1 805
80 6 2 700
80 7 0 716
80 7 1 789
80 7 2 785
80 8 0 783
80 8 1 751
80 8 2 794
80 9 0 766
80 9 1 765
80 9 2 814
100 0 0 1268
100 0 1 1226
100 0 2 1241
100 1 0 1240
100 1 1 1214
100 1 2 1251
100 2 0 1249
100 2 1 1190
100 2 2 1206
100 3 0 1208
100 3 1 1218
100 3 2 1230
100 4 0 1239
100 4 1 1204
100 4 2 1252
100 5 0 1225
100 5 1 1244
100 5 2 1262
100 6 0 1246
100 6 1 1221
100 6 2 1256
100 7 0 1138
100 7 1 1255
100 7 2 1224
100 8 0 1238
100 8 1 1177
100 8 2 1161
100 9 0 1153
100 9 1 1204
100 9 2 1241
60 0 3 414
60 0 4 453
60 0 5 438
60 0 6 438
60 0 7 423
60 0 8 452
60 0 9 425
60 0 10 446
60 1 3 431
60 1 4 442
60 1 5 441
60 1 6 456
60 1 7 434
60 1 8 441
60 1 9 442
60 1 10 429
60 2 3 449
60 2 4 438
60 2 5 447
60 2 6 435
60 2 7 423
60 2 8 452
60 2 9 450
60 2 10 438
60 3 3 444
60 3 4 435
60 3 5 439
60 3 6 441
60 3 7 435
60 3 8 440
60 3 9 449
60 3 10 431
60 4 3 384
60 4 4 453
60 4 5 458
60 4 6 449
60 4 7 414
60 4 8 461
60 4 9 441
60 4 10 426
60 5 3 445
60 5 4 458
60 5 5 444
60 5 6 433
60 5 7 405
60 5 8 350
60 5 9 428
60 5 10 438
60 6 3 449
60 6 4 436
60 6 5 446
60 6 6 428
60 6 7 438
60 6 8 384
60 6 9 436
60 6 10 455
60 7 3 460
60 7 4 464
60 7 5 448
60 7 6 428
60 7 7 454
60 7 8 440
60 7 9 417
60 7 10 397
60 8 3 439
60 8 4 445
60 8 5 446
60 8 6 453
60 8 7 435
60 8 8 433
60 8 9 444
60 8 10 426
60 9 3 451
60 9 4 439
60 9 5 391
60 9 6 437
60 9 7 378
60 9 8 454
60 9 9 419
60 9 10 446
80 0 3 804
80 0 4 800
80 0 5 787
80 0 6 764
80 0 7 768
80 0 8 798
80 0 9 773
80 0 10 803
80 1 3 777
80 1 4 724
80 1 5 795
80 1 6 819
80 1 7 808
80 1 8 741
80 1 9 797
80 1 10 771
80 2 3 752
80 2 4 766
80 2 5 764
80 2 6 804
80 2 7 801
80 2 8 794
80 2 9 690
80 2 10 778
80 3 3 769
80 3 4 792
80 3 5 779
80 3 6 764
80 3 7 783
80 3 8 786
80 3 9 765
80 3 10 796
80 4 3 790
80 4 4 796
80 4 5 816
80 4 6 783
80 4 7 777
80 4 8 795
80 4 9 766
80 4 10 798
80 5 3 794
80 5 4 804
80 5 5 771
80 5 6 794
80 5 7 787
80 5 8 820
80 5 9 770
80 5 10 780
80 6 3 771
80 6 4 764
80 6 5 788
80 6 6 724
80 6 7 704
80 6 8 771
80 6 9 795
80 6 10 800
80 7 3 809
80 7 4 796
80 7 5 788
80 7 6 786
80 7 7 783
80 7 8 757
80 7 9 760
80 7 10 808
80 8 3 785
80 8 4 803
80 8 5 777
80 8 6 777
80 8 7 774
80 8 8 764
80 8 9 782
80 8 10 763
80 9 3 789
80 9 4 772
80 9 5 779
80 9 6 819
80 9 7 807
80 9 8 777
80 9 9 725
80 9 10 681
100 0 3 1246
100 0 4 1248
100 0 5 1254
100 0 6 1271
100 0 7 1213
100 0 8 1198
100 0 9 1042
100 0 10 1201
100 1 3 1224
100 1 4 1236
100 1 5 1135
100 1 6 1238
100 1 7 1197
100 1 8 1234
100 1 9 1228
100 1 10 1223
100 2 3 1221
100 2 4 1215
100 2 5 1222
100 2 6 1249
100 2 7 1198
100 2 8 1266
100 2 9 1228
100 2 10 1195
100 3 3 1224
100 3 4 1242
100 3 5 1249
100 3 6 1222
100 3 7 1222
100 3 8 1202
100 3 9 1207
100 3 10 1262
100 4 3 1236
100 4 4 1186
100 4 5 1216
100 4 6 1278
100 4 7 1208
100 4 8 1207
100 4 9 1199
100 4 10 1237
100 5 3 1218
100 5 4 1224
100 5 5 1207
100 5 6 1242
100 5 7 1221
100 5 8 1225
100 5 9 1238
100 5 10 1232
100 6 3 1234
100 6 4 1212
100 6 5 1171
100 6 6 1234
100 6 7 1276
100 6 8 1228
100 6 9 1225
100 6 10 1242
100 7 3 1217
100 7 4 1225
100 7 5 1245
100 7 6 1231
100 7 7 1190
100 7 8 1242
100 7 9 1262
100 7 10 1201
100 8 3 1217
100 8 4 1178
100 8 5 1241
100 8 6 1212
100 8 7 1227
100 8 8 1184
100 8 9 1240
100 8 10 1232
100 9 3 1242
100 9 4 1251
100 9 5 1196
100 9 6 1216
100 9 7 1250
100 9 8 1268
100 9 9 1232
100 9 10 1220
