60 0 0 340
60 0 1 427
60 0 2 436
60 1 0 448
60 1 1 454
60 1 2 449
60 2 0 467
60 2 1 440
60 2 2 452
60 3 0 384
60 3 1 474
60 3 2 445
60 4 0 430
60 4 1 425
60 4 2 440
60 5 0 439
60 5 1 448
60 5 2 414
60 6 0 424
60 6 1 422
60 6 2 438
60 7 0 412
60 7 1 436
60 7 2 417
60 8 0 464
60 8 1 456
60 8 2 435
60 9 0 442
60 9 1 451
60 9 2 430
80 0 0 792
80 0 1 799
80 0 2 740
80 1 0 799
80 1 1 799
80 1 2 798
80 2 0 776
80 2 1 786
80 2 2 746
80 3 0 798
80 3 1 801
80 3 2 773
80 4 0 773
80 4 1 762
80 4 2 801
80 5 0 785
80 5 1 800
80 5 2 803
80 6 0 807
80 6 1 742
80 6 2 796
80 7 0 780
80 7 1 768
80 7 2 793
80 8 0 765
80 8 1 782
80 8 2 779
80 9 0 758
80 9 1 755
80 9 2 813
100 0 0 1183
100 0 1 1231
100 0 2 1238
100 1 0 1241
100 1 1 1154
100 1 2 1242
100 2 0 1236
100 2 1 1239
100 2 2 1218
100 3 0 1198
100 3 1 1144
100 3 2 1240
100 4 0 1267
100 4 1 1241
100 4 2 1252
100 5 0 1243
100 5 1 1257
100 5 2 1245
100 6 0 1247
100 6 1 1217
100 6 2 1223
100 7 0 1207
100 7 1 1219
100 7 2 1238
100 8 0 1240
100 8 1 1173
100 8 2 1263
100 9 0 1222
100 9 1 1236
100 9 2 1168
60 0 3 436
60 0 4 413
60 0 5 431
60 0 6 446
60 0 7 458
60 0 8 451
60 0 9 435
60 0 10 421
60 1 3 431
60 1 4 448
60 1 5 430
60 1 6 451
60 1 7 437
60 1 8 429
60 1 9 441
60 1 10 438
60 2 3 426
60 2 4 465
60 2 5 433
60 2 6 450
60 2 7 453
60 2 8 388
60 2 9 425
60 2 10 403
60 3 3 452
60 3 4 458
60 3 5 447
60 3 6 439
60 3 7 429
60 3 8 460
60 3 9 425
60 3 10 432
60 4 3 433
60 4 4 458
60 4 5 438
60 4 6 415
60 4 7 441
60 4 8 446
60 4 9 443
60 4 10 365
60 5 3 442
60 5 4 411
60 5 5 439
60 5 6 457
60 5 7 418
60 5 8 363
60 5 9 470
60 5 10 430
60 6 3 451
60 6 4 394
60 6 5 372
60 6 6 434
60 6 7 453
60 6 8 433
60 6 9 449
60 6 10 451
60 7 3 458
60 7 4 441
60 7 5 441
60 7 6 444
60 7 7 454
60 7 8 405
60 7 9 416
60 7 10 453
60 8 3 457
60 8 4 406
60 8 5 454
60 8 6 435
60 8 7 440
60 8 8 422
60 8 9 438
60 8 10 413
60 9 3 442
60 9 4 450
60 9 5 434
60 9 6 459
60 9 7 465
60 9 8 437
60 9 9 452
60 9 10 461
80 0 3 785
80 0 4 789
80 0 5 783
80 0 6 799
80 0 7 761
80 0 8 789
80 0 9 788
80 0 10 816
80 1 3 799
80 1 4 780
80 1 5 774
80 1 6 809
80 1 7 797
80 1 8 788
80 1 9 806
80 1 10 750
80 2 3 801
80 2 4 787
80 2 5 796
80 2 6 789
80 2 7 727
80 2 8 780
80 2 9 701
80 2 10 731
80 3 3 804
80 3 4 772
80 3 5 760
80 3 6 722
80 3 7 808
80 3 8 780
80 3 9 806
80 3 10 785
80 4 3 728
80 4 4 780
80 4 5 791
80 4 6 690
80 4 7 790
80 4 8 774
80 4 9 800
80 4 10 795
80 5 3 750
80 5 4 784
80 5 5 777
80 5 6 770
80 5 7 775
80 5 8 786
80 5 9 802
80 5 10 797
80 6 3 766
80 6 4 779
80 6 5 816
80 6 6 773
80 6 7 725
80 6 8 804
80 6 9 756
80 6 10 793
80 7 3 773
80 7 4 812
80 7 5 793
80 7 6 791
80 7 7 750
80 7 8 788
80 7 9 807
80 7 10 770
80 8 3 791
80 8 4 786
80 8 5 716
80 8 6 773
80 8 7 780
80 8 8 774
80 8 9 714
80 8 10 824
80 9 3 783
80 9 4 775
80 9 5 781
80 9 6 803
80 9 7 767
80 9 8 798
80 9 9 794
80 9 10 782
100 0 3 1222
100 0 4 1229
100 0 5 1204
100 0 6 1255
100 0 7 1227
100 0 8 1277
100 0 9 1196
100 0 10 1245
100 1 3 1233
100 1 4 1258
100 1 5 1197
100 1 6 1179
100 1 7 1231
100 1 8 1183
100 1 9 1238
100 1 10 1238
100 2 3 1224
100 2 4 1259
100 2 5 1198
100 2 6 1251
100 2 7 1209
100 2 8 1237
100 2 9 1251
100 2 10 1280
100 3 3 1149
100 3 4 1210
100 3 5 1267
100 3 6 1227
100 3 7 1264
100 3 8 1192
100 3 9 1234
100 3 10 1224
100 4 3 1262
100 4 4 1251
100 4 5 1158
100 4 6 1141
100 4 7 1238
100 4 8 1237
100 4 9 1249
100 4 10 1216
100 5 3 1248
100 5 4 1270
100 5 5 1265
100 5 6 1231
100 5 7 1238
100 5 8 1225
100 5 9 1212
100 5 10 1211
100 6 3 1253
100 6 4 1216
100 6 5 1136
100 6 6 1250
100 6 7 1222
100 6 8 1251
100 6 9 1223
100 6 10 1249
100 7 3 1251
100 7 4 1245
100 7 5 1274
100 7 6 1193
100 7 7 1238
100 7 8 1162
100 7 9 1234
100 7 10 1255
100 8 3 1244
100 8 4 1225
100 8 5 1171
100 8 6 1253
100 8 7 1233
100 8 8 1213
100 8 9 1243
100 8 10 1230
100 9 3 1228
100 9 4 1240
100 9 5 1216
100 9 6 1226
100 9 7 1256
100 9 8 1216
100 9 9 1198
100 9 10 1233
