60 0 0 451
60 0 1 450
60 0 2 452
60 1 0 404
60 1 1 432
60 1 2 446
60 2 0 450
60 2 1 458
60 2 2 408
60 3 0 417
60 3 1 425
60 3 2 443
60 4 0 452
60 4 1 438
60 4 2 439
60 5 0 414
60 5 1 442
60 5 2 445
60 6 0 421
60 6 1 435
60 6 2 445
60 7 0 440
60 7 1 440
60 7 2 467
60 8 0 428
60 8 1 424
60 8 2 438
60 9 0 395
60 9 1 447
60 9 2 418
80 0 0 796
80 0 1 799
80 0 2 689
80 1 0 775
80 1 1 804
80 1 2 766
80 2 0 782
80 2 1 813
80 2 2 787
80 3 0 768
80 3 1 785
80 3 2 724
80 4 0 798
80 4 1 805
80 4 2 783
80 5 0 791
80 5 1 822
80 5 2 749
80 6 0 808
80 6 1 778
80 6 2 758
80 7 0 773
80 7 1 776
80 7 2 638
80 8 0 776
80 8 1 788
80 8 2 771
80 9 0 807
80 9 1 787
80 9 2 800
100 0 0 1248
100 0 1 1224
100 0 2 1202
100 1 0 1211
100 1 1 1253
100 1 2 1222
100 2 0 1217
100 2 1 1166
100 2 2 1197
100 3 0 1229
100 3 1 1242
100 3 2 1194
100 4 0 1255
100 4 1 1250
100 4 2 1148
100 5 0 1241
100 5 1 1243
100 5 2 1226
100 6 0 1271
100 6 1 1249
100 6 2 1198
100 7 0 1232
100 7 1 1248
100 7 2 1239
100 8 0 1252
100 8 1 1231
100 8 2 1225
100 9 0 1215
100 9 1 1250
100 9 2 1215
60 0 3 434
60 0 4 460
60 0 5 445
60 0 6 419
60 0 7 470
60 0 8 445
60 0 9 459
60 0 10 460
60 1 3 431
60 1 4 446
60 1 5 431
60 1 6 436
60 1 7 454
60 1 8 439
60 1 9 435
60 1 10 441
60 2 3 394
60 2 4 414
60 2 5 384
60 2 6 410
60 2 7 425
60 2 8 433
60 2 9 460
60 2 10 426
60 3 3 437
60 3 4 442
60 3 5 436
60 3 6 444
60 3 7 431
60 3 8 425
60 3 9 447
60 3 10 436
60 4 3 426
60 4 4 435
60 4 5 427
60 4 6 440
60 4 7 455
60 4 8 422
60 4 9 458
60 4 10 452
60 5 3 438
60 5 4 455
60 5 5 418
60 5 6 443
60 5 7 439
60 5 8 438
60 5 9 412
60 5 10 461
60 6 3 448
60 6 4 437
60 6 5 436
60 6 6 430
60 6 7 450
60 6 8 444
60 6 9 440
60 6 10 464
60 7 3 449
60 7 4 451
60 7 5 438
60 7 6 436
60 7 7 440
60 7 8 464
60 7 9 448
60 7 10 437
60 8 3 448
60 8 4 424
60 8 5 452
60 8 6 437
60 8 7 442
60 8 8 438
60 8 9 433
60 8 10 436
60 9 3 459
60 9 4 452
60 9 5 358
60 9 6 464
60 9 7 429
60 9 8 445
60 9 9 434
60 9 10 406
80 0 3 793
80 0 4 702
80 0 5 735
80 0 6 763
80 0 7 785
80 0 8 781
80 0 9 803
80 0 10 791
80 1 3 766
80 1 4 794
80 1 5 790
80 1 6 777
80 1 7 795
80 1 8 763
80 1 9 781
80 1 10 795
80 2 3 779
80 2 4 817
80 2 5 789
80 2 6 774
80 2 7 780
80 2 8 788
80 2 9 746
80 2 10 794
80 3 3 775
80 3 4 818
80 3 5 789
80 3 6 811
80 3 7 792
80 3 8 823
80 3 9 712
80 3 10 753
80 4 3 677
80 4 4 791
80 4 5 707
80 4 6 761
80 4 7 785
80 4 8 716
80 4 9 804
80 4 10 770
80 5 3 763
80 5 4 787
80 5 5 780
80 5 6 789
80 5 7 787
80 5 8 805
80 5 9 764
80 5 10 793
80 6 3 805
80 6 4 787
80 6 5 764
80 6 6 787
80 6 7 745
80 6 8 776
80 6 9 766
80 6 10 787
80 7 3 777
80 7 4 789
80 7 5 782
80 7 6 772
80 7 7 773
80 7 8 780
80 7 9 783
80 7 10 789
80 8 3 770
80 8 4 778
80 8 5 818
80 8 6 775
80 8 7 801
80 8 8 802
80 8 9 768
80 8 10 755
80 9 3 775
80 9 4 768
80 9 5 800
80 9 6 823
80 9 7 741
80 9 8 786
80 9 9 798
80 9 10 803
100 0 3 1255
100 0 4 1220
100 0 5 1226
100 0 6 1238
100 0 7 1242
100 0 8 1244
100 0 9 1115
100 0 10 1202
100 1 3 1232
100 1 4 1104
100 1 5 1201
100 1 6 1240
100 1 7 1211
100 1 8 1195
100 1 9 1217
100 1 10 1235
100 2 3 1249
100 2 4 1163
100 2 5 1222
100 2 6 1277
100 2 7 1250
100 2 8 1221
100 2 9 1244
100 2 10 1220
100 3 3 1245
100 3 4 1217
100 3 5 1220
100 3 6 1211
100 3 7 1248
100 3 8 1244
100 3 9 1184
100 3 10 1221
100 4 3 1230
100 4 4 1190
100 4 5 1149
100 4 6 1239
100 4 7 1153
100 4 8 1207
100 4 9 1252
100 4 10 1166
100 5 3 1233
100 5 4 1240
100 5 5 1218
100 5 6 1264
100 5 7 1217
100 5 8 1265
100 5 9 1243
100 5 10 1194
100 6 3 1164
100 6 4 1168
100 6 5 1234
100 6 6 1258
100 6 7 1180
100 6 8 1210
100 6 9 1166
100 6 10 1227
100 7 3 1228
100 7 4 1260
100 7 5 1227
100 7 6 1250
100 7 7 1270
100 7 8 1253
100 7 9 1218
100 7 10 1258
100 8 3 1231
100 8 4 1296
100 8 5 1198
100 8 6 1208
100 8 7 1243
100 8 8 1235
100 8 9 1295
100 8 10 1180
100 9 3 1241
100 9 4 1246
100 9 5 1236
100 9 6 1256
100 9 7 1243
100 9 8 1253
100 9 9 1145
100 9 10 1231
