60 0 0 410
60 0 1 425
60 0 2 423
60 1 0 412
60 1 1 414
60 1 2 410
60 2 0 431
60 2 1 441
60 2 2 447
60 3 0 437
60 3 1 449
60 3 2 439
60 4 0 435
60 4 1 442
60 4 2 450
60 5 0 428
60 5 1 434
60 5 2 467
60 6 0 456
60 6 1 419
60 6 2 447
60 7 0 439
60 7 1 435
60 7 2 448
60 8 0 449
60 8 1 441
60 8 2 446
60 9 0 434
60 9 1 443
60 9 2 451
80 0 0 713
80 0 1 792
80 0 2 784
80 1 0 780
80 1 1 802
80 1 2 780
80 2 0 814
80 2 1 790
80 2 2 788
80 3 0 774
80 3 1 778
80 3 2 802
80 4 0 803
80 4 1 769
80 4 2 794
80 5 0 782
80 5 1 788
80 5 2 791
80 6 0 794
80 6 1 795
80 6 2 765
80 7 0 770
80 7 1 800
80 7 2 795
80 8 0 706
80 8 1 685
80 8 2 789
80 9 0 803
80 9 1 748
80 9 2 782
100 0 0 1234
100 0 1 1227
100 0 2 1208
100 1 0 1155
100 1 1 1205
100 1 2 1195
100 2 0 1235
100 2 1 1210
100 2 2 1224
100 3 0 1235
100 3 1 1234
100 3 2 1227
100 4 0 1241
100 4 1 1241
100 4 2 1259
100 5 0 1227
100 5 1 1196
100 5 2 1230
100 6 0 1252
100 6 1 1236
100 6 2 1221
100 7 0 1210
100 7 1 1213
100 7 2 1262
100 8 0 1200
100 8 1 1269
100 8 2 1265
100 9 0 1232
100 9 1 1242
100 9 2 1195
60 0 3 437
60 0 4 420
60 0 5 453
60 0 6 450
60 0 7 437
60 0 8 455
60 0 9 433
60 0 10 428
60 1 3 437
60 1 4 458
60 1 5 439
60 1 6 444
60 1 7 457
60 1 8 429
60 1 9 433
60 1 10 449
60 2 3 393
60 2 4 424
60 2 5 441
60 2 6 461
60 2 7 436
60 2 8 411
60 2 9 458
60 2 10 438
60 3 3 453
60 3 4 431
60 3 5 413
60 3 6 421
60 3 7 403
60 3 8 440
60 3 9 429
60 3 10 436
60 4 3 458
60 4 4 438
60 4 5 429
60 4 6 454
60 4 7 391
60 4 8 457
60 4 9 429
60 4 10 453
60 5 3 384
60 5 4 414
60 5 5 406
60 5 6 445
60 5 7 433
60 5 8 442
60 5 9 431
60 5 10 445
60 6 3 409
60 6 4 417
60 6 5 448
60 6 6 445
60 6 7 290
60 6 8 451
60 6 9 456
60 6 10 425
60 7 3 451
60 7 4 419
60 7 5 406
60 7 6 446
60 7 7 446
60 7 8 452
60 7 9 422
60 7 10 447
60 8 3 420
60 8 4 466
60 8 5 417
60 8 6 439
60 8 7 441
60 8 8 444
60 8 9 448
60 8 10 435
60 9 3 440
60 9 4 470
60 9 5 442
60 9 6 453
60 9 7 444
60 9 8 441
60 9 9 365
60 9 10 447
80 0 3 822
80 0 4 774
80 0 5 777
80 0 6 777
80 0 7 796
80 0 8 818
80 0 9 782
80 0 10 792
80 1 3 744
80 1 4 748
80 1 5 774
80 1 6 774
80 1 7 723
80 1 8 800
80 1 9 813
80 1 10 698
80 2 3 806
80 2 4 778
80 2 5 782
80 2 6 794
80 2 7 756
80 2 8 797
80 2 9 774
80 2 10 773
80 3 3 772
80 3 4 786
80 3 5 749
80 3 6 803
80 3 7 793
80 3 8 755
80 3 9 764
80 3 10 699
80 4 3 790
80 4 4 804
80 4 5 787
80 4 6 793
80 4 7 775
80 4 8 806
80 4 9 802
80 4 10 786
80 5 3 754
80 5 4 796
80 5 5 784
80 5 6 781
80 5 7 733
80 5 8 789
80 5 9 780
80 5 10 779
80 6 3 794
80 6 4 776
80 6 5 757
80 6 6 715
80 6 7 801
80 6 8 795
80 6 9 764
80 6 10 781
80 7 3 729
80 7 4 804
80 7 5 797
80 7 6 787
80 7 7 788
80 7 8 763
80 7 9 788
80 7 10 772
80 8 3 783
80 8 4 708
80 8 5 793
80 8 6 753
80 8 7 772
80 8 8 787
80 8 9 778
80 8 10 785
80 9 3 786
80 9 4 786
80 9 5 802
80 9 6 778
80 9 7 777
80 9 8 785
80 9 9 788
80 9 10 750
100 0 3 1257
100 0 4 1229
100 0 5 1229
100 0 6 1189
100 0 7 1227
100 0 8 1251
100 0 9 1214
100 0 10 1257
100 1 3 1238
100 1 4 1253
100 1 5 1265
100 1 6 1180
100 1 7 1191
100 1 8 1203
100 1 9 1218
100 1 10 1251
100 2 3 1192
100 2 4 1257
100 2 5 1201
100 2 6 1218
100 2 7 1247
100 2 8 1243
100 2 9 1266
100 2 10 1219
100 3 3 1254
100 3 4 1238
100 3 5 1229
100 3 6 1260
100 3 7 1142
100 3 8 1232
100 3 9 1240
100 3 10 1202
100 4 3 1262
100 4 4 1190
100 4 5 1246
100 4 6 1219
100 4 7 1226
100 4 8 1243
100 4 9 1266
100 4 10 1247
100 5 3 1296
100 5 4 1248
100 5 5 1174
100 5 6 1229
100 5 7 1220
100 5 8 1195
100 5 9 1251
100 5 10 1207
100 6 3 1238
100 6 4 1237
100 6 5 1207
100 6 6 1153
100 6 7 1123
100 6 8 1209
100 6 9 1224
100 6 10 1232
100 7 3 1221
100 7 4 1246
100 7 5 1220
100 7 6 1224
100 7 7 1171
100 7 8 1239
100 7 9 1115
100 7 10 1212
100 8 3 1233
100 8 4 1218
100 8 5 1227
100 8 6 1232
100 8 7 1191
100 8 8 1268
100 8 9 1204
100 8 10 1231
100 9 3 1212
100 9 4 1228
100 9 5 1220
100 9 6 1276
100 9 7 1172
100 9 8 1179
100 9 9 1231
100 9 10 1221
