60 0 0 404
60 0 1 414
60 0 2 427
60 1 0 451
60 1 1 460
60 1 2 352
60 2 0 423
60 2 1 242
60 2 2 434
60 3 0 359
60 3 1 443
60 3 2 442
60 4 0 431
60 4 1 442
60 4 2 341
60 5 0 420
60 5 1 418
60 5 2 433
60 6 0 308
60 6 1 347
60 6 2 418
60 7 0 408
60 7 1 451
60 7 2 438
60 8 0 433
60 8 1 392
60 8 2 429
60 9 0 442
60 9 1 396
60 9 2 432
80 0 0 753
80 0 1 788
80 0 2 736
80 1 0 808
80 1 1 791
80 1 2 795
80 2 0 793
80 2 1 795
80 2 2 541
80 3 0 796
80 3 1 784
80 3 2 721
80 4 0 699
80 4 1 731
80 4 2 660
80 5 0 807
80 5 1 765
80 5 2 789
80 6 0 715
80 6 1 751
80 6 2 779
80 7 0 805
80 7 1 369
80 7 2 791
80 8 0 785
80 8 1 794
80 8 2 744
80 9 0 736
80 9 1 777
80 9 2 686
100 0 0 980
100 0 1 1137
100 0 2 1209
100 1 0 1172
100 1 1 1165
100 1 2 1201
100 2 0 1220
100 2 1 1216
100 2 2 1043
100 3 0 1212
100 3 1 1061
100 3 2 1083
100 4 0 1254
100 4 1 1252
100 4 2 1044
100 5 0 1252
100 5 1 1005
100 5 2 1225
100 6 0 1160
100 6 1 1218
100 6 2 1192
100 7 0 1086
100 7 1 1251
100 7 2 1180
100 8 0 1138
100 8 1 1246
100 8 2 1159
100 9 0 1044
100 9 1 1216
100 9 2 1248
60 0 3 363
60 0 4 454
60 0 5 422
60 0 6 389
60 0 7 363
60 0 8 445
60 0 9 381
60 0 10 445
60 1 3 435
60 1 4 407
60 1 5 412
60 1 6 460
60 1 7 408
60 1 8 435
60 1 9 447
60 1 10 435
60 2 3 389
60 2 4 459
60 2 5 461
60 2 6 420
60 2 7 442
60 2 8 438
60 2 9 393
60 2 10 419
60 3 3 416
60 3 4 450
60 3 5 392
60 3 6 409
60 3 7 416
60 3 8 431
60 3 9 445
60 3 10 360
60 4 3 435
60 4 4 413
60 4 5 425
60 4 6 422
60 4 7 331
60 4 8 321
60 4 9 418
60 4 10 444
60 5 3 428
60 5 4 415
60 5 5 420
60 5 6 464
60 5 7 445
60 5 8 439
60 5 9 416
60 5 10 419
60 6 3 390
60 6 4 384
60 6 5 405
60 6 6 458
60 6 7 428
60 6 8 346
60 6 9 430
60 6 10 408
60 7 3 301
60 7 4 394
60 7 5 405
60 7 6 358
60 7 7 324
60 7 8 387
60 7 9 423
60 7 10 350
60 8 3 425
60 8 4 437
60 8 5 456
60 8 6 433
60 8 7 450
60 8 8 350
60 8 9 443
60 8 10 289
60 9 3 422
60 9 4 340
60 9 5 426
60 9 6 442
60 9 7 432
60 9 8 292
60 9 9 420
60 9 10 182
80 0 3 764
80 0 4 635
80 0 5 796
80 0 6 782
80 0 7 785
80 0 8 786
80 0 9 735
80 0 10 659
80 1 3 534
80 1 4 716
80 1 5 684
80 1 6 791
80 1 7 762
80 1 8 782
80 1 9 676
80 1 10 784
80 2 3 802
80 2 4 729
80 2 5 750
80 2 6 754
80 2 7 788
80 2 8 548
80 2 9 718
80 2 10 788
80 3 3 768
80 3 4 772
80 3 5 789
80 3 6 780
80 3 7 775
80 3 8 666
80 3 9 725
80 3 10 792
80 4 3 800
80 4 4 754
80 4 5 671
80 4 6 785
80 4 7 759
80 4 8 732
80 4 9 738
80 4 10 620
80 5 3 651
80 5 4 779
80 5 5 767
80 5 6 729
80 5 7 810
80 5 8 721
80 5 9 723
80 5 10 780
80 6 3 698
80 6 4 764
80 6 5 761
80 6 6 682
80 6 7 783
80 6 8 706
80 6 9 761
80 6 10 766
80 7 3 775
80 7 4 794
80 7 5 725
80 7 6 748
80 7 7 778
80 7 8 772
80 7 9 767
80 7 10 695
80 8 3 772
80 8 4 761
80 8 5 814
80 8 6 675
80 8 7 804
80 8 8 820
80 8 9 717
80 8 10 609
80 9 3 786
80 9 4 507
80 9 5 736
80 9 6 739
80 9 7 785
80 9 8 571
80 9 9 781
80 9 10 810
100 0 3 1185
100 0 4 1192
100 0 5 1251
100 0 6 1229
100 0 7 1215
100 0 8 832
100 0 9 1225
100 0 10 1235
100 1 3 1158
100 1 4 1230
100 1 5 1219
100 1 6 1080
100 1 7 1219
100 1 8 1199
100 1 9 1131
100 1 10 1196
100 2 3 1075
100 2 4 1237
100 2 5 1237
100 2 6 1202
100 2 7 799
100 2 8 1168
100 2 9 1134
100 2 10 1204
100 3 3 1226
100 3 4 1132
100 3 5 1227
100 3 6 1108
100 3 7 1234
100 3 8 919
100 3 9 1148
100 3 10 1152
100 4 3 1204
100 4 4 1196
100 4 5 1206
100 4 6 1257
100 4 7 1196
100 4 8 1217
100 4 9 1236
100 4 10 1218
100 5 3 1229
100 5 4 1240
100 5 5 1185
100 5 6 1248
100 5 7 1170
100 5 8 1079
100 5 9 1206
100 5 10 1220
100 6 3 1105
100 6 4 1154
100 6 5 1212
100 6 6 1078
100 6 7 1201
100 6 8 1023
100 6 9 1115
100 6 10 887
100 7 3 1259
100 7 4 1127
100 7 5 1156
100 7 6 1219
100 7 7 1257
100 7 8 1080
100 7 9 1215
100 7 10 889
100 8 3 1057
100 8 4 1108
100 8 5 1195
100 8 6 1190
100 8 7 1246
100 8 8 1091
100 8 9 1204
100 8 10 1126
100 9 3 1150
100 9 4 1232
100 9 5 1263
100 9 6 1192
100 9 7 1224
100 9 8 1255
100 9 9 1095
100 9 10 1156
