60 0 0 453
60 0 1 437
60 0 2 443
60 1 0 455
60 1 1 423
60 1 2 434
60 2 0 460
60 2 1 414
60 2 2 409
60 3 0 442
60 3 1 449
60 3 2 413
60 4 0 433
60 4 1 427
60 4 2 397
60 5 0 446
60 5 1 410
60 5 2 441
60 6 0 417
60 6 1 424
60 6 2 460
60 7 0 435
60 7 1 413
60 7 2 419
60 8 0 452
60 8 1 427
60 8 2 409
60 9 0 465
60 9 1 432
60 9 2 399
80 0 0 812
80 0 1 801
80 0 2 778
80 1 0 752
80 1 1 794
80 1 2 813
80 2 0 815
80 2 1 763
80 2 2 793
80 3 0 731
80 3 1 779
80 3 2 754
80 4 0 789
80 4 1 767
80 4 2 793
80 5 0 799
80 5 1 791
80 5 2 798
80 6 0 801
80 6 1 765
80 6 2 786
80 7 0 763
80 7 1 784
80 7 2 776
80 8 0 792
80 8 1 764
80 8 2 769
80 9 0 739
80 9 1 775
80 9 2 755
100 0 0 1198
100 0 1 1255
100 0 2 1200
100 1 0 1243
100 1 1 1248
100 1 2 1214
100 2 0 1184
100 2 1 1147
100 2 2 1247
100 3 0 1237
100 3 1 1271
100 3 2 1259
100 4 0 1144
100 4 1 1251
100 4 2 1212
100 5 0 1247
100 5 1 1221
100 5 2 1219
100 6 0 1246
100 6 1 1186
100 6 2 1246
100 7 0 1234
100 7 1 1184
100 7 2 1249
100 8 0 1230
100 8 1 1198
100 8 2 1252
100 9 0 1253
100 9 1 1228
100 9 2 1247
60 0 3 456
60 0 4 408
60 0 5 434
60 0 6 445
60 0 7 423
60 0 8 451
60 0 9 434
60 0 10 444
60 1 3 451
60 1 4 428
60 1 5 437
60 1 6 444
60 1 7 431
60 1 8 452
60 1 9 429
60 1 10 434
60 2 3 440
60 2 4 452
60 2 5 460
60 2 6 443
60 2 7 439
60 2 8 419
60 2 9 440
60 2 10 402
60 3 3 435
60 3 4 451
60 3 5 463
60 3 6 407
60 3 7 452
60 3 8 452
60 3 9 429
60 3 10 436
60 4 3 460
60 4 4 449
60 4 5 456
60 4 6 432
60 4 7 386
60 4 8 430
60 4 9 425
60 4 10 427
60 5 3 453
60 5 4 413
60 5 5 432
60 5 6 373
60 5 7 441
60 5 8 441
60 5 9 448
60 5 10 446
60 6 3 435
60 6 4 371
60 6 5 444
60 6 6 438
60 6 7 453
60 6 8 468
60 6 9 429
60 6 10 429
60 7 3 457
60 7 4 458
60 7 5 445
60 7 6 426
60 7 7 435
60 7 8 438
60 7 9 439
60 7 10 454
60 8 3 457
60 8 4 379
60 8 5 461
60 8 6 435
60 8 7 438
60 8 8 434
60 8 9 430
60 8 10 430
60 9 3 450
60 9 4 444
60 9 5 451
60 9 6 384
60 9 7 451
60 9 8 460
60 9 9 437
60 9 10 393
80 0 3 797
80 0 4 787
80 0 5 788
80 0 6 780
80 0 7 763
80 0 8 770
80 0 9 779
80 0 10 706
80 1 3 749
80 1 4 794
80 1 5 698
80 1 6 780
80 1 7 814
80 1 8 807
80 1 9 722
80 1 10 790
80 2 3 802
80 2 4 798
80 2 5 792
80 2 6 681
80 2 7 774
80 2 8 801
80 2 9 761
80 2 10 787
80 3 3 777
80 3 4 761
80 3 5 786
80 3 6 773
80 3 7 769
80 3 8 801
80 3 9 772
80 3 10 791
80 4 3 803
80 4 4 788
80 4 5 796
80 4 6 799
80 4 7 807
80 4 8 800
80 4 9 783
80 4 10 783
80 5 3 765
80 5 4 720
80 5 5 815
80 5 6 809
80 5 7 768
80 5 8 803
80 5 9 789
80 5 10 802
80 6 3 764
80 6 4 760
80 6 5 799
80 6 6 786
80 6 7 793
80 6 8 811
80 6 9 782
80 6 10 755
80 7 3 801
80 7 4 805
80 7 5 800
80 7 6 787
80 7 7 771
80 7 8 773
80 7 9 754
80 7 10 814
80 8 3 798
80 8 4 747
80 8 5 813
80 8 6 784
80 8 7 741
80 8 8 774
80 8 9 777
80 8 10 786
80 9 3 781
80 9 4 754
80 9 5 743
80 9 6 784
80 9 7 810
80 9 8 802
80 9 9 817
80 9 10 769
100 0 3 1221
100 0 4 1229
100 0 5 1005
100 0 6 1219
100 0 7 1230
100 0 8 1192
100 0 9 1243
100 0 10 1234
100 1 3 1237
100 1 4 1208
100 1 5 1233
100 1 6 1255
100 1 7 1254
100 1 8 1189
100 1 9 1235
100 1 10 1153
100 2 3 1236
100 2 4 1099
100 2 5 1265
100 2 6 1267
100 2 7 1223
100 2 8 1245
100 2 9 1236
100 2 10 1225
100 3 3 1224
100 3 4 1265
100 3 5 1262
100 3 6 1229
100 3 7 1255
100 3 8 1121
100 3 9 1213
100 3 10 1231
100 4 3 1212
100 4 4 1249
100 4 5 1230
100 4 6 1174
100 4 7 1184
100 4 8 1258
100 4 9 1243
100 4 10 1255
100 5 3 1244
100 5 4 1257
100 5 5 1245
100 5 6 1191
100 5 7 1233
100 5 8 1230
100 5 9 1169
100 5 10 1227
100 6 3 1255
100 6 4 1251
100 6 5 1195
100 6 6 1231
100 6 7 1238
100 6 8 1227
100 6 9 1205
100 6 10 1233
100 7 3 1225
100 7 4 1272
100 7 5 1235
100 7 6 1158
100 7 7 1252
100 7 8 1178
100 7 9 1243
100 7 10 1254
100 8 3 1226
100 8 4 1237
100 8 5 1226
100 8 6 1180
100 8 7 1287
100 8 8 1222
100 8 9 1253
100 8 10 1208
100 9 3 1232
100 9 4 1238
100 9 5 1201
100 9 6 1229
100 9 7 1213
100 9 8 1227
100 9 9 1264
100 9 10 1195
