60 0 0 420
60 0 1 447
60 0 2 419
60 1 0 434
60 1 1 439
60 1 2 381
60 2 0 414
60 2 1 451
60 2 2 448
60 3 0 393
60 3 1 428
60 3 2 431
60 4 0 433
60 4 1 457
60 4 2 378
60 5 0 443
60 5 1 439
60 5 2 440
60 6 0 431
60 6 1 432
60 6 2 440
60 7 0 440
60 7 1 455
60 7 2 444
60 8 0 441
60 8 1 426
60 8 2 420
60 9 0 410
60 9 1 452
60 9 2 442
80 0 0 768
80 0 1 774
80 0 2 765
80 1 0 764
80 1 1 793
80 1 2 802
80 2 0 737
80 2 1 806
80 2 2 803
80 3 0 643
80 3 1 764
80 3 2 766
80 4 0 810
80 4 1 720
80 4 2 804
80 5 0 757
80 5 1 759
80 5 2 781
80 6 0 764
80 6 1 792
80 6 2 799
80 7 0 808
80 7 1 792
80 7 2 748
80 8 0 647
80 8 1 783
80 8 2 787
80 9 0 758
80 9 1 777
80 9 2 795
100 0 0 1225
100 0 1 1241
100 0 2 1213
100 1 0 1255
100 1 1 1215
100 1 2 1231
100 2 0 1225
100 2 1 1253
100 2 2 1266
100 3 0 1224
100 3 1 1262
100 3 2 1198
100 4 0 1204
100 4 1 1189
100 4 2 1198
100 5 0 1225
100 5 1 1222
100 5 2 1233
100 6 0 1209
100 6 1 1249
100 6 2 1225
100 7 0 1216
100 7 1 1210
100 7 2 1195
100 8 0 1266
100 8 1 1238
100 8 2 1213
100 9 0 1192
100 9 1 1231
100 9 2 1223
60 0 3 440
60 0 4 448
60 0 5 448
60 0 6 466
60 0 7 391
60 0 8 455
60 0 9 432
60 0 10 448
60 1 3 418
60 1 4 388
60 1 5 437
60 1 6 456
60 1 7 452
60 1 8 443
60 1 9 463
60 1 10 446
60 2 3 401
60 2 4 436
60 2 5 460
60 2 6 445
60 2 7 441
60 2 8 445
60 2 9 408
60 2 10 452
60 3 3 393
60 3 4 434
60 3 5 429
60 3 6 411
60 3 7 405
60 3 8 445
60 3 9 429
60 3 10 454
60 4 3 441
60 4 4 416
60 4 5 436
60 4 6 448
60 4 7 447
60 4 8 417
60 4 9 415
60 4 10 429
60 5 3 456
60 5 4 435
60 5 5 409
60 5 6 438
60 5 7 458
60 5 8 434
60 5 9 460
60 5 10 438
60 6 3 416
60 6 4 452
60 6 5 452
60 6 6 453
60 6 7 446
60 6 8 431
60 6 9 441
60 6 10 435
60 7 3 365
60 7 4 449
60 7 5 433
60 7 6 451
60 7 7 429
60 7 8 446
60 7 9 438
60 7 10 415
60 8 3 459
60 8 4 421
60 8 5 456
60 8 6 453
60 8 7 455
60 8 8 449
60 8 9 437
60 8 10 440
60 9 3 446
60 9 4 457
60 9 5 436
60 9 6 434
60 9 7 448
60 9 8 451
60 9 9 430
60 9 10 454
80 0 3 816
80 0 4 794
80 0 5 759
80 0 6 797
80 0 7 796
80 0 8 785
80 0 9 785
80 0 10 777
80 1 3 745
80 1 4 801
80 1 5 795
80 1 6 784
80 1 7 755
80 1 8 795
80 1 9 757
80 1 10 794
80 2 3 788
80 2 4 800
80 2 5 733
80 2 6 768
80 2 7 787
80 2 8 802
80 2 9 802
80 2 10 800
80 3 3 782
80 3 4 772
80 3 5 814
80 3 6 742
80 3 7 735
80 3 8 794
80 3 9 773
80 3 10 795
80 4 3 759
80 4 4 782
80 4 5 785
80 4 6 800
80 4 7 792
80 4 8 804
80 4 9 723
80 4 10 785
80 5 3 793
80 5 4 777
80 5 5 794
80 5 6 807
80 5 7 780
80 5 8 802
80 5 9 760
80 5 10 772
80 6 3 788
80 6 4 750
80 6 5 808
80 6 6 782
80 6 7 802
80 6 8 787
80 6 9 774
80 6 10 772
80 7 3 792
80 7 4 798
80 7 5 797
80 7 6 799
80 7 7 716
80 7 8 686
80 7 9 770
80 7 10 794
80 8 3 776
80 8 4 796
80 8 5 757
80 8 6 771
80 8 7 788
80 8 8 794
80 8 9 753
80 8 10 790
80 9 3 798
80 9 4 745
80 9 5 796
80 9 6 754
80 9 7 799
80 9 8 773
80 9 9 796
80 9 10 774
100 0 3 1234
100 0 4 1169
100 0 5 1191
100 0 6 1251
100 0 7 1235
100 0 8 1261
100 0 9 1156
100 0 10 1240
100 1 3 1120
100 1 4 1204
100 1 5 1219
100 1 6 1237
100 1 7 1226
100 1 8 1243
100 1 9 1208
100 1 10 1183
100 2 3 1218
100 2 4 1257
100 2 5 1200
100 2 6 1215
100 2 7 1257
100 2 8 1275
100 2 9 1208
100 2 10 1211
100 3 3 1211
100 3 4 1235
100 3 5 1262
100 3 6 1232
100 3 7 1238
100 3 8 1234
100 3 9 1229
100 3 10 1225
100 4 3 1259
100 4 4 1221
100 4 5 1206
100 4 6 1203
100 4 7 1249
100 4 8 1209
100 4 9 1225
100 4 10 1255
100 5 3 1243
100 5 4 1227
100 5 5 1231
100 5 6 1281
100 5 7 1254
100 5 8 1208
100 5 9 1198
100 5 10 1240
100 6 3 1218
100 6 4 1221
100 6 5 1215
100 6 6 1239
100 6 7 1248
100 6 8 1227
100 6 9 1219
100 6 10 1219
100 7 3 1211
100 7 4 1272
100 7 5 1266
100 7 6 1259
100 7 7 1182
100 7 8 1241
100 7 9 1188
100 7 10 1207
100 8 3 1175
100 8 4 1222
100 8 5 1249
100 8 6 1231
100 8 7 1162
100 8 8 1245
100 8 9 1233
100 8 10 1218
100 9 3 1266
100 9 4 1264
100 9 5 1260
100 9 6 1218
100 9 7 1208
100 9 8 1196
100 9 9 1248
100 9 10 1164
