60 0 0 449
60 0 1 425
60 0 2 368
60 1 0 432
60 1 1 433
60 1 2 432
60 2 0 435
60 2 1 425
60 2 2 447
60 3 0 431
60 3 1 390
60 3 2 428
60 4 0 442
60 4 1 414
60 4 2 458
60 5 0 415
60 5 1 412
60 5 2 441
60 6 0 430
60 6 1 434
60 6 2 419
60 7 0 448
60 7 1 422
60 7 2 455
60 8 0 453
60 8 1 448
60 8 2 426
60 9 0 442
60 9 1 406
60 9 2 406
80 0 0 807
80 0 1 726
80 0 2 772
80 1 0 797
80 1 1 796
80 1 2 805
80 2 0 775
80 2 1 787
80 2 2 802
80 3 0 747
80 3 1 772
80 3 2 786
80 4 0 779
80 4 1 785
80 4 2 782
80 5 0 762
80 5 1 757
80 5 2 774
80 6 0 794
80 6 1 817
80 6 2 772
80 7 0 755
80 7 1 795
80 7 2 772
80 8 0 724
80 8 1 782
80 8 2 809
80 9 0 748
80 9 1 612
80 9 2 786
100 0 0 1269
100 0 1 1266
100 0 2 1207
100 1 0 1232
100 1 1 1257
100 1 2 1132
100 2 0 1248
100 2 1 1141
100 2 2 1188
100 3 0 1227
100 3 1 1246
100 3 2 1084
100 4 0 1222
100 4 1 1258
100 4 2 1185
100 5 0 1137
100 5 1 1263
100 5 2 1230
100 6 0 1250
100 6 1 1215
100 6 2 1221
100 7 0 1193
100 7 1 1237
100 7 2 1260
100 8 0 1233
100 8 1 1230
100 8 2 1220
100 9 0 1228
100 9 1 1216
100 9 2 1241
60 0 3 436
60 0 4 442
60 0 5 451
60 0 6 449
60 0 7 408
60 0 8 413
60 0 9 362
60 0 10 453
60 1 3 451
60 1 4 456
60 1 5 440
60 1 6 447
60 1 7 449
60 1 8 447
60 1 9 414
60 1 10 460
60 2 3 449
60 2 4 453
60 2 5 430
60 2 6 441
60 2 7 416
60 2 8 404
60 2 9 440
60 2 10 439
60 3 3 430
60 3 4 437
60 3 5 380
60 3 6 445
60 3 7 394
60 3 8 454
60 3 9 423
60 3 10 431
60 4 3 391
60 4 4 412
60 4 5 438
60 4 6 459
60 4 7 456
60 4 8 409
60 4 9 448
60 4 10 433
60 5 3 460
60 5 4 449
60 5 5 417
60 5 6 449
60 5 7 422
60 5 8 424
60 5 9 408
60 5 10 391
60 6 3 438
60 6 4 421
60 6 5 456
60 6 6 447
60 6 7 457
60 6 8 432
60 6 9 458
60 6 10 466
60 7 3 459
60 7 4 443
60 7 5 449
60 7 6 450
60 7 7 440
60 7 8 451
60 7 9 328
60 7 10 461
60 8 3 437
60 8 4 420
60 8 5 430
60 8 6 435
60 8 7 419
60 8 8 453
60 8 9 438
60 8 10 454
60 9 3 426
60 9 4 445
60 9 5 459
60 9 6 417
60 9 7 440
60 9 8 416
60 9 9 434
60 9 10 454
80 0 3 807
80 0 4 755
80 0 5 797
80 0 6 777
80 0 7 784
80 0 8 777
80 0 9 764
80 0 10 764
80 1 3 797
80 1 4 791
80 1 5 777
80 1 6 779
80 1 7 763
80 1 8 720
80 1 9 805
80 1 10 762
80 2 3 797
80 2 4 779
80 2 5 735
80 2 6 790
80 2 7 770
80 2 8 792
80 2 9 785
80 2 10 751
80 3 3 800
80 3 4 808
80 3 5 724
80 3 6 753
80 3 7 776
80 3 8 673
80 3 9 743
80 3 10 742
80 4 3 813
80 4 4 784
80 4 5 746
80 4 6 727
80 4 7 781
80 4 8 785
80 4 9 797
80 4 10 728
80 5 3 791
80 5 4 808
80 5 5 758
80 5 6 834
80 5 7 800
80 5 8 811
80 5 9 741
80 5 10 760
80 6 3 799
80 6 4 783
80 6 5 793
80 6 6 702
80 6 7 764
80 6 8 683
80 6 9 788
80 6 10 786
80 7 3 784
80 7 4 751
80 7 5 758
80 7 6 775
80 7 7 764
80 7 8 794
80 7 9 720
80 7 10 790
80 8 3 816
80 8 4 804
80 8 5 787
80 8 6 794
80 8 7 777
80 8 8 772
80 8 9 807
80 8 10 782
80 9 3 785
80 9 4 769
80 9 5 760
80 9 6 681
80 9 7 765
80 9 8 793
80 9 9 768
80 9 10 773
100 0 3 1238
100 0 4 1244
100 0 5 1193
100 0 6 1230
100 0 7 1205
100 0 8 1224
100 0 9 1246
100 0 10 1222
100 1 3 1265
100 1 4 1270
100 1 5 1190
100 1 6 1248
100 1 7 1241
100 1 8 1267
100 1 9 1265
100 1 10 1245
100 2 3 1196
100 2 4 1253
100 2 5 1253
100 2 6 1223
100 2 7 1201
100 2 8 1188
100 2 9 1185
100 2 10 1199
100 3 3 1203
100 3 4 1228
100 3 5 1201
100 3 6 1210
100 3 7 1212
100 3 8 1216
100 3 9 1196
100 3 10 1236
100 4 3 1251
100 4 4 1208
100 4 5 1206
100 4 6 1223
100 4 7 1144
100 4 8 1230
100 4 9 1209
100 4 10 1207
100 5 3 1225
100 5 4 1192
100 5 5 1234
100 5 6 1214
100 5 7 1225
100 5 8 1188
100 5 9 1258
100 5 10 1261
100 6 3 1234
100 6 4 1236
100 6 5 1222
100 6 6 1225
100 6 7 1184
100 6 8 1218
100 6 9 1212
100 6 10 1204
100 7 3 1203
100 7 4 1150
100 7 5 1229
100 7 6 1204
100 7 7 1238
100 7 8 1234
100 7 9 1137
100 7 10 1204
100 8 3 1185
100 8 4 1240
100 8 5 1245
100 8 6 1142
100 8 7 1271
100 8 8 1226
100 8 9 1224
100 8 10 1226
100 9 3 1223
100 9 4 1226
100 9 5 1215
100 9 6 1264
100 9 7 1247
100 9 8 1250
100 9 9 1193
100 9 10 1121
