60 0 0 442
60 0 1 435
60 0 2 442
60 1 0 440
60 1 1 447
60 1 2 436
60 2 0 418
60 2 1 460
60 2 2 426
60 3 0 433
60 3 1 441
60 3 2 414
60 4 0 444
60 4 1 438
60 4 2 451
60 5 0 467
60 5 1 430
60 5 2 445
60 6 0 459
60 6 1 434
60 6 2 425
60 7 0 431
60 7 1 419
60 7 2 440
60 8 0 429
60 8 1 432
60 8 2 461
60 9 0 448
60 9 1 386
60 9 2 435
80 0 0 783
80 0 1 773
80 0 2 792
80 1 0 759
80 1 1 689
80 1 2 800
80 2 0 783
80 2 1 796
80 2 2 770
80 3 0 798
80 3 1 789
80 3 2 777
80 4 0 805
80 4 1 814
80 4 2 780
80 5 0 777
80 5 1 778
80 5 2 755
80 6 0 802
80 6 1 770
80 6 2 731
80 7 0 812
80 7 1 783
80 7 2 793
80 8 0 777
80 8 1 790
80 8 2 782
80 9 0 715
80 9 1 796
80 9 2 768
100 0 0 1259
100 0 1 1217
100 0 2 1179
100 1 0 1199
100 1 1 1237
100 1 2 1177
100 2 0 1199
100 2 1 1167
100 2 2 1239
100 3 0 1256
100 3 1 1220
100 3 2 1209
100 4 0 1208
100 4 1 1237
100 4 2 1206
100 5 0 1228
100 5 1 1272
100 5 2 1217
100 6 0 1233
100 6 1 1205
100 6 2 1111
100 7 0 1182
100 7 1 1249
100 7 2 1179
100 8 0 1234
100 8 1 1205
100 8 2 1219
100 9 0 1207
100 9 1 1264
100 9 2 1245
60 0 3 427
60 0 4 448
60 0 5 397
60 0 6 441
60 0 7 301
60 0 8 441
60 0 9 445
60 0 10 443
60 1 3 433
60 1 4 442
60 1 5 426
60 1 6 431
60 1 7 435
60 1 8 423
60 1 9 455
60 1 10 423
60 2 3 437
60 2 4 426
60 2 5 443
60 2 6 449
60 2 7 432
60 2 8 444
60 2 9 422
60 2 10 442
60 3 3 383
60 3 4 452
60 3 5 441
60 3 6 467
60 3 7 423
60 3 8 441
60 3 9 432
60 3 10 416
60 4 3 436
60 4 4 441
60 4 5 431
60 4 6 439
60 4 7 435
60 4 8 444
60 4 9 455
60 4 10 400
60 5 3 424
60 5 4 447
60 5 5 414
60 5 6 449
60 5 7 442
60 5 8 429
60 5 9 436
60 5 10 435
60 6 3 443
60 6 4 423
60 6 5 447
60 6 6 442
60 6 7 432
60 6 8 423
60 6 9 426
60 6 10 445
60 7 3 273
60 7 4 453
60 7 5 436
60 7 6 408
60 7 7 432
60 7 8 451
60 7 9 460
60 7 10 325
60 8 3 461
60 8 4 433
60 8 5 451
60 8 6 457
60 8 7 425
60 8 8 435
60 8 9 424
60 8 10 384
60 9 3 435
60 9 4 457
60 9 5 447
60 9 6 441
60 9 7 434
60 9 8 448
60 9 9 450
60 9 10 427
80 0 3 708
80 0 4 736
80 0 5 707
80 0 6 769
80 0 7 741
80 0 8 761
80 0 9 778
80 0 10 785
80 1 3 756
80 1 4 763
80 1 5 783
80 1 6 807
80 1 7 756
80 1 8 805
80 1 9 807
80 1 10 829
80 2 3 787
80 2 4 794
80 2 5 771
80 2 6 792
80 2 7 799
80 2 8 807
80 2 9 787
80 2 10 803
80 3 3 776
80 3 4 781
80 3 5 792
80 3 6 791
80 3 7 805
80 3 8 805
80 3 9 715
80 3 10 784
80 4 3 786
80 4 4 778
80 4 5 783
80 4 6 758
80 4 7 792
80 4 8 784
80 4 9 805
80 4 10 766
80 5 3 821
80 5 4 794
80 5 5 804
80 5 6 794
80 5 7 809
80 5 8 788
80 5 9 731
80 5 10 767
80 6 3 789
80 6 4 797
80 6 5 805
80 6 6 797
80 6 7 705
80 6 8 744
80 6 9 808
80 6 10 788
80 7 3 805
80 7 4 760
80 7 5 821
80 7 6 800
80 7 7 755
80 7 8 758
80 7 9 794
80 7 10 792
80 8 3 803
80 8 4 799
80 8 5 817
80 8 6 802
80 8 7 771
80 8 8 788
80 8 9 788
80 8 10 805
80 9 3 782
80 9 4 810
80 9 5 792
80 9 6 797
80 9 7 787
80 9 8 784
80 9 9 753
80 9 10 793
100 0 3 1230
100 0 4 1214
100 0 5 1229
100 0 6 1225
100 0 7 1247
100 0 8 1204
100 0 9 1195
100 0 10 1199
100 1 3 1213
100 1 4 1265
100 1 5 1230
100 1 6 1243
100 1 7 1241
100 1 8 1176
100 1 9 1197
100 1 10 1202
100 2 3 1215
100 2 4 1222
100 2 5 1208
100 2 6 1236
100 2 7 1239
100 2 8 1243
100 2 9 1127
100 2 10 1261
100 3 3 1212
100 3 4 1251
100 3 5 1013
100 3 6 1238
100 3 7 1232
100 3 8 1216
100 3 9 1252
100 3 10 1236
100 4 3 1206
100 4 4 1229
100 4 5 1246
100 4 6 1233
100 4 7 1221
100 4 8 1249
100 4 9 1219
100 4 10 1191
100 5 3 1232
100 5 4 1258
100 5 5 1193
100 5 6 1193
100 5 7 1239
100 5 8 1254
100 5 9 1224
100 5 10 1189
100 6 3 1228
100 6 4 1215
100 6 5 1232
100 6 6 1251
100 6 7 1275
100 6 8 1231
100 6 9 1284
100 6 10 1225
100 7 3 1222
100 7 4 1222
100 7 5 1184
100 7 6 1211
100 7 7 1233
100 7 8 1235
100 7 9 1253
100 7 10 1188
100 8 3 1193
100 8 4 1216
100 8 5 1233
100 8 6 1263
100 8 7 1265
100 8 8 1217
100 8 9 1226
100 8 10 1231
100 9 3 1244
100 9 4 1229
100 9 5 1253
100 9 6 1222
100 9 7 1179
100 9 8 1235
100 9 9 1240
100 9 10 1202
