60 0 0 456
60 0 1 366
60 0 2 419
60 1 0 430
60 1 1 426
60 1 2 473
60 2 0 428
60 2 1 456
60 2 2 436
60 3 0 453
60 3 1 445
60 3 2 419
60 4 0 385
60 4 1 431
60 4 2 419
60 5 0 416
60 5 1 353
60 5 2 409
60 6 0 458
60 6 1 427
60 6 2 423
60 7 0 431
60 7 1 415
60 7 2 445
60 8 0 425
60 8 1 444
60 8 2 447
60 9 0 382
60 9 1 442
60 9 2 416
80 0 0 775
80 0 1 786
80 0 2 750
80 1 0 775
80 1 1 796
80 1 2 782
80 2 0 770
80 2 1 786
80 2 2 786
80 3 0 808
80 3 1 807
80 3 2 808
80 4 0 804
80 4 1 754
80 4 2 774
80 5 0 803
80 5 1 799
80 5 2 807
80 6 0 743
80 6 1 679
80 6 2 794
80 7 0 785
80 7 1 801
80 7 2 794
80 8 0 731
80 8 1 789
80 8 2 802
80 9 0 803
80 9 1 793
80 9 2 799
100 0 0 1154
100 0 1 1177
100 0 2 1248
100 1 0 1243
100 1 1 1244
100 1 2 1203
100 2 0 1233
100 2 1 1177
100 2 2 1223
100 3 0 1261
100 3 1 1210
100 3 2 1250
100 4 0 1224
100 4 1 1165
100 4 2 1233
100 5 0 1255
100 5 1 1218
100 5 2 1184
100 6 0 1248
100 6 1 1212
100 6 2 1193
100 7 0 1244
100 7 1 1209
100 7 2 1194
100 8 0 1224
100 8 1 1225
100 8 2 1176
100 9 0 1195
100 9 1 1187
100 9 2 1233
60 0 3 437
60 0 4 416
60 0 5 437
60 0 6 448
60 0 7 455
60 0 8 397
60 0 9 436
60 0 10 441
60 1 3 459
60 1 4 442
60 1 5 455
60 1 6 432
60 1 7 440
60 1 8 387
60 1 9 458
60 1 10 447
60 2 3 440
60 2 4 434
60 2 5 426
60 2 6 427
60 2 7 453
60 2 8 428
60 2 9 427
60 2 10 414
60 3 3 434
60 3 4 427
60 3 5 408
60 3 6 442
60 3 7 456
60 3 8 428
60 3 9 436
60 3 10 423
60 4 3 450
60 4 4 392
60 4 5 404
60 4 6 424
60 4 7 443
60 4 8 423
60 4 9 438
60 4 10 432
60 5 3 424
60 5 4 450
60 5 5 412
60 5 6 378
60 5 7 431
60 5 8 420
60 5 9 444
60 5 10 438
60 6 3 463
60 6 4 365
60 6 5 451
60 6 6 363
60 6 7 407
60 6 8 432
60 6 9 437
60 6 10 425
60 7 3 443
60 7 4 428
60 7 5 451
60 7 6 424
60 7 7 443
60 7 8 314
60 7 9 458
60 7 10 440
60 8 3 428
60 8 4 441
60 8 5 455
60 8 6 433
60 8 7 434
60 8 8 427
60 8 9 465
60 8 10 440
60 9 3 452
60 9 4 456
60 9 5 448
60 9 6 440
60 9 7 394
60 9 8 446
60 9 9 394
60 9 10 440
80 0 3 721
80 0 4 810
80 0 5 774
80 0 6 728
80 0 7 813
80 0 8 793
80 0 9 809
80 0 10 793
80 1 3 813
80 1 4 795
80 1 5 752
80 1 6 791
80 1 7 780
80 1 8 795
80 1 9 721
80 1 10 790
80 2 3 788
80 2 4 716
80 2 5 786
80 2 6 789
80 2 7 773
80 2 8 786
80 2 9 787
80 2 10 798
80 3 3 780
80 3 4 807
80 3 5 794
80 3 6 803
80 3 7 792
80 3 8 782
80 3 9 802
80 3 10 749
80 4 3 765
80 4 4 790
80 4 5 789
80 4 6 771
80 4 7 769
80 4 8 775
80 4 9 780
80 4 10 787
80 5 3 781
80 5 4 783
80 5 5 805
80 5 6 746
80 5 7 651
80 5 8 782
80 5 9 796
80 5 10 810
80 6 3 812
80 6 4 795
80 6 5 825
80 6 6 754
80 6 7 805
80 6 8 772
80 6 9 757
80 6 10 799
80 7 3 765
80 7 4 808
80 7 5 728
80 7 6 795
80 7 7 723
80 7 8 684
80 7 9 787
80 7 10 769
80 8 3 790
80 8 4 791
80 8 5 777
80 8 6 801
80 8 7 788
80 8 8 778
80 8 9 788
80 8 10 770
80 9 3 759
80 9 4 804
80 9 5 791
80 9 6 762
80 9 7 785
80 9 8 749
80 9 9 799
80 9 10 790
100 0 3 1220
100 0 4 1249
100 0 5 1245
100 0 6 1212
100 0 7 1197
100 0 8 1186
100 0 9 1252
100 0 10 1226
100 1 3 1234
100 1 4 1231
100 1 5 1227
100 1 6 1239
100 1 7 1157
100 1 8 1285
100 1 9 1231
100 1 10 1239
100 2 3 1212
100 2 4 1252
100 2 5 1207
100 2 6 1225
100 2 7 1197
100 2 8 1241
100 2 9 1192
100 2 10 1254
100 3 3 1204
100 3 4 1245
100 3 5 1258
100 3 6 1127
100 3 7 1273
100 3 8 1225
100 3 9 1191
100 3 10 1232
100 4 3 1220
100 4 4 1199
100 4 5 1245
100 4 6 1102
100 4 7 1071
100 4 8 1234
100 4 9 1217
100 4 10 1250
100 5 3 1244
100 5 4 1142
100 5 5 1274
100 5 6 1220
100 5 7 1242
100 5 8 1213
100 5 9 1232
100 5 10 1211
100 6 3 1147
100 6 4 1157
100 6 5 1220
100 6 6 1223
100 6 7 1238
100 6 8 1183
100 6 9 1239
100 6 10 1247
100 7 3 1243
100 7 4 1227
100 7 5 1276
100 7 6 1249
100 7 7 1243
100 7 8 1216
100 7 9 1215
100 7 10 1251
100 8 3 1169
100 8 4 1195
100 8 5 1270
100 8 6 1256
100 8 7 1268
100 8 8 1175
100 8 9 1249
100 8 10 1211
100 9 3 1246
100 9 4 1240
100 9 5 1209
100 9 6 1245
100 9 7 1233
100 9 8 1221
100 9 9 1228
100 9 10 1198
