60 0 0 400
60 0 1 311
60 0 2 412
60 0 3 65
60 0 4 317
60 0 5 217
60 0 6 340
60 0 7 391
60 0 8 67
60 0 9 356
60 1 0 338
60 1 1 84
60 1 2 144
60 1 3 128
60 1 4 352
60 1 5 322
60 1 6 239
60 1 7 59
60 1 8 364
60 1 9 193
60 2 0 430
60 2 1 402
60 2 2 378
60 2 3 383
60 2 4 426
60 2 5 88
60 2 6 371
60 2 7 88
60 2 8 360
60 2 9 324
60 3 0 374
60 3 1 444
60 3 2 82
60 3 3 174
60 3 4 155
60 3 5 134
60 3 6 55
60 3 7 335
60 3 8 354
60 3 9 374
60 4 0 424
60 4 1 365
60 4 2 441
60 4 3 88
60 4 4 393
60 4 5 88
60 4 6 332
60 4 7 302
60 4 8 399
60 4 9 365
60 5 0 63
60 5 1 103
60 5 2 115
60 5 3 115
60 5 4 352
60 5 5 126
60 5 6 163
60 5 7 156
60 5 8 184
60 5 9 135
60 6 0 240
60 6 1 62
60 6 2 240
60 6 3 62
60 6 4 165
60 6 5 165
60 6 6 179
60 6 7 165
60 6 8 165
60 6 9 165
60 7 0 88
60 7 1 432
60 7 2 88
60 7 3 276
60 7 4 276
60 7 5 343
60 7 6 295
60 7 7 276
60 7 8 276
60 7 9 295
60 8 0 123
60 8 1 35
60 8 2 200
60 8 3 381
60 8 4 200
60 8 5 228
60 8 6 261
60 8 7 162
60 8 8 67
60 8 9 253
60 9 0 165
60 9 1 285
60 9 2 253
60 9 3 333
60 9 4 392
60 9 5 356
60 9 6 119
60 9 7 137
60 9 8 231
60 9 9 53
80 0 0 414
80 0 1 414
80 0 2 494
80 0 3 494
80 0 4 267
80 0 5 516
80 0 6 79
80 0 7 79
80 0 8 267
80 0 9 544
80 1 0 477
80 1 1 717
80 1 2 739
80 1 3 396
80 1 4 776
80 1 5 138
80 1 6 103
80 1 7 369
80 1 8 793
80 1 9 694
80 2 0 735
80 2 1 289
80 2 2 686
80 2 3 647
80 2 4 560
80 2 5 349
80 2 6 736
80 2 7 117
80 2 8 316
80 2 9 511
80 3 0 281
80 3 1 137
80 3 2 225
80 3 3 564
80 3 4 369
80 3 5 499
80 3 6 217
80 3 7 369
80 3 8 796
80 3 9 121
80 4 0 431
80 4 1 305
80 4 2 620
80 4 3 296
80 4 4 413
80 4 5 150
80 4 6 44
80 4 7 763
80 4 8 708
80 4 9 773
80 5 0 440
80 5 1 181
80 5 2 181
80 5 3 112
80 5 4 441
80 5 5 373
80 5 6 357
80 5 7 149
80 5 8 309
80 5 9 392
80 6 0 126
80 6 1 81
80 6 2 199
80 6 3 354
80 6 4 300
80 6 5 294
80 6 6 85
80 6 7 266
80 6 8 331
80 6 9 160
80 7 0 750
80 7 1 37
80 7 2 216
80 7 3 446
80 7 4 306
80 7 5 122
80 7 6 390
80 7 7 782
80 7 8 37
80 7 9 39
80 8 0 250
80 8 1 540
80 8 2 401
80 8 3 446
80 8 4 80
80 8 5 310
80 8 6 446
80 8 7 173
80 8 8 310
80 8 9 377
80 9 0 253
80 9 1 283
80 9 2 179
80 9 3 64
80 9 4 285
80 9 5 98
80 9 6 313
80 9 7 287
80 9 8 281
80 9 9 342
100 0 0 477
100 0 1 1121
100 0 2 226
100 0 3 437
100 0 4 477
100 0 5 272
100 0 6 89
100 0 7 89
100 0 8 701
100 0 9 630
100 1 0 656
100 1 1 188
100 1 2 816
100 1 3 363
100 1 4 644
100 1 5 705
100 1 6 815
100 1 7 958
100 1 8 363
100 1 9 731
100 2 0 1108
100 2 1 1070
100 2 2 471
100 2 3 1089
100 2 4 677
100 2 5 682
100 2 6 990
100 2 7 1089
100 2 8 1221
100 2 9 1210
100 3 0 485
100 3 1 738
100 3 2 826
100 3 3 1159
100 3 4 667
100 3 5 445
100 3 6 1036
100 3 7 556
100 3 8 96
100 3 9 556
100 4 0 1072
100 4 1 1209
100 4 2 809
100 4 3 1238
100 4 4 902
100 4 5 1204
100 4 6 1214
100 4 7 1123
100 4 8 1166
100 4 9 1006
100 5 0 998
100 5 1 686
100 5 2 1113
100 5 3 646
100 5 4 1024
100 5 5 973
100 5 6 906
100 5 7 949
100 5 8 705
100 5 9 1189
100 6 0 325
100 6 1 547
100 6 2 325
100 6 3 501
100 6 4 377
100 6 5 377
100 6 6 377
100 6 7 377
100 6 8 547
100 6 9 325
100 7 0 579
100 7 1 347
100 7 2 657
100 7 3 588
100 7 4 626
100 7 5 547
100 7 6 464
100 7 7 729
100 7 8 508
100 7 9 787
100 8 0 430
100 8 1 430
100 8 2 476
100 8 3 384
100 8 4 476
100 8 5 242
100 8 6 343
100 8 7 430
100 8 8 384
100 8 9 257
100 9 0 460
100 9 1 1249
100 9 2 539
100 9 3 1175
100 9 4 243
100 9 5 821
100 9 6 1178
100 9 7 1185
100 9 8 1044
100 9 9 534
