60 0 0 433
60 0 1 456
60 0 2 439
60 1 0 400
60 1 1 456
60 1 2 458
60 2 0 453
60 2 1 439
60 2 2 439
60 3 0 441
60 3 1 440
60 3 2 433
60 4 0 425
60 4 1 439
60 4 2 406
60 5 0 424
60 5 1 449
60 5 2 443
60 6 0 424
60 6 1 420
60 6 2 415
60 7 0 422
60 7 1 465
60 7 2 416
60 8 0 432
60 8 1 434
60 8 2 382
60 9 0 387
60 9 1 433
60 9 2 427
80 0 0 783
80 0 1 774
80 0 2 795
80 1 0 806
80 1 1 737
80 1 2 776
80 2 0 743
80 2 1 806
80 2 2 804
80 3 0 777
80 3 1 791
80 3 2 803
80 4 0 774
80 4 1 795
80 4 2 803
80 5 0 727
80 5 1 775
80 5 2 795
80 6 0 797
80 6 1 799
80 6 2 801
80 7 0 753
80 7 1 716
80 7 2 753
80 8 0 773
80 8 1 813
80 8 2 782
80 9 0 790
80 9 1 791
80 9 2 782
100 0 0 1247
100 0 1 1171
100 0 2 1230
100 1 0 1199
100 1 1 1202
100 1 2 1239
100 2 0 1220
100 2 1 1152
100 2 2 1175
100 3 0 1244
100 3 1 1230
100 3 2 1270
100 4 0 1223
100 4 1 1244
100 4 2 1239
100 5 0 1143
100 5 1 1205
100 5 2 1153
100 6 0 1254
100 6 1 1235
100 6 2 1211
100 7 0 1192
100 7 1 1234
100 7 2 1247
100 8 0 1224
100 8 1 1243
100 8 2 1182
100 9 0 1100
100 9 1 1256
100 9 2 1231
60 0 3 346
60 0 4 390
60 0 5 378
60 0 6 420
60 0 7 428
60 0 8 438
60 0 9 437
60 0 10 346
60 1 3 444
60 1 4 467
60 1 5 384
60 1 6 459
60 1 7 427
60 1 8 407
60 1 9 436
60 1 10 433
60 2 3 429
60 2 4 360
60 2 5 437
60 2 6 442
60 2 7 444
60 2 8 451
60 2 9 443
60 2 10 419
60 3 3 415
60 3 4 463
60 3 5 257
60 3 6 437
60 3 7 459
60 3 8 425
60 3 9 415
60 3 10 449
60 4 3 442
60 4 4 430
60 4 5 410
60 4 6 327
60 4 7 390
60 4 8 432
60 4 9 462
60 4 10 417
60 5 3 434
60 5 4 455
60 5 5 439
60 5 6 452
60 5 7 427
60 5 8 456
60 5 9 434
60 5 10 414
60 6 3 445
60 6 4 445
60 6 5 438
60 6 6 445
60 6 7 424
60 6 8 410
60 6 9 410
60 6 10 448
60 7 3 446
60 7 4 424
60 7 5 444
60 7 6 470
60 7 7 420
60 7 8 403
60 7 9 434
60 7 10 437
60 8 3 407
60 8 4 468
60 8 5 419
60 8 6 451
60 8 7 438
60 8 8 449
60 8 9 447
60 8 10 459
60 9 3 436
60 9 4 441
60 9 5 431
60 9 6 399
60 9 7 451
60 9 8 445
60 9 9 413
60 9 10 414
80 0 3 785
80 0 4 804
80 0 5 804
80 0 6 771
80 0 7 788
80 0 8 783
80 0 9 799
80 0 10 785
80 1 3 775
80 1 4 774
80 1 5 761
80 1 6 777
80 1 7 801
80 1 8 776
80 1 9 790
80 1 10 760
80 2 3 758
80 2 4 795
80 2 5 703
80 2 6 784
80 2 7 755
80 2 8 764
80 2 9 774
80 2 10 739
80 3 3 774
80 3 4 711
80 3 5 799
80 3 6 798
80 3 7 806
80 3 8 796
80 3 9 725
80 3 10 762
80 4 3 763
80 4 4 768
80 4 5 769
80 4 6 816
80 4 7 744
80 4 8 818
80 4 9 695
80 4 10 790
80 5 3 775
80 5 4 740
80 5 5 821
80 5 6 682
80 5 7 806
80 5 8 776
80 5 9 808
80 5 10 736
80 6 3 744
80 6 4 822
80 6 5 782
80 6 6 798
80 6 7 778
80 6 8 716
80 6 9 772
80 6 10 785
80 7 3 812
80 7 4 767
80 7 5 790
80 7 6 806
80 7 7 796
80 7 8 786
80 7 9 808
80 7 10 784
80 8 3 754
80 8 4 801
80 8 5 771
80 8 6 765
80 8 7 772
80 8 8 766
80 8 9 799
80 8 10 806
80 9 3 767
80 9 4 774
80 9 5 791
80 9 6 735
80 9 7 727
80 9 8 776
80 9 9 781
80 9 10 797
100 0 3 1205
100 0 4 1231
100 0 5 1214
100 0 6 1251
100 0 7 1119
100 0 8 1158
100 0 9 1222
100 0 10 1259
100 1 3 1287
100 1 4 1229
100 1 5 1235
100 1 6 1229
100 1 7 1225
100 1 8 1228
100 1 9 1260
100 1 10 1238
100 2 3 1145
100 2 4 1066
100 2 5 1241
100 2 6 1228
100 2 7 1213
100 2 8 1229
100 2 9 1238
100 2 10 1265
100 3 3 1241
100 3 4 1255
100 3 5 1226
100 3 6 1216
100 3 7 1193
100 3 8 1163
100 3 9 1176
100 3 10 1218
100 4 3 1077
100 4 4 1238
100 4 5 1141
100 4 6 1156
100 4 7 1121
100 4 8 1239
100 4 9 1140
100 4 10 1213
100 5 3 1253
100 5 4 1179
100 5 5 1191
100 5 6 1241
100 5 7 1083
100 5 8 1226
100 5 9 1258
100 5 10 1228
100 6 3 1240
100 6 4 1249
100 6 5 1256
100 6 6 1224
100 6 7 1250
100 6 8 1227
100 6 9 1210
100 6 10 1233
100 7 3 1256
100 7 4 1249
100 7 5 1231
100 7 6 1182
100 7 7 1280
100 7 8 1221
100 7 9 1234
100 7 10 1236
100 8 3 1191
100 8 4 1243
100 8 5 1163
100 8 6 1239
100 8 7 1175
100 8 8 1161
100 8 9 1242
100 8 10 1220
100 9 3 1235
100 9 4 1184
100 9 5 1252
100 9 6 1251
100 9 7 1245
100 9 8 1111
100 9 9 1259
100 9 10 1235
