60 0 0 423
60 0 1 431
60 0 2 446
60 1 0 447
60 1 1 436
60 1 2 424
60 2 0 432
60 2 1 454
60 2 2 460
60 3 0 432
60 3 1 444
60 3 2 448
60 4 0 457
60 4 1 453
60 4 2 467
60 5 0 446
60 5 1 431
60 5 2 403
60 6 0 435
60 6 1 439
60 6 2 442
60 7 0 429
60 7 1 439
60 7 2 462
60 8 0 419
60 8 1 440
60 8 2 439
60 9 0 413
60 9 1 430
60 9 2 436
80 0 0 791
80 0 1 797
80 0 2 768
80 1 0 709
80 1 1 809
80 1 2 808
80 2 0 776
80 2 1 766
80 2 2 795
80 3 0 800
80 3 1 808
80 3 2 792
80 4 0 777
80 4 1 810
80 4 2 798
80 5 0 798
80 5 1 803
80 5 2 703
80 6 0 827
80 6 1 715
80 6 2 823
80 7 0 769
80 7 1 753
80 7 2 798
80 8 0 782
80 8 1 760
80 8 2 792
80 9 0 798
80 9 1 776
80 9 2 773
100 0 0 1085
100 0 1 1259
100 0 2 1186
100 1 0 1193
100 1 1 1251
100 1 2 1241
100 2 0 1266
100 2 1 1251
100 2 2 1269
100 3 0 1243
100 3 1 1233
100 3 2 1244
100 4 0 1230
100 4 1 1224
100 4 2 1089
100 5 0 1241
100 5 1 1141
100 5 2 1250
100 6 0 1166
100 6 1 1238
100 6 2 1264
100 7 0 1181
100 7 1 1156
100 7 2 1259
100 8 0 1238
100 8 1 1225
100 8 2 1246
100 9 0 1257
100 9 1 1224
100 9 2 1248
60 0 3 450
60 0 4 440
60 0 5 429
60 0 6 455
60 0 7 401
60 0 8 435
60 0 9 434
60 0 10 431
60 1 3 450
60 1 4 463
60 1 5 453
60 1 6 448
60 1 7 406
60 1 8 429
60 1 9 428
60 1 10 448
60 2 3 460
60 2 4 441
60 2 5 413
60 2 6 444
60 2 7 429
60 2 8 441
60 2 9 442
60 2 10 430
60 3 3 447
60 3 4 431
60 3 5 416
60 3 6 444
60 3 7 449
60 3 8 448
60 3 9 447
60 3 10 459
60 4 3 430
60 4 4 437
60 4 5 378
60 4 6 448
60 4 7 432
60 4 8 450
60 4 9 438
60 4 10 425
60 5 3 435
60 5 4 428
60 5 5 431
60 5 6 451
60 5 7 427
60 5 8 457
60 5 9 408
60 5 10 444
60 6 3 444
60 6 4 444
60 6 5 427
60 6 6 434
60 6 7 438
60 6 8 442
60 6 9 432
60 6 10 427
60 7 3 449
60 7 4 451
60 7 5 444
60 7 6 456
60 7 7 437
60 7 8 428
60 7 9 417
60 7 10 443
60 8 3 415
60 8 4 469
60 8 5 457
60 8 6 433
60 8 7 448
60 8 8 438
60 8 9 459
60 8 10 439
60 9 3 442
60 9 4 447
60 9 5 433
60 9 6 402
60 9 7 450
60 9 8 438
60 9 9 436
60 9 10 408
80 0 3 779
80 0 4 812
80 0 5 795
80 0 6 734
80 0 7 772
80 0 8 812
80 0 9 774
80 0 10 804
80 1 3 784
80 1 4 797
80 1 5 795
80 1 6 714
80 1 7 770
80 1 8 782
80 1 9 804
80 1 10 783
80 2 3 802
80 2 4 800
80 2 5 808
80 2 6 792
80 2 7 818
80 2 8 827
80 2 9 803
80 2 10 769
80 3 3 756
80 3 4 776
80 3 5 787
80 3 6 801
80 3 7 790
80 3 8 745
80 3 9 833
80 3 10 758
80 4 3 784
80 4 4 789
80 4 5 787
80 4 6 662
80 4 7 741
80 4 8 808
80 4 9 785
80 4 10 768
80 5 3 818
80 5 4 796
80 5 5 779
80 5 6 808
80 5 7 765
80 5 8 812
80 5 9 806
80 5 10 764
80 6 3 795
80 6 4 798
80 6 5 765
80 6 6 821
80 6 7 813
80 6 8 778
80 6 9 771
80 6 10 787
80 7 3 794
80 7 4 771
80 7 5 807
80 7 6 762
80 7 7 781
80 7 8 786
80 7 9 778
80 7 10 779
80 8 3 640
80 8 4 753
80 8 5 798
80 8 6 803
80 8 7 762
80 8 8 775
80 8 9 779
80 8 10 795
80 9 3 815
80 9 4 769
80 9 5 759
80 9 6 778
80 9 7 787
80 9 8 814
80 9 9 754
80 9 10 774
100 0 3 1231
100 0 4 1253
100 0 5 1210
100 0 6 1242
100 0 7 1239
100 0 8 1233
100 0 9 1250
100 0 10 1268
100 1 3 1254
100 1 4 1239
100 1 5 1249
100 1 6 1255
100 1 7 1202
100 1 8 1149
100 1 9 1210
100 1 10 1210
100 2 3 1237
100 2 4 1260
100 2 5 1231
100 2 6 1230
100 2 7 1242
100 2 8 1155
100 2 9 1247
100 2 10 1253
100 3 3 1240
100 3 4 1121
100 3 5 1214
100 3 6 1247
100 3 7 1250
100 3 8 1269
100 3 9 1233
100 3 10 1209
100 4 3 1227
100 4 4 1227
100 4 5 1246
100 4 6 1255
100 4 7 1178
100 4 8 1157
100 4 9 1220
100 4 10 1255
100 5 3 1244
100 5 4 1276
100 5 5 1235
100 5 6 1212
100 5 7 1225
100 5 8 1235
100 5 9 1240
100 5 10 1183
100 6 3 1252
100 6 4 1221
100 6 5 1230
100 6 6 1231
100 6 7 1222
100 6 8 1295
100 6 9 1258
100 6 10 1198
100 7 3 1139
100 7 4 1231
100 7 5 1256
100 7 6 1230
100 7 7 1199
100 7 8 1256
100 7 9 1246
100 7 10 1239
100 8 3 1216
100 8 4 1239
100 8 5 1171
100 8 6 1250
100 8 7 1250
100 8 8 1215
100 8 9 1225
100 8 10 1145
100 9 3 1025
100 9 4 1224
100 9 5 1251
100 9 6 1246
100 9 7 1198
100 9 8 1243
100 9 9 1239
100 9 10 1171
