60 0 0 412
60 0 1 449
60 0 2 444
60 1 0 449
60 1 1 452
60 1 2 435
60 2 0 442
60 2 1 452
60 2 2 396
60 3 0 449
60 3 1 397
60 3 2 443
60 4 0 450
60 4 1 439
60 4 2 389
60 5 0 427
60 5 1 404
60 5 2 396
60 6 0 446
60 6 1 429
60 6 2 423
60 7 0 426
60 7 1 439
60 7 2 396
60 8 0 433
60 8 1 416
60 8 2 445
60 9 0 430
60 9 1 450
60 9 2 445
80 0 0 821
80 0 1 793
80 0 2 795
80 1 0 771
80 1 1 795
80 1 2 795
80 2 0 765
80 2 1 797
80 2 2 785
80 3 0 804
80 3 1 803
80 3 2 791
80 4 0 801
80 4 1 736
80 4 2 762
80 5 0 782
80 5 1 792
80 5 2 788
80 6 0 785
80 6 1 730
80 6 2 807
80 7 0 791
80 7 1 782
80 7 2 786
80 8 0 805
80 8 1 784
80 8 2 771
80 9 0 788
80 9 1 788
80 9 2 802
100 0 0 1243
100 0 1 1214
100 0 2 1255
100 1 0 1242
100 1 1 1244
100 1 2 1235
100 2 0 1175
100 2 1 1205
100 2 2 1216
100 3 0 1218
100 3 1 1236
100 3 2 1171
100 4 0 1217
100 4 1 1212
100 4 2 1237
100 5 0 1168
100 5 1 1229
100 5 2 1233
100 6 0 1247
100 6 1 1227
100 6 2 1249
100 7 0 1214
100 7 1 1253
100 7 2 1234
100 8 0 1261
100 8 1 1176
100 8 2 1211
100 9 0 1228
100 9 1 1205
100 9 2 1261
60 0 3 440
60 0 4 387
60 0 5 458
60 0 6 443
60 0 7 452
60 0 8 428
60 0 9 440
60 0 10 449
60 1 3 454
60 1 4 429
60 1 5 459
60 1 6 432
60 1 7 438
60 1 8 430
60 1 9 431
60 1 10 449
60 2 3 450
60 2 4 427
60 2 5 424
60 2 6 431
60 2 7 418
60 2 8 450
60 2 9 437
60 2 10 430
60 3 3 425
60 3 4 431
60 3 5 440
60 3 6 417
60 3 7 455
60 3 8 435
60 3 9 451
60 3 10 444
60 4 3 418
60 4 4 434
60 4 5 451
60 4 6 454
60 4 7 420
60 4 8 451
60 4 9 456
60 4 10 444
60 5 3 450
60 5 4 442
60 5 5 441
60 5 6 453
60 5 7 442
60 5 8 411
60 5 9 406
60 5 10 438
60 6 3 420
60 6 4 375
60 6 5 435
60 6 6 378
60 6 7 380
60 6 8 446
60 6 9 424
60 6 10 397
60 7 3 414
60 7 4 394
60 7 5 436
60 7 6 450
60 7 7 450
60 7 8 437
60 7 9 391
60 7 10 436
60 8 3 424
60 8 4 467
60 8 5 417
60 8 6 376
60 8 7 389
60 8 8 407
60 8 9 442
60 8 10 441
60 9 3 407
60 9 4 422
60 9 5 418
60 9 6 425
60 9 7 415
60 9 8 428
60 9 9 424
60 9 10 420
80 0 3 827
80 0 4 746
80 0 5 717
80 0 6 723
80 0 7 758
80 0 8 788
80 0 9 726
80 0 10 780
80 1 3 739
80 1 4 807
80 1 5 789
80 1 6 810
80 1 7 805
80 1 8 807
80 1 9 801
80 1 10 801
80 2 3 784
80 2 4 806
80 2 5 768
80 2 6 760
80 2 7 766
80 2 8 799
80 2 9 811
80 2 10 761
80 3 3 802
80 3 4 764
80 3 5 690
80 3 6 806
80 3 7 780
80 3 8 800
80 3 9 759
80 3 10 734
80 4 3 764
80 4 4 784
80 4 5 786
80 4 6 778
80 4 7 792
80 4 8 760
80 4 9 796
80 4 10 787
80 5 3 781
80 5 4 747
80 5 5 783
80 5 6 774
80 5 7 746
80 5 8 803
80 5 9 776
80 5 10 791
80 6 3 759
80 6 4 800
80 6 5 712
80 6 6 764
80 6 7 753
80 6 8 788
80 6 9 713
80 6 10 728
80 7 3 780
80 7 4 777
80 7 5 800
80 7 6 799
80 7 7 788
80 7 8 792
80 7 9 763
80 7 10 797
80 8 3 797
80 8 4 796
80 8 5 806
80 8 6 777
80 8 7 786
80 8 8 811
80 8 9 766
80 8 10 795
80 9 3 764
80 9 4 794
80 9 5 798
80 9 6 771
80 9 7 792
80 9 8 764
80 9 9 798
80 9 10 666
100 0 3 1249
100 0 4 1165
100 0 5 1238
100 0 6 1237
100 0 7 1209
100 0 8 1247
100 0 9 1148
100 0 10 1258
100 1 3 1222
100 1 4 1234
100 1 5 1246
100 1 6 1215
100 1 7 1280
100 1 8 1248
100 1 9 1202
100 1 10 1202
100 2 3 1218
100 2 4 1255
100 2 5 1052
100 2 6 1216
100 2 7 1231
100 2 8 1199
100 2 9 1245
100 2 10 1217
100 3 3 1232
100 3 4 1256
100 3 5 1226
100 3 6 1234
100 3 7 1249
100 3 8 1199
100 3 9 1180
100 3 10 1251
100 4 3 1183
100 4 4 1230
100 4 5 1215
100 4 6 1215
100 4 7 1228
100 4 8 1238
100 4 9 1223
100 4 10 1241
100 5 3 1265
100 5 4 1236
100 5 5 1254
100 5 6 1185
100 5 7 1277
100 5 8 1262
100 5 9 1041
100 5 10 1171
100 6 3 1194
100 6 4 1207
100 6 5 1178
100 6 6 1268
100 6 7 1261
100 6 8 1213
100 6 9 1267
100 6 10 1240
100 7 3 1219
100 7 4 1243
100 7 5 1215
100 7 6 1239
100 7 7 1245
100 7 8 1262
100 7 9 1243
100 7 10 1116
100 8 3 1216
100 8 4 1127
100 8 5 1162
100 8 6 1249
100 8 7 1259
100 8 8 1246
100 8 9 1248
100 8 10 1226
100 9 3 1197
100 9 4 1226
100 9 5 1232
100 9 6 1171
100 9 7 1187
100 9 8 1232
100 9 9 1239
100 9 10 1234
