60 0 0 439
60 0 1 451
60 0 2 441
60 1 0 419
60 1 1 420
60 1 2 409
60 2 0 441
60 2 1 416
60 2 2 432
60 3 0 460
60 3 1 434
60 3 2 450
60 4 0 452
60 4 1 422
60 4 2 439
60 5 0 455
60 5 1 444
60 5 2 368
60 6 0 445
60 6 1 438
60 6 2 460
60 7 0 386
60 7 1 435
60 7 2 454
60 8 0 430
60 8 1 421
60 8 2 445
60 9 0 450
60 9 1 460
60 9 2 451
80 0 0 782
80 0 1 825
80 0 2 798
80 1 0 759
80 1 1 767
80 1 2 813
80 2 0 788
80 2 1 787
80 2 2 769
80 3 0 802
80 3 1 753
80 3 2 747
80 4 0 782
80 4 1 790
80 4 2 811
80 5 0 766
80 5 1 786
80 5 2 800
80 6 0 789
80 6 1 768
80 6 2 790
80 7 0 766
80 7 1 773
80 7 2 712
80 8 0 797
80 8 1 782
80 8 2 752
80 9 0 759
80 9 1 795
80 9 2 758
100 0 0 1232
100 0 1 1247
100 0 2 1253
100 1 0 1216
100 1 1 1276
100 1 2 1209
100 2 0 1244
100 2 1 1090
100 2 2 1241
100 3 0 1229
100 3 1 1266
100 3 2 1175
100 4 0 1189
100 4 1 1214
100 4 2 1261
100 5 0 1263
100 5 1 1224
100 5 2 1184
100 6 0 1235
100 6 1 1239
100 6 2 1181
100 7 0 1224
100 7 1 1282
100 7 2 1191
100 8 0 1244
100 8 1 1231
100 8 2 1214
100 9 0 1255
100 9 1 1209
100 9 2 1223
60 0 3 421
60 0 4 449
60 0 5 441
60 0 6 447
60 0 7 463
60 0 8 402
60 0 9 437
60 0 10 442
60 1 3 383
60 1 4 452
60 1 5 341
60 1 6 432
60 1 7 424
60 1 8 451
60 1 9 434
60 1 10 442
60 2 3 449
60 2 4 455
60 2 5 453
60 2 6 405
60 2 7 452
60 2 8 436
60 2 9 453
60 2 10 456
60 3 3 435
60 3 4 431
60 3 5 443
60 3 6 434
60 3 7 453
60 3 8 453
60 3 9 462
60 3 10 446
60 4 3 437
60 4 4 464
60 4 5 435
60 4 6 453
60 4 7 454
60 4 8 453
60 4 9 436
60 4 10 437
60 5 3 429
60 5 4 452
60 5 5 453
60 5 6 444
60 5 7 404
60 5 8 425
60 5 9 421
60 5 10 430
60 6 3 457
60 6 4 455
60 6 5 453
60 6 6 449
60 6 7 424
60 6 8 438
60 6 9 442
60 6 10 418
60 7 3 451
60 7 4 431
60 7 5 445
60 7 6 440
60 7 7 429
60 7 8 452
60 7 9 445
60 7 10 428
60 8 3 431
60 8 4 420
60 8 5 434
60 8 6 430
60 8 7 435
60 8 8 441
60 8 9 439
60 8 10 429
60 9 3 439
60 9 4 450
60 9 5 424
60 9 6 421
60 9 7 437
60 9 8 417
60 9 9 436
60 9 10 460
80 0 3 800
80 0 4 798
80 0 5 766
80 0 6 771
80 0 7 760
80 0 8 788
80 0 9 764
80 0 10 786
80 1 3 779
80 1 4 772
80 1 5 803
80 1 6 779
80 1 7 805
80 1 8 777
80 1 9 772
80 1 10 796
80 2 3 805
80 2 4 802
80 2 5 797
80 2 6 802
80 2 7 790
80 2 8 723
80 2 9 790
80 2 10 805
80 3 3 815
80 3 4 734
80 3 5 747
80 3 6 765
80 3 7 778
80 3 8 761
80 3 9 782
80 3 10 759
80 4 3 754
80 4 4 787
80 4 5 771
80 4 6 785
80 4 7 772
80 4 8 788
80 4 9 797
80 4 10 785
80 5 3 766
80 5 4 750
80 5 5 772
80 5 6 772
80 5 7 786
80 5 8 788
80 5 9 750
80 5 10 790
80 6 3 774
80 6 4 743
80 6 5 768
80 6 6 782
80 6 7 767
80 6 8 809
80 6 9 778
80 6 10 790
80 7 3 778
80 7 4 810
80 7 5 804
80 7 6 746
80 7 7 803
80 7 8 794
80 7 9 731
80 7 10 788
80 8 3 794
80 8 4 781
80 8 5 768
80 8 6 797
80 8 7 709
80 8 8 758
80 8 9 752
80 8 10 792
80 9 3 809
80 9 4 812
80 9 5 736
80 9 6 775
80 9 7 724
80 9 8 766
80 9 9 792
80 9 10 765
100 0 3 1220
100 0 4 1248
100 0 5 1237
100 0 6 1222
100 0 7 1236
100 0 8 1252
100 0 9 1200
100 0 10 1189
100 1 3 1217
100 1 4 1273
100 1 5 1256
100 1 6 1233
100 1 7 1246
100 1 8 1265
100 1 9 1244
100 1 10 1212
100 2 3 1219
100 2 4 1239
100 2 5 1248
100 2 6 1256
100 2 7 1236
100 2 8 1185
100 2 9 1169
100 2 10 1234
100 3 3 1242
100 3 4 1204
100 3 5 1259
100 3 6 1215
100 3 7 1137
100 3 8 1235
100 3 9 1204
100 3 10 1228
100 4 3 1269
100 4 4 1232
100 4 5 1250
100 4 6 1252
100 4 7 1218
100 4 8 1240
100 4 9 1230
100 4 10 1228
100 5 3 1251
100 5 4 1193
100 5 5 1241
100 5 6 1222
100 5 7 1189
100 5 8 1220
100 5 9 1231
100 5 10 1238
100 6 3 1236
100 6 4 1228
100 6 5 1195
100 6 6 1243
100 6 7 1233
100 6 8 1232
100 6 9 1253
100 6 10 1275
100 7 3 1220
100 7 4 1230
100 7 5 1239
100 7 6 1233
100 7 7 1243
100 7 8 1191
100 7 9 1250
100 7 10 1158
100 8 3 1226
100 8 4 1231
100 8 5 1238
100 8 6 1214
100 8 7 1248
100 8 8 1204
100 8 9 1239
100 8 10 1227
100 9 3 1222
100 9 4 1145
100 9 5 1213
100 9 6 1157
100 9 7 1205
100 9 8 1253
100 9 9 1212
100 9 10 1217
