60 0 0 412
60 0 1 453
60 0 2 403
60 1 0 440
60 1 1 447
60 1 2 352
60 2 0 444
60 2 1 435
60 2 2 446
60 3 0 335
60 3 1 432
60 3 2 446
60 4 0 461
60 4 1 382
60 4 2 405
60 5 0 426
60 5 1 430
60 5 2 402
60 6 0 413
60 6 1 348
60 6 2 452
60 7 0 453
60 7 1 443
60 7 2 454
60 8 0 429
60 8 1 440
60 8 2 360
60 9 0 461
60 9 1 449
60 9 2 445
80 0 0 798
80 0 1 804
80 0 2 784
80 1 0 798
80 1 1 790
80 1 2 812
80 2 0 766
80 2 1 793
80 2 2 791
80 3 0 735
80 3 1 792
80 3 2 784
80 4 0 788
80 4 1 658
80 4 2 817
80 5 0 770
80 5 1 782
80 5 2 765
80 6 0 765
80 6 1 784
80 6 2 802
80 7 0 788
80 7 1 772
80 7 2 794
80 8 0 749
80 8 1 788
80 8 2 702
80 9 0 796
80 9 1 757
80 9 2 764
100 0 0 1239
100 0 1 1250
100 0 2 1208
100 1 0 1264
100 1 1 1225
100 1 2 1235
100 2 0 1185
100 2 1 1244
100 2 2 1263
100 3 0 1243
100 3 1 1238
100 3 2 1250
100 4 0 1235
100 4 1 1224
100 4 2 1266
100 5 0 1155
100 5 1 1228
100 5 2 1230
100 6 0 1249
100 6 1 1230
100 6 2 1216
100 7 0 1147
100 7 1 1254
100 7 2 1249
100 8 0 1230
100 8 1 1235
100 8 2 1234
100 9 0 1183
100 9 1 1262
100 9 2 1270
60 0 3 424
60 0 4 439
60 0 5 444
60 0 6 401
60 0 7 453
60 0 8 414
60 0 9 445
60 0 10 435
60 1 3 441
60 1 4 428
60 1 5 418
60 1 6 465
60 1 7 455
60 1 8 446
60 1 9 452
60 1 10 446
60 2 3 443
60 2 4 422
60 2 5 436
60 2 6 431
60 2 7 448
60 2 8 432
60 2 9 467
60 2 10 427
60 3 3 453
60 3 4 406
60 3 5 441
60 3 6 454
60 3 7 432
60 3 8 436
60 3 9 383
60 3 10 381
60 4 3 442
60 4 4 457
60 4 5 450
60 4 6 437
60 4 7 437
60 4 8 433
60 4 9 425
60 4 10 430
60 5 3 439
60 5 4 369
60 5 5 452
60 5 6 436
60 5 7 446
60 5 8 455
60 5 9 427
60 5 10 453
60 6 3 422
60 6 4 444
60 6 5 430
60 6 6 441
60 6 7 435
60 6 8 459
60 6 9 448
60 6 10 433
60 7 3 437
60 7 4 438
60 7 5 471
60 7 6 460
60 7 7 466
60 7 8 415
60 7 9 413
60 7 10 435
60 8 3 437
60 8 4 440
60 8 5 454
60 8 6 448
60 8 7 451
60 8 8 423
60 8 9 427
60 8 10 468
60 9 3 453
60 9 4 442
60 9 5 457
60 9 6 429
60 9 7 460
60 9 8 458
60 9 9 447
60 9 10 461
80 0 3 784
80 0 4 794
80 0 5 799
80 0 6 791
80 0 7 719
80 0 8 738
80 0 9 807
80 0 10 773
80 1 3 771
80 1 4 777
80 1 5 801
80 1 6 784
80 1 7 767
80 1 8 799
80 1 9 807
80 1 10 804
80 2 3 774
80 2 4 782
80 2 5 767
80 2 6 749
80 2 7 786
80 2 8 772
80 2 9 793
80 2 10 773
80 3 3 760
80 3 4 766
80 3 5 753
80 3 6 767
80 3 7 784
80 3 8 799
80 3 9 808
80 3 10 766
80 4 3 768
80 4 4 748
80 4 5 794
80 4 6 791
80 4 7 799
80 4 8 778
80 4 9 801
80 4 10 796
80 5 3 754
80 5 4 802
80 5 5 780
80 5 6 798
80 5 7 738
80 5 8 793
80 5 9 769
80 5 10 704
80 6 3 808
80 6 4 760
80 6 5 714
80 6 6 830
80 6 7 778
80 6 8 789
80 6 9 785
80 6 10 771
80 7 3 799
80 7 4 818
80 7 5 710
80 7 6 775
80 7 7 786
80 7 8 786
80 7 9 763
80 7 10 787
80 8 3 776
80 8 4 789
80 8 5 773
80 8 6 802
80 8 7 775
80 8 8 803
80 8 9 778
80 8 10 779
80 9 3 780
80 9 4 707
80 9 5 802
80 9 6 761
80 9 7 783
80 9 8 807
80 9 9 756
80 9 10 747
100 0 3 1237
100 0 4 1241
100 0 5 1202
100 0 6 1245
100 0 7 1233
100 0 8 1225
100 0 9 1226
100 0 10 1206
100 1 3 1205
100 1 4 1126
100 1 5 1271
100 1 6 1205
100 1 7 1231
100 1 8 1259
100 1 9 1238
100 1 10 1237
100 2 3 1217
100 2 4 1257
100 2 5 1248
100 2 6 1230
100 2 7 1246
100 2 8 1201
100 2 9 1242
100 2 10 1177
100 3 3 1233
100 3 4 1250
100 3 5 1212
100 3 6 1168
100 3 7 1256
100 3 8 1225
100 3 9 1221
100 3 10 1203
100 4 3 1228
100 4 4 1228
100 4 5 1264
100 4 6 1189
100 4 7 1255
100 4 8 1223
100 4 9 1258
100 4 10 1222
100 5 3 1183
100 5 4 1250
100 5 5 1201
100 5 6 1255
100 5 7 1236
100 5 8 1216
100 5 9 1211
100 5 10 1226
100 6 3 1250
100 6 4 1222
100 6 5 1261
100 6 6 1208
100 6 7 1211
100 6 8 1245
100 6 9 1227
100 6 10 1228
100 7 3 1223
100 7 4 1258
100 7 5 1242
100 7 6 1211
100 7 7 1269
100 7 8 1207
100 7 9 1228
100 7 10 1235
100 8 3 1226
100 8 4 1244
100 8 5 1243
100 8 6 1184
100 8 7 1222
100 8 8 1251
100 8 9 1193
100 8 10 1221
100 9 3 1245
100 9 4 1266
100 9 5 1219
100 9 6 1234
100 9 7 1245
100 9 8 1206
100 9 9 1105
100 9 10 1148
