60 0 0 427
60 0 1 440
60 0 2 419
60 1 0 426
60 1 1 435
60 1 2 437
60 2 0 450
60 2 1 443
60 2 2 448
60 3 0 415
60 3 1 418
60 3 2 447
60 4 0 439
60 4 1 396
60 4 2 414
60 5 0 426
60 5 1 433
60 5 2 461
60 6 0 421
60 6 1 443
60 6 2 443
60 7 0 456
60 7 1 412
60 7 2 427
60 8 0 453
60 8 1 426
60 8 2 453
60 9 0 437
60 9 1 458
60 9 2 445
80 0 0 811
80 0 1 778
80 0 2 771
80 1 0 787
80 1 1 702
80 1 2 787
80 2 0 787
80 2 1 775
80 2 2 811
80 3 0 756
80 3 1 767
80 3 2 789
80 4 0 808
80 4 1 809
80 4 2 823
80 5 0 778
80 5 1 774
80 5 2 728
80 6 0 768
80 6 1 765
80 6 2 716
80 7 0 772
80 7 1 803
80 7 2 799
80 8 0 743
80 8 1 791
80 8 2 714
80 9 0 801
80 9 1 784
80 9 2 795
100 0 0 1237
100 0 1 1229
100 0 2 1225
100 1 0 1217
100 1 1 1244
100 1 2 1216
100 2 0 1225
100 2 1 1216
100 2 2 1243
100 3 0 1229
100 3 1 1241
100 3 2 1249
100 4 0 1177
100 4 1 1245
100 4 2 1242
100 5 0 1218
100 5 1 1209
100 5 2 1170
100 6 0 1219
100 6 1 1217
100 6 2 1221
100 7 0 1266
100 7 1 1267
100 7 2 1234
100 8 0 1248
100 8 1 1238
100 8 2 1178
100 9 0 1187
100 9 1 1238
100 9 2 1221
60 0 3 450
60 0 4 414
60 0 5 445
60 0 6 448
60 0 7 391
60 0 8 393
60 0 9 440
60 0 10 446
60 1 3 453
60 1 4 450
60 1 5 455
60 1 6 430
60 1 7 395
60 1 8 464
60 1 9 441
60 1 10 478
60 2 3 441
60 2 4 401
60 2 5 422
60 2 6 414
60 2 7 453
60 2 8 435
60 2 9 386
60 2 10 385
60 3 3 441
60 3 4 434
60 3 5 433
60 3 6 428
60 3 7 425
60 3 8 417
60 3 9 419
60 3 10 445
60 4 3 394
60 4 4 461
60 4 5 458
60 4 6 446
60 4 7 434
60 4 8 374
60 4 9 335
60 4 10 444
60 5 3 445
60 5 4 403
60 5 5 439
60 5 6 432
60 5 7 452
60 5 8 448
60 5 9 383
60 5 10 438
60 6 3 422
60 6 4 448
60 6 5 437
60 6 6 437
60 6 7 435
60 6 8 435
60 6 9 442
60 6 10 441
60 7 3 424
60 7 4 443
60 7 5 441
60 7 6 449
60 7 7 434
60 7 8 453
60 7 9 459
60 7 10 430
60 8 3 412
60 8 4 436
60 8 5 398
60 8 6 445
60 8 7 430
60 8 8 428
60 8 9 443
60 8 10 427
60 9 3 445
60 9 4 446
60 9 5 407
60 9 6 476
60 9 7 418
60 9 8 422
60 9 9 432
60 9 10 437
80 0 3 779
80 0 4 785
80 0 5 777
80 0 6 802
80 0 7 771
80 0 8 783
80 0 9 782
80 0 10 763
80 1 3 781
80 1 4 800
80 1 5 791
80 1 6 732
80 1 7 794
80 1 8 802
80 1 9 792
80 1 10 683
80 2 3 752
80 2 4 771
80 2 5 790
80 2 6 779
80 2 7 762
80 2 8 798
80 2 9 798
80 2 10 720
80 3 3 798
80 3 4 785
80 3 5 772
80 3 6 814
80 3 7 800
80 3 8 801
80 3 9 798
80 3 10 810
80 4 3 790
80 4 4 780
80 4 5 784
80 4 6 786
80 4 7 793
80 4 8 792
80 4 9 826
80 4 10 774
80 5 3 726
80 5 4 787
80 5 5 784
80 5 6 792
80 5 7 771
80 5 8 808
80 5 9 780
80 5 10 771
80 6 3 746
80 6 4 802
80 6 5 776
80 6 6 754
80 6 7 757
80 6 8 752
80 6 9 785
80 6 10 766
80 7 3 810
80 7 4 765
80 7 5 719
80 7 6 786
80 7 7 752
80 7 8 748
80 7 9 802
80 7 10 772
80 8 3 761
80 8 4 780
80 8 5 773
80 8 6 796
80 8 7 797
80 8 8 784
80 8 9 791
80 8 10 788
80 9 3 815
80 9 4 782
80 9 5 802
80 9 6 743
80 9 7 798
80 9 8 750
80 9 9 723
80 9 10 764
100 0 3 1215
100 0 4 1234
100 0 5 1214
100 0 6 1243
100 0 7 1214
100 0 8 1239
100 0 9 1203
100 0 10 1250
100 1 3 1216
100 1 4 1259
100 1 5 1222
100 1 6 1256
100 1 7 1253
100 1 8 1218
100 1 9 1145
100 1 10 1232
100 2 3 1216
100 2 4 1270
100 2 5 1230
100 2 6 1249
100 2 7 1184
100 2 8 1225
100 2 9 1250
100 2 10 1254
100 3 3 1239
100 3 4 1245
100 3 5 1206
100 3 6 1233
100 3 7 1242
100 3 8 1228
100 3 9 1255
100 3 10 1244
100 4 3 1204
100 4 4 1221
100 4 5 1177
100 4 6 1168
100 4 7 1147
100 4 8 1209
100 4 9 1207
100 4 10 1195
100 5 3 1227
100 5 4 1188
100 5 5 1116
100 5 6 1238
100 5 7 1237
100 5 8 1159
100 5 9 1272
100 5 10 1210
100 6 3 1278
100 6 4 1235
100 6 5 1224
100 6 6 1180
100 6 7 1236
100 6 8 1150
100 6 9 1196
100 6 10 1233
100 7 3 1230
100 7 4 1215
100 7 5 1214
100 7 6 1199
100 7 7 1217
100 7 8 1051
100 7 9 1197
100 7 10 1223
100 8 3 1218
100 8 4 1256
100 8 5 1202
100 8 6 1225
100 8 7 1217
100 8 8 1143
100 8 9 1215
100 8 10 1218
100 9 3 1216
100 9 4 1190
100 9 5 1243
100 9 6 1236
100 9 7 1051
100 9 8 1235
100 9 9 1205
100 9 10 1170
