60 0 0 393
60 0 1 428
60 0 2 427
60 1 0 447
60 1 1 459
60 1 2 351
60 2 0 373
60 2 1 442
60 2 2 443
60 3 0 452
60 3 1 446
60 3 2 456
60 4 0 462
60 4 1 392
60 4 2 431
60 5 0 428
60 5 1 431
60 5 2 451
60 6 0 450
60 6 1 422
60 6 2 421
60 7 0 442
60 7 1 448
60 7 2 455
60 8 0 395
60 8 1 445
60 8 2 405
60 9 0 382
60 9 1 383
60 9 2 435
80 0 0 744
80 0 1 753
80 0 2 690
80 1 0 757
80 1 1 751
80 1 2 798
80 2 0 793
80 2 1 724
80 2 2 748
80 3 0 750
80 3 1 778
80 3 2 716
80 4 0 785
80 4 1 714
80 4 2 758
80 5 0 798
80 5 1 724
80 5 2 792
80 6 0 765
80 6 1 756
80 6 2 760
80 7 0 783
80 7 1 759
80 7 2 755
80 8 0 790
80 8 1 777
80 8 2 791
80 9 0 813
80 9 1 812
80 9 2 710
100 0 0 1262
100 0 1 1208
100 0 2 1222
100 1 0 1237
100 1 1 1244
100 1 2 1200
100 2 0 1229
100 2 1 1260
100 2 2 1235
100 3 0 1175
100 3 1 1237
100 3 2 1195
100 4 0 1222
100 4 1 1243
100 4 2 1236
100 5 0 1256
100 5 1 1233
100 5 2 1265
100 6 0 1181
100 6 1 1196
100 6 2 1177
100 7 0 1108
100 7 1 1212
100 7 2 1220
100 8 0 1208
100 8 1 1254
100 8 2 1163
100 9 0 1124
100 9 1 1147
100 9 2 1204
60 0 3 458
60 0 4 427
60 0 5 437
60 0 6 447
60 0 7 444
60 0 8 438
60 0 9 445
60 0 10 320
60 1 3 431
60 1 4 444
60 1 5 450
60 1 6 417
60 1 7 432
60 1 8 430
60 1 9 423
60 1 10 456
60 2 3 444
60 2 4 421
60 2 5 438
60 2 6 411
60 2 7 435
60 2 8 341
60 2 9 442
60 2 10 451
60 3 3 421
60 3 4 434
60 3 5 448
60 3 6 462
60 3 7 429
60 3 8 437
60 3 9 447
60 3 10 447
60 4 3 444
60 4 4 447
60 4 5 428
60 4 6 389
60 4 7 462
60 4 8 389
60 4 9 444
60 4 10 428
60 5 3 417
60 5 4 430
60 5 5 439
60 5 6 453
60 5 7 433
60 5 8 435
60 5 9 440
60 5 10 427
60 6 3 456
60 6 4 436
60 6 5 427
60 6 6 431
60 6 7 433
60 6 8 441
60 6 9 457
60 6 10 433
60 7 3 420
60 7 4 428
60 7 5 408
60 7 6 307
60 7 7 451
60 7 8 446
60 7 9 436
60 7 10 397
60 8 3 457
60 8 4 438
60 8 5 427
60 8 6 440
60 8 7 428
60 8 8 413
60 8 9 464
60 8 10 422
60 9 3 444
60 9 4 441
60 9 5 405
60 9 6 436
60 9 7 456
60 9 8 433
60 9 9 437
60 9 10 419
80 0 3 781
80 0 4 753
80 0 5 756
80 0 6 757
80 0 7 795
80 0 8 787
80 0 9 737
80 0 10 732
80 1 3 799
80 1 4 793
80 1 5 778
80 1 6 755
80 1 7 809
80 1 8 793
80 1 9 780
80 1 10 746
80 2 3 791
80 2 4 776
80 2 5 800
80 2 6 798
80 2 7 770
80 2 8 702
80 2 9 757
80 2 10 796
80 3 3 790
80 3 4 773
80 3 5 774
80 3 6 799
80 3 7 670
80 3 8 797
80 3 9 747
80 3 10 792
80 4 3 685
80 4 4 664
80 4 5 742
80 4 6 685
80 4 7 778
80 4 8 784
80 4 9 789
80 4 10 763
80 5 3 741
80 5 4 797
80 5 5 775
80 5 6 771
80 5 7 775
80 5 8 789
80 5 9 774
80 5 10 796
80 6 3 786
80 6 4 799
80 6 5 745
80 6 6 731
80 6 7 769
80 6 8 760
80 6 9 773
80 6 10 815
80 7 3 749
80 7 4 795
80 7 5 784
80 7 6 775
80 7 7 804
80 7 8 705
80 7 9 791
80 7 10 799
80 8 3 790
80 8 4 804
80 8 5 746
80 8 6 768
80 8 7 797
80 8 8 772
80 8 9 778
80 8 10 754
80 9 3 775
80 9 4 768
80 9 5 782
80 9 6 736
80 9 7 762
80 9 8 752
80 9 9 825
80 9 10 707
100 0 3 1221
100 0 4 1271
100 0 5 1080
100 0 6 1215
100 0 7 1235
100 0 8 1189
100 0 9 1216
100 0 10 1275
100 1 3 1173
100 1 4 1213
100 1 5 1238
100 1 6 1140
100 1 7 1209
100 1 8 1108
100 1 9 1245
100 1 10 1162
100 2 3 1259
100 2 4 1207
100 2 5 1231
100 2 6 1212
100 2 7 1260
100 2 8 1185
100 2 9 1208
100 2 10 1211
100 3 3 1223
100 3 4 1228
100 3 5 1175
100 3 6 1255
100 3 7 1256
100 3 8 1115
100 3 9 1254
100 3 10 1205
100 4 3 1226
100 4 4 1227
100 4 5 1210
100 4 6 1230
100 4 7 1227
100 4 8 1219
100 4 9 1243
100 4 10 1243
100 5 3 1228
100 5 4 1193
100 5 5 1263
100 5 6 1245
100 5 7 1232
100 5 8 1189
100 5 9 1223
100 5 10 1258
100 6 3 1126
100 6 4 1208
100 6 5 1230
100 6 6 1250
100 6 7 1241
100 6 8 1192
100 6 9 1253
100 6 10 1248
100 7 3 1255
100 7 4 1216
100 7 5 1249
100 7 6 1253
100 7 7 1182
100 7 8 1245
100 7 9 1202
100 7 10 1176
100 8 3 1257
100 8 4 1163
100 8 5 1238
100 8 6 1207
100 8 7 1104
100 8 8 1238
100 8 9 1243
100 8 10 1215
100 9 3 1165
100 9 4 1220
100 9 5 1079
100 9 6 1206
100 9 7 1117
100 9 8 1250
100 9 9 1243
100 9 10 1259
