60 0 0 428
60 0 1 358
60 0 2 394
60 1 0 445
60 1 1 440
60 1 2 461
60 2 0 438
60 2 1 421
60 2 2 454
60 3 0 392
60 3 1 459
60 3 2 446
60 4 0 452
60 4 1 438
60 4 2 398
60 5 0 421
60 5 1 458
60 5 2 461
60 6 0 446
60 6 1 437
60 6 2 434
60 7 0 434
60 7 1 453
60 7 2 458
60 8 0 396
60 8 1 441
60 8 2 440
60 9 0 447
60 9 1 426
60 9 2 450
80 0 0 815
80 0 1 782
80 0 2 796
80 1 0 807
80 1 1 818
80 1 2 759
80 2 0 787
80 2 1 787
80 2 2 786
80 3 0 814
80 3 1 755
80 3 2 796
80 4 0 797
80 4 1 777
80 4 2 794
80 5 0 758
80 5 1 808
80 5 2 742
80 6 0 794
80 6 1 817
80 6 2 760
80 7 0 786
80 7 1 784
80 7 2 790
80 8 0 785
80 8 1 779
80 8 2 782
80 9 0 788
80 9 1 762
80 9 2 777
100 0 0 1186
100 0 1 1257
100 0 2 1252
100 1 0 1234
100 1 1 1250
100 1 2 1165
100 2 0 1193
100 2 1 1131
100 2 2 1233
100 3 0 1199
100 3 1 1213
100 3 2 1170
100 4 0 1228
100 4 1 1169
100 4 2 1240
100 5 0 1227
100 5 1 1243
100 5 2 1252
100 6 0 1250
100 6 1 1204
100 6 2 1246
100 7 0 1210
100 7 1 1235
100 7 2 1222
100 8 0 1239
100 8 1 1170
100 8 2 1238
100 9 0 1257
100 9 1 1263
100 9 2 1217
