60 0 0 423
60 0 1 468
60 0 2 451
60 1 0 447
60 1 1 444
60 1 2 415
60 2 0 415
60 2 1 442
60 2 2 423
60 3 0 433
60 3 1 414
60 3 2 447
60 4 0 431
60 4 1 428
60 4 2 449
60 5 0 437
60 5 1 470
60 5 2 443
60 6 0 445
60 6 1 428
60 6 2 437
60 7 0 429
60 7 1 427
60 7 2 444
60 8 0 445
60 8 1 433
60 8 2 385
60 9 0 460
60 9 1 446
60 9 2 448
80 0 0 798
80 0 1 762
80 0 2 767
80 1 0 776
80 1 1 786
80 1 2 743
80 2 0 763
80 2 1 794
80 2 2 779
80 3 0 777
80 3 1 711
80 3 2 766
80 4 0 791
80 4 1 817
80 4 2 799
80 5 0 810
80 5 1 781
80 5 2 800
80 6 0 781
80 6 1 711
80 6 2 779
80 7 0 781
80 7 1 790
80 7 2 798
80 8 0 768
80 8 1 808
80 8 2 798
80 9 0 781
80 9 1 780
80 9 2 792
100 0 0 1259
100 0 1 1262
100 0 2 1226
100 1 0 1242
100 1 1 1183
100 1 2 1254
100 2 0 1256
100 2 1 1201
100 2 2 1270
100 3 0 1160
100 3 1 1264
100 3 2 1207
100 4 0 1233
100 4 1 1230
100 4 2 1149
100 5 0 1218
100 5 1 1211
100 5 2 1244
100 6 0 1218
100 6 1 1203
100 6 2 1279
100 7 0 1224
100 7 1 1166
100 7 2 1061
100 8 0 1217
100 8 1 1251
100 8 2 1237
100 9 0 1211
100 9 1 1257
100 9 2 1214
60 0 3 422
60 0 4 438
60 0 5 410
60 0 6 449
60 0 7 416
60 0 8 426
60 0 9 409
60 0 10 413
60 1 3 438
60 1 4 439
60 1 5 398
60 1 6 434
60 1 7 440
60 1 8 432
60 1 9 420
60 1 10 439
60 2 3 442
60 2 4 444
60 2 5 426
60 2 6 450
60 2 7 392
60 2 8 427
60 2 9 436
60 2 10 427
60 3 3 445
60 3 4 452
60 3 5 448
60 3 6 464
60 3 7 443
60 3 8 414
60 3 9 439
60 3 10 436
60 4 3 444
60 4 4 452
60 4 5 439
60 4 6 433
60 4 7 438
60 4 8 368
60 4 9 443
60 4 10 465
60 5 3 437
60 5 4 390
60 5 5 430
60 5 6 446
60 5 7 443
60 5 8 426
60 5 9 449
60 5 10 436
60 6 3 444
60 6 4 457
60 6 5 442
60 6 6 432
60 6 7 366
60 6 8 436
60 6 9 428
60 6 10 439
60 7 3 427
60 7 4 408
60 7 5 421
60 7 6 450
60 7 7 420
60 7 8 448
60 7 9 465
60 7 10 434
60 8 3 451
60 8 4 440
60 8 5 452
60 8 6 434
60 8 7 439
60 8 8 432
60 8 9 456
60 8 10 466
60 9 3 400
60 9 4 435
60 9 5 454
60 9 6 417
60 9 7 449
60 9 8 459
60 9 9 444
60 9 10 459
80 0 3 720
80 0 4 782
80 0 5 761
80 0 6 792
80 0 7 754
80 0 8 780
80 0 9 785
80 0 10 764
80 1 3 751
80 1 4 806
80 1 5 677
80 1 6 804
80 1 7 765
80 1 8 799
80 1 9 811
80 1 10 770
80 2 3 791
80 2 4 782
80 2 5 806
80 2 6 807
80 2 7 760
80 2 8 798
80 2 9 802
80 2 10 830
80 3 3 816
80 3 4 782
80 3 5 794
80 3 6 794
80 3 7 803
80 3 8 780
80 3 9 809
80 3 10 741
80 4 3 806
80 4 4 790
80 4 5 732
80 4 6 737
80 4 7 785
80 4 8 760
80 4 9 772
80 4 10 592
80 5 3 770
80 5 4 809
80 5 5 795
80 5 6 789
80 5 7 808
80 5 8 775
80 5 9 728
80 5 10 808
80 6 3 745
80 6 4 798
80 6 5 796
80 6 6 796
80 6 7 803
80 6 8 789
80 6 9 784
80 6 10 824
80 7 3 801
80 7 4 805
80 7 5 785
80 7 6 799
80 7 7 772
80 7 8 773
80 7 9 789
80 7 10 788
80 8 3 797
80 8 4 784
80 8 5 753
80 8 6 785
80 8 7 730
80 8 8 633
80 8 9 782
80 8 10 791
80 9 3 801
80 9 4 790
80 9 5 775
80 9 6 802
80 9 7 764
80 9 8 777
80 9 9 724
80 9 10 796
100 0 3 1242
100 0 4 1203
100 0 5 1237
100 0 6 1265
100 0 7 1206
100 0 8 1212
100 0 9 1236
100 0 10 1236
100 1 3 1192
100 1 4 1241
100 1 5 1236
100 1 6 1195
100 1 7 1237
100 1 8 1213
100 1 9 1231
100 1 10 1226
100 2 3 1150
100 2 4 1240
100 2 5 1263
100 2 6 1178
100 2 7 1275
100 2 8 1237
100 2 9 1180
100 2 10 1167
100 3 3 1238
100 3 4 1237
100 3 5 1234
100 3 6 1178
100 3 7 1231
100 3 8 1221
100 3 9 1204
100 3 10 1108
100 4 3 1032
100 4 4 1232
100 4 5 1223
100 4 6 1220
100 4 7 1262
100 4 8 1252
100 4 9 1223
100 4 10 1162
100 5 3 1266
100 5 4 1261
100 5 5 1269
100 5 6 1214
100 5 7 1228
100 5 8 1196
100 5 9 1246
100 5 10 1252
100 6 3 1244
100 6 4 1236
100 6 5 1209
100 6 6 1246
100 6 7 1234
100 6 8 1232
100 6 9 1231
100 6 10 1217
100 7 3 1222
100 7 4 1182
100 7 5 1204
100 7 6 1253
100 7 7 1221
100 7 8 1238
100 7 9 1143
100 7 10 1250
100 8 3 1247
100 8 4 1173
100 8 5 1247
100 8 6 1225
100 8 7 1249
100 8 8 1243
100 8 9 1252
100 8 10 1242
100 9 3 1161
100 9 4 1228
100 9 5 1229
100 9 6 1234
100 9 7 1230
100 9 8 1236
100 9 9 1273
100 9 10 1239
