60 0 0 95
60 0 1 124
60 0 2 120
60 0 3 29
60 0 4 147
60 0 5 94
60 0 6 147
60 0 7 147
60 0 8 31
60 0 9 147
60 1 0 149
60 1 1 162
60 1 2 32
60 1 3 427
60 1 4 119
60 1 5 157
60 1 6 110
60 1 7 307
60 1 8 198
60 1 9 206
60 2 0 88
60 2 1 147
60 2 2 147
60 2 3 147
60 2 4 147
60 2 5 30
60 2 6 118
60 2 7 30
60 2 8 118
60 2 9 118
60 3 0 161
60 3 1 106
60 3 2 57
60 3 3 342
60 3 4 81
60 3 5 55
60 3 6 55
60 3 7 135
60 3 8 138
60 3 9 161
60 4 0 114
60 4 1 114
60 4 2 114
60 4 3 34
60 4 4 114
60 4 5 34
60 4 6 114
60 4 7 114
60 4 8 142
60 4 9 114
60 5 0 323
60 5 1 340
60 5 2 313
60 5 3 434
60 5 4 189
60 5 5 90
60 5 6 89
60 5 7 90
60 5 8 118
60 5 9 89
60 6 0 88
60 6 1 399
60 6 2 88
60 6 3 438
60 6 4 88
60 6 5 88
60 6 6 88
60 6 7 88
60 6 8 62
60 6 9 88
60 7 0 341
60 7 1 118
60 7 2 417
60 7 3 118
60 7 4 118
60 7 5 118
60 7 6 118
60 7 7 88
60 7 8 118
60 7 9 118
60 8 0 35
60 8 1 368
60 8 2 89
60 8 3 112
60 8 4 89
60 8 5 89
60 8 6 112
60 8 7 89
60 8 8 35
60 8 9 123
60 9 0 85
60 9 1 119
60 9 2 142
60 9 3 142
60 9 4 214
60 9 5 119
60 9 6 66
60 9 7 93
60 9 8 114
60 9 9 409
80 0 0 180
80 0 1 630
80 0 2 180
80 0 3 180
80 0 4 180
80 0 5 79
80 0 6 38
80 0 7 79
80 0 8 560
80 0 9 79
80 1 0 104
80 1 1 183
80 1 2 217
80 1 3 183
80 1 4 138
80 1 5 70
80 1 6 380
80 1 7 69
80 1 8 104
80 1 9 217
80 2 0 123
80 2 1 120
80 2 2 193
80 2 3 186
80 2 4 231
80 2 5 186
80 2 6 198
80 2 7 719
80 2 8 120
80 2 9 78
80 3 0 157
80 3 1 153
80 3 2 124
80 3 3 186
80 3 4 186
80 3 5 150
80 3 6 78
80 3 7 186
80 3 8 521
80 3 9 610
80 4 0 217
80 4 1 150
80 4 2 258
80 4 3 159
80 4 4 334
80 4 5 323
80 4 6 348
80 4 7 280
80 4 8 188
80 4 9 255
80 5 0 181
80 5 1 109
80 5 2 109
80 5 3 332
80 5 4 140
80 5 5 217
80 5 6 142
80 5 7 104
80 5 8 183
80 5 9 217
80 6 0 755
80 6 1 385
80 6 2 507
80 6 3 216
80 6 4 199
80 6 5 160
80 6 6 40
80 6 7 199
80 6 8 199
80 6 9 507
80 7 0 247
80 7 1 216
80 7 2 39
80 7 3 155
80 7 4 120
80 7 5 39
80 7 6 155
80 7 7 342
80 7 8 195
80 7 9 284
80 8 0 780
80 8 1 80
80 8 2 173
80 8 3 173
80 8 4 568
80 8 5 142
80 8 6 173
80 8 7 780
80 8 8 173
80 8 9 173
80 9 0 102
80 9 1 134
80 9 2 485
80 9 3 416
80 9 4 172
80 9 5 780
80 9 6 140
80 9 7 627
80 9 8 102
80 9 9 102
100 0 0 184
100 0 1 226
100 0 2 1012
100 0 3 184
100 0 4 89
100 0 5 184
100 0 6 960
100 0 7 1258
100 0 8 232
100 0 9 137
100 1 0 286
100 1 1 1147
100 1 2 320
100 1 3 735
100 1 4 320
100 1 5 228
100 1 6 357
100 1 7 355
100 1 8 279
100 1 9 277
100 2 0 314
100 2 1 314
100 2 2 198
100 2 3 314
100 2 4 314
100 2 5 314
100 2 6 314
100 2 7 314
100 2 8 314
100 2 9 314
100 3 0 187
100 3 1 141
100 3 2 239
100 3 3 328
100 3 4 187
100 3 5 187
100 3 6 232
100 3 7 187
100 3 8 376
100 3 9 187
100 4 0 284
100 4 1 280
100 4 2 323
100 4 3 280
100 4 4 320
100 4 5 275
100 4 6 363
100 4 7 363
100 4 8 363
100 4 9 193
100 5 0 246
100 5 1 294
100 5 2 246
100 5 3 246
100 5 4 294
100 5 5 300
100 5 6 294
100 5 7 300
100 5 8 113
100 5 9 348
100 6 0 181
100 6 1 181
100 6 2 181
100 6 3 181
100 6 4 181
100 6 5 181
100 6 6 181
100 6 7 873
100 6 8 181
100 6 9 181
100 7 0 146
100 7 1 146
100 7 2 250
100 7 3 200
100 7 4 250
100 7 5 200
100 7 6 1194
100 7 7 250
100 7 8 200
100 7 9 204
100 8 0 157
100 8 1 1120
100 8 2 1249
100 8 3 157
100 8 4 211
100 8 5 1014
100 8 6 1080
100 8 7 98
100 8 8 211
100 8 9 1164
100 9 0 190
100 9 1 462
100 9 2 185
100 9 3 382
100 9 4 144
100 9 5 321
100 9 6 282
100 9 7 287
100 9 8 281
100 9 9 272
