60 0 0 373
60 0 1 440
60 0 2 447
60 1 0 381
60 1 1 427
60 1 2 403
60 2 0 431
60 2 1 380
60 2 2 464
60 3 0 443
60 3 1 422
60 3 2 397
60 4 0 404
60 4 1 344
60 4 2 450
60 5 0 435
60 5 1 347
60 5 2 429
60 6 0 428
60 6 1 439
60 6 2 387
60 7 0 450
60 7 1 455
60 7 2 436
60 8 0 451
60 8 1 429
60 8 2 378
60 9 0 442
60 9 1 430
60 9 2 435
80 0 0 798
80 0 1 769
80 0 2 762
80 1 0 764
80 1 1 753
80 1 2 738
80 2 0 777
80 2 1 732
80 2 2 755
80 3 0 793
80 3 1 721
80 3 2 799
80 4 0 794
80 4 1 749
80 4 2 766
80 5 0 711
80 5 1 802
80 5 2 818
80 6 0 802
80 6 1 796
80 6 2 753
80 7 0 768
80 7 1 755
80 7 2 746
80 8 0 792
80 8 1 769
80 8 2 796
80 9 0 747
80 9 1 795
80 9 2 748
100 0 0 1260
100 0 1 1165
100 0 2 1235
100 1 0 1229
100 1 1 1215
100 1 2 1170
100 2 0 1240
100 2 1 1236
100 2 2 1175
100 3 0 1192
100 3 1 1256
100 3 2 1204
100 4 0 1244
100 4 1 1211
100 4 2 1242
100 5 0 1234
100 5 1 1235
100 5 2 1226
100 6 0 1212
100 6 1 1236
100 6 2 1244
100 7 0 1199
100 7 1 1232
100 7 2 1264
100 8 0 865
100 8 1 1246
100 8 2 1259
100 9 0 1219
100 9 1 1241
100 9 2 1236
60 0 3 440
60 0 4 411
60 0 5 436
60 0 6 424
60 0 7 384
60 0 8 395
60 0 9 447
60 0 10 470
60 1 3 420
60 1 4 405
60 1 5 451
60 1 6 462
60 1 7 419
60 1 8 422
60 1 9 443
60 1 10 430
60 2 3 428
60 2 4 387
60 2 5 349
60 2 6 435
60 2 7 436
60 2 8 456
60 2 9 463
60 2 10 425
60 3 3 447
60 3 4 439
60 3 5 427
60 3 6 441
60 3 7 426
60 3 8 451
60 3 9 422
60 3 10 434
60 4 3 440
60 4 4 405
60 4 5 444
60 4 6 402
60 4 7 448
60 4 8 432
60 4 9 459
60 4 10 446
60 5 3 437
60 5 4 424
60 5 5 449
60 5 6 396
60 5 7 444
60 5 8 442
60 5 9 440
60 5 10 454
60 6 3 441
60 6 4 449
60 6 5 444
60 6 6 426
60 6 7 433
60 6 8 318
60 6 9 408
60 6 10 421
60 7 3 441
60 7 4 425
60 7 5 429
60 7 6 454
60 7 7 437
60 7 8 448
60 7 9 423
60 7 10 454
60 8 3 430
60 8 4 450
60 8 5 399
60 8 6 431
60 8 7 437
60 8 8 435
60 8 9 444
60 8 10 440
60 9 3 440
60 9 4 462
60 9 5 432
60 9 6 427
60 9 7 457
60 9 8 408
60 9 9 447
60 9 10 421
80 0 3 725
80 0 4 789
80 0 5 762
80 0 6 792
80 0 7 750
80 0 8 790
80 0 9 780
80 0 10 799
80 1 3 753
80 1 4 788
80 1 5 740
80 1 6 775
80 1 7 785
80 1 8 730
80 1 9 810
80 1 10 798
80 2 3 763
80 2 4 781
80 2 5 798
80 2 6 808
80 2 7 814
80 2 8 787
80 2 9 746
80 2 10 784
80 3 3 800
80 3 4 760
80 3 5 758
80 3 6 749
80 3 7 784
80 3 8 682
80 3 9 761
80 3 10 792
80 4 3 772
80 4 4 760
80 4 5 814
80 4 6 784
80 4 7 779
80 4 8 791
80 4 9 729
80 4 10 651
80 5 3 792
80 5 4 795
80 5 5 798
80 5 6 762
80 5 7 774
80 5 8 774
80 5 9 779
80 5 10 704
80 6 3 799
80 6 4 720
80 6 5 789
80 6 6 725
80 6 7 791
80 6 8 744
80 6 9 779
80 6 10 794
80 7 3 809
80 7 4 781
80 7 5 801
80 7 6 696
80 7 7 708
80 7 8 792
80 7 9 797
80 7 10 781
80 8 3 771
80 8 4 787
80 8 5 790
80 8 6 802
80 8 7 794
80 8 8 750
80 8 9 771
80 8 10 784
80 9 3 760
80 9 4 788
80 9 5 764
80 9 6 752
80 9 7 775
80 9 8 797
80 9 9 715
80 9 10 783
100 0 3 1234
100 0 4 1248
100 0 5 1265
100 0 6 1195
100 0 7 1223
100 0 8 1251
100 0 9 1178
100 0 10 1217
100 1 3 1234
100 1 4 1240
100 1 5 1226
100 1 6 1215
100 1 7 1230
100 1 8 1213
100 1 9 1215
100 1 10 1194
100 2 3 1243
100 2 4 1232
100 2 5 1220
100 2 6 1236
100 2 7 1204
100 2 8 1244
100 2 9 1276
100 2 10 1254
100 3 3 1205
100 3 4 1243
100 3 5 1260
100 3 6 1198
100 3 7 1187
100 3 8 1086
100 3 9 1218
100 3 10 1240
100 4 3 1074
100 4 4 1239
100 4 5 1241
100 4 6 1253
100 4 7 1227
100 4 8 1223
100 4 9 1189
100 4 10 1093
100 5 3 1245
100 5 4 1199
100 5 5 1183
100 5 6 1256
100 5 7 1235
100 5 8 1187
100 5 9 1227
100 5 10 1218
100 6 3 1241
100 6 4 1256
100 6 5 1173
100 6 6 1248
100 6 7 1061
100 6 8 1216
100 6 9 1241
100 6 10 1116
100 7 3 1224
100 7 4 1255
100 7 5 1212
100 7 6 1095
100 7 7 989
100 7 8 1131
100 7 9 1204
100 7 10 1205
100 8 3 1230
100 8 4 1201
100 8 5 1224
100 8 6 1234
100 8 7 1226
100 8 8 1261
100 8 9 1228
100 8 10 1252
100 9 3 1233
100 9 4 1238
100 9 5 1140
100 9 6 1224
100 9 7 1158
100 9 8 1248
100 9 9 1193
100 9 10 1214
