60 0 0 31
60 0 1 320
60 0 2 413
60 0 3 413
60 0 4 215
60 0 5 215
60 0 6 215
60 0 7 215
60 0 8 31
60 0 9 215
60 1 0 27
60 1 1 287
60 1 2 287
60 1 3 219
60 1 4 219
60 1 5 219
60 1 6 219
60 1 7 295
60 1 8 219
60 1 9 368
60 2 0 250
60 2 1 250
60 2 2 250
60 2 3 250
60 2 4 250
60 2 5 250
60 2 6 250
60 2 7 250
60 2 8 250
60 2 9 250
60 3 0 136
60 3 1 366
60 3 2 146
60 3 3 146
60 3 4 211
60 3 5 256
60 3 6 211
60 3 7 444
60 3 8 146
60 3 9 136
60 4 0 223
60 4 1 223
60 4 2 223
60 4 3 223
60 4 4 223
60 4 5 223
60 4 6 223
60 4 7 223
60 4 8 223
60 4 9 223
60 5 0 129
60 5 1 129
60 5 2 129
60 5 3 406
60 5 4 101
60 5 5 156
60 5 6 135
60 5 7 156
60 5 8 330
60 5 9 406
60 6 0 88
60 6 1 88
60 6 2 88
60 6 3 88
60 6 4 88
60 6 5 88
60 6 6 88
60 6 7 88
60 6 8 88
60 6 9 88
60 7 0 193
60 7 1 193
60 7 2 193
60 7 3 193
60 7 4 193
60 7 5 193
60 7 6 193
60 7 7 193
60 7 8 193
60 7 9 193
60 8 0 232
60 8 1 217
60 8 2 325
60 8 3 217
60 8 4 325
60 8 5 325
60 8 6 232
60 8 7 325
60 8 8 232
60 8 9 232
60 9 0 302
60 9 1 93
60 9 2 302
60 9 3 302
60 9 4 285
60 9 5 93
60 9 6 93
60 9 7 93
60 9 8 285
60 9 9 93
80 0 0 244
80 0 1 244
80 0 2 244
80 0 3 244
80 0 4 244
80 0 5 244
80 0 6 244
80 0 7 244
80 0 8 244
80 0 9 244
80 1 0 280
80 1 1 280
80 1 2 397
80 1 3 280
80 1 4 397
80 1 5 397
80 1 6 397
80 1 7 280
80 1 8 280
80 1 9 397
80 2 0 673
80 2 1 400
80 2 2 187
80 2 3 400
80 2 4 752
80 2 5 400
80 2 6 226
80 2 7 673
80 2 8 400
80 2 9 226
80 3 0 459
80 3 1 249
80 3 2 459
80 3 3 459
80 3 4 459
80 3 5 656
80 3 6 656
80 3 7 459
80 3 8 656
80 3 9 656
80 4 0 321
80 4 1 694
80 4 2 787
80 4 3 694
80 4 4 357
80 4 5 482
80 4 6 716
80 4 7 357
80 4 8 321
80 4 9 787
80 5 0 389
80 5 1 389
80 5 2 389
80 5 3 112
80 5 4 211
80 5 5 389
80 5 6 112
80 5 7 211
80 5 8 389
80 5 9 389
80 6 0 266
80 6 1 266
80 6 2 160
80 6 3 160
80 6 4 266
80 6 5 160
80 6 6 160
80 6 7 266
80 6 8 266
80 6 9 160
80 7 0 741
80 7 1 763
80 7 2 541
80 7 3 741
80 7 4 763
80 7 5 740
80 7 6 750
80 7 7 741
80 7 8 476
80 7 9 763
80 8 0 310
80 8 1 310
80 8 2 310
80 8 3 310
80 8 4 310
80 8 5 310
80 8 6 310
80 8 7 310
80 8 8 310
80 8 9 310
80 9 0 105
80 9 1 208
80 9 2 143
80 9 3 105
80 9 4 412
80 9 5 208
80 9 6 143
80 9 7 143
80 9 8 105
80 9 9 143
100 0 0 184
100 0 1 1069
100 0 2 1069
100 0 3 184
100 0 4 184
100 0 5 184
100 0 6 184
100 0 7 184
100 0 8 438
100 0 9 438
100 1 0 1260
100 1 1 401
100 1 2 614
100 1 3 619
100 1 4 614
100 1 5 619
100 1 6 614
100 1 7 614
100 1 8 619
100 1 9 1260
100 2 0 413
100 2 1 413
100 2 2 413
100 2 3 413
100 2 4 413
100 2 5 413
100 2 6 413
100 2 7 413
100 2 8 413
100 2 9 413
100 3 0 320
100 3 1 320
100 3 2 320
100 3 3 922
100 3 4 320
100 3 5 320
100 3 6 922
100 3 7 320
100 3 8 922
100 3 9 320
100 4 0 1102
100 4 1 530
100 4 2 1102
100 4 3 530
100 4 4 530
100 4 5 806
100 4 6 1102
100 4 7 1102
100 4 8 1102
100 4 9 806
100 5 0 197
100 5 1 579
100 5 2 197
100 5 3 197
100 5 4 579
100 5 5 427
100 5 6 579
100 5 7 427
100 5 8 197
100 5 9 1032
100 6 0 282
100 6 1 282
100 6 2 282
100 6 3 282
100 6 4 282
100 6 5 282
100 6 6 282
100 6 7 282
100 6 8 282
100 6 9 282
100 7 0 146
100 7 1 146
100 7 2 697
100 7 3 427
100 7 4 697
100 7 5 427
100 7 6 427
100 7 7 697
100 7 8 427
100 7 9 697
100 8 0 196
100 8 1 196
100 8 2 393
100 8 3 196
100 8 4 393
100 8 5 196
100 8 6 393
100 8 7 196
100 8 8 393
100 8 9 393
100 9 0 757
100 9 1 1243
100 9 2 1192
100 9 3 1243
100 9 4 568
100 9 5 1243
100 9 6 568
100 9 7 1243
100 9 8 1243
100 9 9 597
