60 0 0 439
60 0 1 453
60 0 2 443
60 1 0 454
60 1 1 410
60 1 2 446
60 2 0 432
60 2 1 460
60 2 2 357
60 3 0 389
60 3 1 402
60 3 2 371
60 4 0 452
60 4 1 441
60 4 2 437
60 5 0 422
60 5 1 437
60 5 2 473
60 6 0 442
60 6 1 393
60 6 2 434
60 7 0 453
60 7 1 434
60 7 2 451
60 8 0 446
60 8 1 432
60 8 2 452
60 9 0 417
60 9 1 434
60 9 2 419
80 0 0 660
80 0 1 785
80 0 2 821
80 1 0 804
80 1 1 814
80 1 2 795
80 2 0 808
80 2 1 780
80 2 2 791
80 3 0 782
80 3 1 780
80 3 2 783
80 4 0 789
80 4 1 791
80 4 2 787
80 5 0 780
80 5 1 827
80 5 2 702
80 6 0 726
80 6 1 768
80 6 2 779
80 7 0 788
80 7 1 827
80 7 2 809
80 8 0 706
80 8 1 768
80 8 2 786
80 9 0 761
80 9 1 781
80 9 2 781
100 0 0 1214
100 0 1 1201
100 0 2 1245
100 1 0 1249
100 1 1 1276
100 1 2 1188
100 2 0 1234
100 2 1 1253
100 2 2 1120
100 3 0 1200
100 3 1 1241
100 3 2 1201
100 4 0 1221
100 4 1 1231
100 4 2 1252
100 5 0 1220
100 5 1 1231
100 5 2 1167
100 6 0 1211
100 6 1 1177
100 6 2 1245
100 7 0 1247
100 7 1 1245
100 7 2 1199
100 8 0 1229
100 8 1 1248
100 8 2 1259
100 9 0 1243
100 9 1 1188
100 9 2 1188
60 0 3 436
60 0 4 394
60 0 5 375
60 0 6 457
60 0 7 409
60 0 8 442
60 0 9 444
60 0 10 472
60 1 3 436
60 1 4 435
60 1 5 441
60 1 6 433
60 1 7 426
60 1 8 432
60 1 9 450
60 1 10 445
60 2 3 406
60 2 4 412
60 2 5 408
60 2 6 465
60 2 7 414
60 2 8 434
60 2 9 443
60 2 10 430
60 3 3 459
60 3 4 450
60 3 5 337
60 3 6 410
60 3 7 443
60 3 8 434
60 3 9 426
60 3 10 458
60 4 3 421
60 4 4 435
60 4 5 444
60 4 6 409
60 4 7 395
60 4 8 454
60 4 9 444
60 4 10 445
60 5 3 437
60 5 4 456
60 5 5 430
60 5 6 445
60 5 7 449
60 5 8 433
60 5 9 420
60 5 10 447
60 6 3 444
60 6 4 451
60 6 5 442
60 6 6 447
60 6 7 426
60 6 8 438
60 6 9 424
60 6 10 448
60 7 3 451
60 7 4 465
60 7 5 447
60 7 6 443
60 7 7 391
60 7 8 392
60 7 9 426
60 7 10 435
60 8 3 442
60 8 4 433
60 8 5 427
60 8 6 430
60 8 7 452
60 8 8 425
60 8 9 426
60 8 10 406
60 9 3 426
60 9 4 446
60 9 5 415
60 9 6 441
60 9 7 427
60 9 8 422
60 9 9 422
60 9 10 446
80 0 3 789
80 0 4 769
80 0 5 761
80 0 6 778
80 0 7 789
80 0 8 734
80 0 9 710
80 0 10 812
80 1 3 803
80 1 4 776
80 1 5 794
80 1 6 724
80 1 7 770
80 1 8 763
80 1 9 808
80 1 10 776
80 2 3 806
80 2 4 804
80 2 5 766
80 2 6 767
80 2 7 778
80 2 8 788
80 2 9 800
80 2 10 756
80 3 3 811
80 3 4 757
80 3 5 803
80 3 6 755
80 3 7 785
80 3 8 777
80 3 9 798
80 3 10 777
80 4 3 766
80 4 4 783
80 4 5 782
80 4 6 798
80 4 7 745
80 4 8 789
80 4 9 778
80 4 10 792
80 5 3 798
80 5 4 744
80 5 5 746
80 5 6 728
80 5 7 772
80 5 8 712
80 5 9 791
80 5 10 793
80 6 3 793
80 6 4 782
80 6 5 797
80 6 6 711
80 6 7 716
80 6 8 755
80 6 9 801
80 6 10 795
80 7 3 746
80 7 4 741
80 7 5 794
80 7 6 826
80 7 7 746
80 7 8 778
80 7 9 767
80 7 10 772
80 8 3 786
80 8 4 791
80 8 5 773
80 8 6 801
80 8 7 788
80 8 8 811
80 8 9 795
80 8 10 795
80 9 3 800
80 9 4 783
80 9 5 776
80 9 6 806
80 9 7 766
80 9 8 799
80 9 9 793
80 9 10 735
100 0 3 1211
100 0 4 1248
100 0 5 1249
100 0 6 1140
100 0 7 1241
100 0 8 1220
100 0 9 1222
100 0 10 1247
100 1 3 1251
100 1 4 1239
100 1 5 1253
100 1 6 1231
100 1 7 1237
100 1 8 1244
100 1 9 1216
100 1 10 1226
100 2 3 1170
100 2 4 1245
100 2 5 1216
100 2 6 1255
100 2 7 1242
100 2 8 1170
100 2 9 1250
100 2 10 1210
100 3 3 1221
100 3 4 1206
100 3 5 1200
100 3 6 1173
100 3 7 1232
100 3 8 1221
100 3 9 1101
100 3 10 1261
100 4 3 1226
100 4 4 1223
100 4 5 1250
100 4 6 1214
100 4 7 1214
100 4 8 1214
100 4 9 1241
100 4 10 1191
100 5 3 1237
100 5 4 1180
100 5 5 1240
100 5 6 1251
100 5 7 1260
100 5 8 1148
100 5 9 1112
100 5 10 1211
100 6 3 1192
100 6 4 1204
100 6 5 1234
100 6 6 1157
100 6 7 1158
100 6 8 1223
100 6 9 1245
100 6 10 1242
100 7 3 1248
100 7 4 1194
100 7 5 1242
100 7 6 1252
100 7 7 1253
100 7 8 1217
100 7 9 1264
100 7 10 1235
100 8 3 1193
100 8 4 1249
100 8 5 1232
100 8 6 1262
100 8 7 1230
100 8 8 1196
100 8 9 1239
100 8 10 1197
100 9 3 1252
100 9 4 1276
100 9 5 1224
100 9 6 1178
100 9 7 1241
100 9 8 1177
100 9 9 1257
100 9 10 1274
