60 0 0 446
60 0 1 354
60 0 2 445
60 1 0 450
60 1 1 438
60 1 2 442
60 2 0 430
60 2 1 441
60 2 2 444
60 3 0 451
60 3 1 448
60 3 2 425
60 4 0 451
60 4 1 442
60 4 2 390
60 5 0 426
60 5 1 377
60 5 2 434
60 6 0 419
60 6 1 448
60 6 2 447
60 7 0 396
60 7 1 434
60 7 2 430
60 8 0 402
60 8 1 409
60 8 2 446
60 9 0 417
60 9 1 430
60 9 2 372
80 0 0 786
80 0 1 770
80 0 2 772
80 1 0 800
80 1 1 784
80 1 2 795
80 2 0 812
80 2 1 784
80 2 2 793
80 3 0 792
80 3 1 734
80 3 2 782
80 4 0 800
80 4 1 747
80 4 2 751
80 5 0 811
80 5 1 790
80 5 2 741
80 6 0 812
80 6 1 790
80 6 2 735
80 7 0 770
80 7 1 807
80 7 2 704
80 8 0 791
80 8 1 791
80 8 2 785
80 9 0 804
80 9 1 777
80 9 2 778
100 0 0 1217
100 0 1 1202
100 0 2 1244
100 1 0 1247
100 1 1 1157
100 1 2 1209
100 2 0 1129
100 2 1 1268
100 2 2 1209
100 3 0 1201
100 3 1 1225
100 3 2 1263
100 4 0 1160
100 4 1 1236
100 4 2 1186
100 5 0 1230
100 5 1 1203
100 5 2 1222
100 6 0 1243
100 6 1 1229
100 6 2 1197
100 7 0 1197
100 7 1 1227
100 7 2 1260
100 8 0 1230
100 8 1 1238
100 8 2 1279
100 9 0 1203
100 9 1 1235
100 9 2 1058
60 0 3 420
60 0 4 426
60 0 5 445
60 0 6 436
60 0 7 397
60 0 8 428
60 0 9 417
60 0 10 471
60 1 3 460
60 1 4 438
60 1 5 460
60 1 6 458
60 1 7 459
60 1 8 436
60 1 9 443
60 1 10 457
60 2 3 428
60 2 4 423
60 2 5 454
60 2 6 345
60 2 7 443
60 2 8 444
60 2 9 357
60 2 10 420
60 3 3 426
60 3 4 417
60 3 5 438
60 3 6 402
60 3 7 446
60 3 8 465
60 3 9 440
60 3 10 434
60 4 3 449
60 4 4 374
60 4 5 374
60 4 6 452
60 4 7 421
60 4 8 408
60 4 9 333
60 4 10 443
60 5 3 447
60 5 4 450
60 5 5 377
60 5 6 470
60 5 7 444
60 5 8 444
60 5 9 448
60 5 10 429
60 6 3 452
60 6 4 442
60 6 5 426
60 6 6 440
60 6 7 419
60 6 8 447
60 6 9 444
60 6 10 449
60 7 3 432
60 7 4 422
60 7 5 424
60 7 6 419
60 7 7 434
60 7 8 421
60 7 9 433
60 7 10 444
60 8 3 349
60 8 4 446
60 8 5 449
60 8 6 399
60 8 7 437
60 8 8 457
60 8 9 458
60 8 10 440
60 9 3 435
60 9 4 386
60 9 5 405
60 9 6 461
60 9 7 445
60 9 8 443
60 9 9 430
60 9 10 408
80 0 3 761
80 0 4 795
80 0 5 796
80 0 6 674
80 0 7 806
80 0 8 754
80 0 9 773
80 0 10 782
80 1 3 794
80 1 4 757
80 1 5 809
80 1 6 777
80 1 7 724
80 1 8 815
80 1 9 769
80 1 10 759
80 2 3 807
80 2 4 763
80 2 5 782
80 2 6 802
80 2 7 806
80 2 8 717
80 2 9 784
80 2 10 807
80 3 3 691
80 3 4 774
80 3 5 767
80 3 6 772
80 3 7 758
80 3 8 787
80 3 9 805
80 3 10 814
80 4 3 800
80 4 4 758
80 4 5 785
80 4 6 770
80 4 7 757
80 4 8 795
80 4 9 766
80 4 10 792
80 5 3 699
80 5 4 795
80 5 5 723
80 5 6 755
80 5 7 791
80 5 8 797
80 5 9 777
80 5 10 795
80 6 3 759
80 6 4 825
80 6 5 815
80 6 6 804
80 6 7 815
80 6 8 781
80 6 9 740
80 6 10 723
80 7 3 719
80 7 4 760
80 7 5 728
80 7 6 813
80 7 7 776
80 7 8 788
80 7 9 670
80 7 10 805
80 8 3 707
80 8 4 815
80 8 5 785
80 8 6 775
80 8 7 804
80 8 8 792
80 8 9 825
80 8 10 813
80 9 3 800
80 9 4 691
80 9 5 675
80 9 6 806
80 9 7 774
80 9 8 800
80 9 9 781
80 9 10 757
100 0 3 1191
100 0 4 1185
100 0 5 1224
100 0 6 1239
100 0 7 1220
100 0 8 1207
100 0 9 1242
100 0 10 1240
100 1 3 1207
100 1 4 1247
100 1 5 1195
100 1 6 1206
100 1 7 1246
100 1 8 1184
100 1 9 1212
100 1 10 1242
100 2 3 1235
100 2 4 1254
100 2 5 1209
100 2 6 1187
100 2 7 1237
100 2 8 1227
100 2 9 1227
100 2 10 1121
100 3 3 1222
100 3 4 1200
100 3 5 1244
100 3 6 1241
100 3 7 1219
100 3 8 1074
100 3 9 1155
100 3 10 1019
100 4 3 1269
100 4 4 1259
100 4 5 1255
100 4 6 1238
100 4 7 1226
100 4 8 1177
100 4 9 1204
100 4 10 1252
100 5 3 1230
100 5 4 1215
100 5 5 1259
100 5 6 1147
100 5 7 1215
100 5 8 1239
100 5 9 1221
100 5 10 1242
100 6 3 1165
100 6 4 1202
100 6 5 1229
100 6 6 1226
100 6 7 991
100 6 8 1178
100 6 9 1249
100 6 10 1215
100 7 3 1244
100 7 4 1252
100 7 5 1246
100 7 6 1206
100 7 7 1224
100 7 8 1238
100 7 9 1155
100 7 10 1228
100 8 3 1177
100 8 4 1167
100 8 5 1231
100 8 6 1221
100 8 7 1265
100 8 8 1214
100 8 9 1217
100 8 10 1207
100 9 3 1206
100 9 4 1048
100 9 5 1199
100 9 6 1240
100 9 7 1205
100 9 8 1222
100 9 9 1236
100 9 10 1224
