60 0 0 187
60 0 1 338
60 0 2 406
60 1 0 423
60 1 1 301
60 1 2 428
60 2 0 447
60 2 1 454
60 2 2 438
60 3 0 403
60 3 1 402
60 3 2 402
60 4 0 385
60 4 1 447
60 4 2 428
60 5 0 396
60 5 1 449
60 5 2 429
60 6 0 442
60 6 1 451
60 6 2 311
60 7 0 412
60 7 1 449
60 7 2 433
60 8 0 460
60 8 1 444
60 8 2 444
60 9 0 260
60 9 1 409
60 9 2 439
80 0 0 766
80 0 1 789
80 0 2 767
80 1 0 805
80 1 1 774
80 1 2 723
80 2 0 796
80 2 1 791
80 2 2 774
80 3 0 757
80 3 1 795
80 3 2 806
80 4 0 788
80 4 1 738
80 4 2 788
80 5 0 764
80 5 1 719
80 5 2 789
80 6 0 774
80 6 1 752
80 6 2 779
80 7 0 634
80 7 1 760
80 7 2 790
80 8 0 773
80 8 1 789
80 8 2 806
80 9 0 778
80 9 1 737
80 9 2 777
100 0 0 1130
100 0 1 1131
100 0 2 1220
100 1 0 1236
100 1 1 1168
100 1 2 1250
100 2 0 1202
100 2 1 1226
100 2 2 1206
100 3 0 1197
100 3 1 1242
100 3 2 1253
100 4 0 1221
100 4 1 1244
100 4 2 1257
100 5 0 1178
100 5 1 1216
100 5 2 1151
100 6 0 1178
100 6 1 1173
100 6 2 1229
100 7 0 1158
100 7 1 1240
100 7 2 1217
100 8 0 1125
100 8 1 1205
100 8 2 1179
100 9 0 1166
100 9 1 1238
100 9 2 1189
60 0 3 427
60 0 4 416
60 0 5 418
60 0 6 454
60 0 7 392
60 0 8 403
60 0 9 386
60 0 10 382
60 1 3 450
60 1 4 410
60 1 5 436
60 1 6 418
60 1 7 448
60 1 8 433
60 1 9 426
60 1 10 399
60 2 3 421
60 2 4 437
60 2 5 382
60 2 6 409
60 2 7 443
60 2 8 459
60 2 9 402
60 2 10 392
60 3 3 406
60 3 4 468
60 3 5 432
60 3 6 451
60 3 7 422
60 3 8 436
60 3 9 433
60 3 10 433
60 4 3 448
60 4 4 449
60 4 5 394
60 4 6 419
60 4 7 446
60 4 8 400
60 4 9 443
60 4 10 442
60 5 3 307
60 5 4 437
60 5 5 397
60 5 6 437
60 5 7 421
60 5 8 441
60 5 9 414
60 5 10 434
60 6 3 426
60 6 4 447
60 6 5 455
60 6 6 440
60 6 7 434
60 6 8 346
60 6 9 427
60 6 10 419
60 7 3 451
60 7 4 423
60 7 5 415
60 7 6 413
60 7 7 422
60 7 8 337
60 7 9 439
60 7 10 435
60 8 3 383
60 8 4 456
60 8 5 220
60 8 6 410
60 8 7 401
60 8 8 404
60 8 9 442
60 8 10 438
60 9 3 383
60 9 4 438
60 9 5 355
60 9 6 433
60 9 7 435
60 9 8 442
60 9 9 421
60 9 10 379
80 0 3 746
80 0 4 811
80 0 5 708
80 0 6 678
80 0 7 790
80 0 8 755
80 0 9 795
80 0 10 773
80 1 3 746
80 1 4 813
80 1 5 727
80 1 6 800
80 1 7 737
80 1 8 786
80 1 9 722
80 1 10 774
80 2 3 784
80 2 4 645
80 2 5 760
80 2 6 780
80 2 7 811
80 2 8 714
80 2 9 748
80 2 10 692
80 3 3 789
80 3 4 807
80 3 5 760
80 3 6 793
80 3 7 799
80 3 8 805
80 3 9 769
80 3 10 813
80 4 3 774
80 4 4 794
80 4 5 784
80 4 6 765
80 4 7 794
80 4 8 826
80 4 9 783
80 4 10 806
80 5 3 766
80 5 4 729
80 5 5 791
80 5 6 692
80 5 7 692
80 5 8 790
80 5 9 790
80 5 10 739
80 6 3 752
80 6 4 802
80 6 5 693
80 6 6 796
80 6 7 794
80 6 8 714
80 6 9 796
80 6 10 804
80 7 3 714
80 7 4 726
80 7 5 808
80 7 6 762
80 7 7 597
80 7 8 668
80 7 9 796
80 7 10 789
80 8 3 725
80 8 4 769
80 8 5 609
80 8 6 730
80 8 7 772
80 8 8 776
80 8 9 782
80 8 10 787
80 9 3 711
80 9 4 735
80 9 5 733
80 9 6 804
80 9 7 747
80 9 8 717
80 9 9 794
80 9 10 783
100 0 3 1177
100 0 4 1233
100 0 5 1255
100 0 6 1222
100 0 7 1177
100 0 8 1214
100 0 9 1180
100 0 10 1222
100 1 3 1208
100 1 4 1237
100 1 5 1202
100 1 6 1237
100 1 7 1228
100 1 8 1235
100 1 9 1152
100 1 10 1209
100 2 3 1166
100 2 4 1206
100 2 5 1257
100 2 6 1229
100 2 7 1262
100 2 8 1131
100 2 9 1177
100 2 10 1254
100 3 3 1219
100 3 4 1291
100 3 5 1142
100 3 6 1052
100 3 7 1254
100 3 8 1222
100 3 9 1246
100 3 10 1183
100 4 3 965
100 4 4 1239
100 4 5 1235
100 4 6 1228
100 4 7 1164
100 4 8 1177
100 4 9 1198
100 4 10 1212
100 5 3 1233
100 5 4 1211
100 5 5 1198
100 5 6 1142
100 5 7 1241
100 5 8 1235
100 5 9 1192
100 5 10 1216
100 6 3 1208
100 6 4 1230
100 6 5 1249
100 6 6 1201
100 6 7 1244
100 6 8 1183
100 6 9 1232
100 6 10 1212
100 7 3 1228
100 7 4 1261
100 7 5 1269
100 7 6 1222
100 7 7 1229
100 7 8 1202
100 7 9 1214
100 7 10 1254
100 8 3 1229
100 8 4 1218
100 8 5 1188
100 8 6 1219
100 8 7 1232
100 8 8 1199
100 8 9 1229
100 8 10 1239
100 9 3 1227
100 9 4 1220
100 9 5 1184
100 9 6 1258
100 9 7 1195
100 9 8 1210
100 9 9 1183
100 9 10 1235
