60 0 0 384
60 0 1 396
60 0 2 430
60 1 0 432
60 1 1 433
60 1 2 410
60 2 0 439
60 2 1 428
60 2 2 442
60 3 0 438
60 3 1 422
60 3 2 409
60 4 0 439
60 4 1 458
60 4 2 431
60 5 0 447
60 5 1 454
60 5 2 438
60 6 0 430
60 6 1 442
60 6 2 446
60 7 0 436
60 7 1 450
60 7 2 455
60 8 0 427
60 8 1 413
60 8 2 447
60 9 0 408
60 9 1 445
60 9 2 417
80 0 0 773
80 0 1 811
80 0 2 781
80 1 0 795
80 1 1 791
80 1 2 789
80 2 0 787
80 2 1 784
80 2 2 795
80 3 0 731
80 3 1 796
80 3 2 739
80 4 0 809
80 4 1 778
80 4 2 801
80 5 0 804
80 5 1 735
80 5 2 801
80 6 0 814
80 6 1 795
80 6 2 757
80 7 0 791
80 7 1 808
80 7 2 762
80 8 0 808
80 8 1 818
80 8 2 786
80 9 0 790
80 9 1 778
80 9 2 780
100 0 0 1200
100 0 1 1232
100 0 2 1233
100 1 0 1204
100 1 1 1226
100 1 2 1193
100 2 0 1240
100 2 1 1223
100 2 2 1235
100 3 0 1246
100 3 1 1241
100 3 2 1210
100 4 0 1264
100 4 1 1251
100 4 2 1222
100 5 0 1167
100 5 1 1252
100 5 2 1250
100 6 0 1270
100 6 1 1227
100 6 2 1258
100 7 0 1261
100 7 1 1223
100 7 2 1255
100 8 0 1179
100 8 1 1257
100 8 2 1217
100 9 0 1217
100 9 1 1225
100 9 2 1246
60 0 3 443
60 0 4 460
60 0 5 383
60 0 6 444
60 0 7 431
60 0 8 428
60 0 9 425
60 0 10 441
60 1 3 435
60 1 4 442
60 1 5 449
60 1 6 448
60 1 7 418
60 1 8 451
60 1 9 435
60 1 10 441
60 2 3 450
60 2 4 403
60 2 5 440
60 2 6 421
60 2 7 424
60 2 8 437
60 2 9 415
60 2 10 429
60 3 3 446
60 3 4 430
60 3 5 419
60 3 6 435
60 3 7 432
60 3 8 441
60 3 9 403
60 3 10 455
60 4 3 444
60 4 4 401
60 4 5 448
60 4 6 382
60 4 7 430
60 4 8 449
60 4 9 421
60 4 10 451
60 5 3 435
60 5 4 439
60 5 5 448
60 5 6 429
60 5 7 426
60 5 8 446
60 5 9 460
60 5 10 473
60 6 3 450
60 6 4 460
60 6 5 437
60 6 6 452
60 6 7 454
60 6 8 447
60 6 9 421
60 6 10 443
60 7 3 438
60 7 4 448
60 7 5 458
60 7 6 449
60 7 7 445
60 7 8 415
60 7 9 417
60 7 10 437
60 8 3 391
60 8 4 448
60 8 5 435
60 8 6 455
60 8 7 445
60 8 8 448
60 8 9 410
60 8 10 439
60 9 3 420
60 9 4 437
60 9 5 421
60 9 6 441
60 9 7 447
60 9 8 427
60 9 9 445
60 9 10 418
80 0 3 780
80 0 4 760
80 0 5 809
80 0 6 799
80 0 7 788
80 0 8 783
80 0 9 777
80 0 10 825
80 1 3 804
80 1 4 809
80 1 5 794
80 1 6 722
80 1 7 803
80 1 8 764
80 1 9 796
80 1 10 775
80 2 3 806
80 2 4 788
80 2 5 784
80 2 6 761
80 2 7 737
80 2 8 721
80 2 9 764
80 2 10 805
80 3 3 794
80 3 4 795
80 3 5 831
80 3 6 744
80 3 7 775
80 3 8 809
80 3 9 790
80 3 10 750
80 4 3 789
80 4 4 773
80 4 5 765
80 4 6 797
80 4 7 705
80 4 8 762
80 4 9 798
80 4 10 743
80 5 3 781
80 5 4 783
80 5 5 767
80 5 6 811
80 5 7 788
80 5 8 780
80 5 9 793
80 5 10 791
80 6 3 776
80 6 4 775
80 6 5 792
80 6 6 794
80 6 7 776
80 6 8 780
80 6 9 770
80 6 10 802
80 7 3 791
80 7 4 764
80 7 5 782
80 7 6 783
80 7 7 814
80 7 8 810
80 7 9 802
80 7 10 806
80 8 3 776
80 8 4 769
80 8 5 777
80 8 6 778
80 8 7 792
80 8 8 793
80 8 9 787
80 8 10 813
80 9 3 723
80 9 4 801
80 9 5 758
80 9 6 754
80 9 7 796
80 9 8 748
80 9 9 778
80 9 10 787
100 0 3 1252
100 0 4 1233
100 0 5 1264
100 0 6 1247
100 0 7 1223
100 0 8 1247
100 0 9 1195
100 0 10 1241
100 1 3 1257
100 1 4 1253
100 1 5 1237
100 1 6 1184
100 1 7 1256
100 1 8 1280
100 1 9 1240
100 1 10 1228
100 2 3 1227
100 2 4 1253
100 2 5 1242
100 2 6 1113
100 2 7 1239
100 2 8 1248
100 2 9 1239
100 2 10 1245
100 3 3 1292
100 3 4 1226
100 3 5 1207
100 3 6 1200
100 3 7 1240
100 3 8 1209
100 3 9 1241
100 3 10 1196
100 4 3 1234
100 4 4 1233
100 4 5 1255
100 4 6 1266
100 4 7 1206
100 4 8 1249
100 4 9 1224
100 4 10 1221
100 5 3 1232
100 5 4 1197
100 5 5 1214
100 5 6 1275
100 5 7 1095
100 5 8 1214
100 5 9 1260
100 5 10 1236
100 6 3 1238
100 6 4 1222
100 6 5 1235
100 6 6 1250
100 6 7 1150
100 6 8 1260
100 6 9 1261
100 6 10 1223
100 7 3 1213
100 7 4 1166
100 7 5 1208
100 7 6 1238
100 7 7 1219
100 7 8 1237
100 7 9 1234
100 7 10 1138
100 8 3 1284
100 8 4 1229
100 8 5 1221
100 8 6 1237
100 8 7 1250
100 8 8 1258
100 8 9 1216
100 8 10 1261
100 9 3 1228
100 9 4 1236
100 9 5 1247
100 9 6 1207
100 9 7 1252
100 9 8 1203
100 9 9 1202
100 9 10 1233
