60 0 0 428
60 0 1 436
60 0 2 394
60 1 0 424
60 1 1 445
60 1 2 442
60 2 0 455
60 2 1 450
60 2 2 437
60 3 0 413
60 3 1 446
60 3 2 436
60 4 0 376
60 4 1 374
60 4 2 443
60 5 0 425
60 5 1 432
60 5 2 434
60 6 0 455
60 6 1 449
60 6 2 428
60 7 0 449
60 7 1 415
60 7 2 423
60 8 0 447
60 8 1 438
60 8 2 427
60 9 0 410
60 9 1 458
60 9 2 444
80 0 0 780
80 0 1 798
80 0 2 755
80 1 0 799
80 1 1 783
80 1 2 784
80 2 0 782
80 2 1 803
80 2 2 773
80 3 0 777
80 3 1 786
80 3 2 781
80 4 0 772
80 4 1 704
80 4 2 798
80 5 0 789
80 5 1 775
80 5 2 792
80 6 0 791
80 6 1 810
80 6 2 740
80 7 0 702
80 7 1 802
80 7 2 793
80 8 0 768
80 8 1 790
80 8 2 761
80 9 0 729
80 9 1 812
80 9 2 758
100 0 0 1222
100 0 1 1218
100 0 2 1246
100 1 0 1248
100 1 1 1226
100 1 2 1227
100 2 0 1236
100 2 1 1192
100 2 2 1178
100 3 0 1253
100 3 1 1232
100 3 2 1188
100 4 0 1112
100 4 1 1184
100 4 2 1221
100 5 0 1142
100 5 1 1216
100 5 2 1210
100 6 0 1230
100 6 1 1219
100 6 2 1226
100 7 0 1209
100 7 1 1215
100 7 2 1276
100 8 0 1235
100 8 1 1219
100 8 2 1193
100 9 0 1223
100 9 1 1196
100 9 2 1156
60 0 3 444
60 0 4 436
60 0 5 434
60 0 6 369
60 0 7 445
60 0 8 445
60 0 9 441
60 0 10 306
60 1 3 441
60 1 4 443
60 1 5 416
60 1 6 450
60 1 7 415
60 1 8 429
60 1 9 399
60 1 10 431
60 2 3 442
60 2 4 470
60 2 5 438
60 2 6 453
60 2 7 441
60 2 8 443
60 2 9 422
60 2 10 449
60 3 3 447
60 3 4 450
60 3 5 409
60 3 6 462
60 3 7 435
60 3 8 399
60 3 9 441
60 3 10 427
60 4 3 417
60 4 4 421
60 4 5 455
60 4 6 405
60 4 7 421
60 4 8 444
60 4 9 434
60 4 10 412
60 5 3 427
60 5 4 434
60 5 5 408
60 5 6 410
60 5 7 388
60 5 8 443
60 5 9 438
60 5 10 386
60 6 3 421
60 6 4 425
60 6 5 443
60 6 6 371
60 6 7 447
60 6 8 429
60 6 9 415
60 6 10 440
60 7 3 379
60 7 4 413
60 7 5 441
60 7 6 434
60 7 7 422
60 7 8 437
60 7 9 395
60 7 10 437
60 8 3 432
60 8 4 414
60 8 5 384
60 8 6 441
60 8 7 428
60 8 8 463
60 8 9 419
60 8 10 420
60 9 3 423
60 9 4 440
60 9 5 441
60 9 6 446
60 9 7 409
60 9 8 452
60 9 9 442
60 9 10 435
80 0 3 753
80 0 4 773
80 0 5 775
80 0 6 789
80 0 7 803
80 0 8 781
80 0 9 796
80 0 10 784
80 1 3 788
80 1 4 733
80 1 5 785
80 1 6 721
80 1 7 755
80 1 8 793
80 1 9 777
80 1 10 793
80 2 3 790
80 2 4 807
80 2 5 777
80 2 6 648
80 2 7 801
80 2 8 782
80 2 9 796
80 2 10 778
80 3 3 766
80 3 4 713
80 3 5 785
80 3 6 761
80 3 7 790
80 3 8 773
80 3 9 788
80 3 10 778
80 4 3 781
80 4 4 784
80 4 5 792
80 4 6 805
80 4 7 812
80 4 8 677
80 4 9 779
80 4 10 728
80 5 3 745
80 5 4 808
80 5 5 786
80 5 6 688
80 5 7 778
80 5 8 786
80 5 9 789
80 5 10 774
80 6 3 777
80 6 4 784
80 6 5 790
80 6 6 750
80 6 7 771
80 6 8 805
80 6 9 806
80 6 10 782
80 7 3 785
80 7 4 777
80 7 5 754
80 7 6 787
80 7 7 788
80 7 8 803
80 7 9 811
80 7 10 789
80 8 3 795
80 8 4 752
80 8 5 702
80 8 6 756
80 8 7 810
80 8 8 709
80 8 9 793
80 8 10 793
80 9 3 780
80 9 4 802
80 9 5 766
80 9 6 777
80 9 7 762
80 9 8 813
80 9 9 766
80 9 10 735
100 0 3 1251
100 0 4 1232
100 0 5 1237
100 0 6 1245
100 0 7 1235
100 0 8 1225
100 0 9 1254
100 0 10 1250
100 1 3 1234
100 1 4 1249
100 1 5 1218
100 1 6 1257
100 1 7 1228
100 1 8 1268
100 1 9 1189
100 1 10 1219
100 2 3 1236
100 2 4 1214
100 2 5 1181
100 2 6 1217
100 2 7 969
100 2 8 1225
100 2 9 1266
100 2 10 1227
100 3 3 1263
100 3 4 1187
100 3 5 1142
100 3 6 1184
100 3 7 1213
100 3 8 1237
100 3 9 1232
100 3 10 1190
100 4 3 1256
100 4 4 1235
100 4 5 1244
100 4 6 1224
100 4 7 1206
100 4 8 1175
100 4 9 1211
100 4 10 1233
100 5 3 1229
100 5 4 1240
100 5 5 1251
100 5 6 1225
100 5 7 1062
100 5 8 1181
100 5 9 1240
100 5 10 1222
100 6 3 1242
100 6 4 1266
100 6 5 1226
100 6 6 1216
100 6 7 1235
100 6 8 1220
100 6 9 1234
100 6 10 1190
100 7 3 1227
100 7 4 1251
100 7 5 1251
100 7 6 1253
100 7 7 1213
100 7 8 1200
100 7 9 1249
100 7 10 1179
100 8 3 1205
100 8 4 1213
100 8 5 1257
100 8 6 1259
100 8 7 1252
100 8 8 1221
100 8 9 1232
100 8 10 1251
100 9 3 1247
100 9 4 1237
100 9 5 1194
100 9 6 1220
100 9 7 1187
100 9 8 1244
100 9 9 1232
100 9 10 1202
