60 0 0 437
60 0 1 454
60 0 2 467
60 1 0 415
60 1 1 387
60 1 2 449
60 2 0 437
60 2 1 443
60 2 2 440
60 3 0 444
60 3 1 440
60 3 2 431
60 4 0 424
60 4 1 442
60 4 2 439
60 5 0 449
60 5 1 436
60 5 2 452
60 6 0 425
60 6 1 429
60 6 2 442
60 7 0 449
60 7 1 448
60 7 2 437
60 8 0 454
60 8 1 399
60 8 2 457
60 9 0 438
60 9 1 434
60 9 2 452
80 0 0 782
80 0 1 777
80 0 2 717
80 1 0 797
80 1 1 788
80 1 2 711
80 2 0 785
80 2 1 765
80 2 2 782
80 3 0 779
80 3 1 793
80 3 2 797
80 4 0 779
80 4 1 805
80 4 2 770
80 5 0 769
80 5 1 795
80 5 2 747
80 6 0 761
80 6 1 799
80 6 2 780
80 7 0 800
80 7 1 771
80 7 2 794
80 8 0 780
80 8 1 778
80 8 2 801
80 9 0 777
80 9 1 746
80 9 2 791
100 0 0 1255
100 0 1 1234
100 0 2 1254
100 1 0 1238
100 1 1 1196
100 1 2 1186
100 2 0 1215
100 2 1 1244
100 2 2 1226
100 3 0 1256
100 3 1 985
100 3 2 1201
100 4 0 1245
100 4 1 1162
100 4 2 1216
100 5 0 1225
100 5 1 1193
100 5 2 934
100 6 0 1192
100 6 1 1280
100 6 2 1228
100 7 0 1157
100 7 1 1229
100 7 2 1203
100 8 0 1229
100 8 1 1278
100 8 2 1247
100 9 0 1119
100 9 1 1179
100 9 2 1241
60 0 3 438
60 0 4 394
60 0 5 417
60 0 6 457
60 0 7 423
60 0 8 395
60 0 9 420
60 0 10 398
60 1 3 449
60 1 4 443
60 1 5 444
60 1 6 442
60 1 7 466
60 1 8 457
60 1 9 442
60 1 10 424
60 2 3 421
60 2 4 425
60 2 5 440
60 2 6 459
60 2 7 314
60 2 8 445
60 2 9 438
60 2 10 461
60 3 3 442
60 3 4 447
60 3 5 418
60 3 6 375
60 3 7 442
60 3 8 438
60 3 9 440
60 3 10 452
60 4 3 439
60 4 4 439
60 4 5 439
60 4 6 419
60 4 7 435
60 4 8 432
60 4 9 430
60 4 10 437
60 5 3 392
60 5 4 448
60 5 5 447
60 5 6 425
60 5 7 446
60 5 8 459
60 5 9 399
60 5 10 406
60 6 3 458
60 6 4 444
60 6 5 429
60 6 6 410
60 6 7 413
60 6 8 434
60 6 9 442
60 6 10 445
60 7 3 452
60 7 4 423
60 7 5 432
60 7 6 426
60 7 7 444
60 7 8 440
60 7 9 448
60 7 10 429
60 8 3 448
60 8 4 459
60 8 5 452
60 8 6 407
60 8 7 453
60 8 8 442
60 8 9 422
60 8 10 422
60 9 3 432
60 9 4 447
60 9 5 422
60 9 6 428
60 9 7 449
60 9 8 431
60 9 9 453
60 9 10 408
80 0 3 804
80 0 4 791
80 0 5 788
80 0 6 777
80 0 7 785
80 0 8 790
80 0 9 741
80 0 10 796
80 1 3 770
80 1 4 703
80 1 5 789
80 1 6 778
80 1 7 803
80 1 8 795
80 1 9 714
80 1 10 765
80 2 3 802
80 2 4 737
80 2 5 800
80 2 6 793
80 2 7 800
80 2 8 804
80 2 9 812
80 2 10 784
80 3 3 801
80 3 4 804
80 3 5 773
80 3 6 777
80 3 7 757
80 3 8 783
80 3 9 796
80 3 10 711
80 4 3 791
80 4 4 804
80 4 5 783
80 4 6 784
80 4 7 769
80 4 8 798
80 4 9 775
80 4 10 769
80 5 3 763
80 5 4 751
80 5 5 692
80 5 6 759
80 5 7 683
80 5 8 789
80 5 9 791
80 5 10 809
80 6 3 760
80 6 4 772
80 6 5 780
80 6 6 798
80 6 7 759
80 6 8 810
80 6 9 781
80 6 10 826
80 7 3 761
80 7 4 749
80 7 5 752
80 7 6 761
80 7 7 801
80 7 8 715
80 7 9 775
80 7 10 809
80 8 3 802
80 8 4 818
80 8 5 796
80 8 6 802
80 8 7 793
80 8 8 805
80 8 9 796
80 8 10 795
80 9 3 752
80 9 4 792
80 9 5 732
80 9 6 703
80 9 7 824
80 9 8 794
80 9 9 781
80 9 10 772
100 0 3 1242
100 0 4 1192
100 0 5 1237
100 0 6 1243
100 0 7 1228
100 0 8 1221
100 0 9 1241
100 0 10 1175
100 1 3 1268
100 1 4 1203
100 1 5 1259
100 1 6 1231
100 1 7 1195
100 1 8 1205
100 1 9 1239
100 1 10 1251
100 2 3 1221
100 2 4 1308
100 2 5 1274
100 2 6 1215
100 2 7 1208
100 2 8 1207
100 2 9 1228
100 2 10 1248
100 3 3 1223
100 3 4 1175
100 3 5 1222
100 3 6 1271
100 3 7 1272
100 3 8 1237
100 3 9 1070
100 3 10 1235
100 4 3 1251
100 4 4 1252
100 4 5 1231
100 4 6 1253
100 4 7 1175
100 4 8 1204
100 4 9 1221
100 4 10 1217
100 5 3 1223
100 5 4 1197
100 5 5 1276
100 5 6 1258
100 5 7 1249
100 5 8 1224
100 5 9 1214
100 5 10 1172
100 6 3 1201
100 6 4 1228
100 6 5 1208
100 6 6 1176
100 6 7 1245
100 6 8 1217
100 6 9 1218
100 6 10 1258
100 7 3 1276
100 7 4 1275
100 7 5 1230
100 7 6 1185
100 7 7 1250
100 7 8 1132
100 7 9 1247
100 7 10 1193
100 8 3 1249
100 8 4 1164
100 8 5 1237
100 8 6 1216
100 8 7 1261
100 8 8 1250
100 8 9 1266
100 8 10 1204
100 9 3 1256
100 9 4 1240
100 9 5 1177
100 9 6 1262
100 9 7 1260
100 9 8 1198
100 9 9 1234
100 9 10 1133
