60 0 0 438
60 0 1 442
60 0 2 426
60 1 0 449
60 1 1 430
60 1 2 434
60 2 0 429
60 2 1 413
60 2 2 454
60 3 0 444
60 3 1 437
60 3 2 448
60 4 0 422
60 4 1 439
60 4 2 432
60 5 0 437
60 5 1 406
60 5 2 432
60 6 0 419
60 6 1 437
60 6 2 441
60 7 0 436
60 7 1 426
60 7 2 443
60 8 0 463
60 8 1 410
60 8 2 412
60 9 0 411
60 9 1 441
60 9 2 459
80 0 0 807
80 0 1 776
80 0 2 782
80 1 0 813
80 1 1 781
80 1 2 719
80 2 0 768
80 2 1 765
80 2 2 784
80 3 0 791
80 3 1 774
80 3 2 788
80 4 0 724
80 4 1 785
80 4 2 784
80 5 0 783
80 5 1 798
80 5 2 806
80 6 0 806
80 6 1 761
80 6 2 780
80 7 0 773
80 7 1 750
80 7 2 806
80 8 0 766
80 8 1 744
80 8 2 737
80 9 0 756
80 9 1 790
80 9 2 772
100 0 0 1249
100 0 1 1220
100 0 2 1260
100 1 0 1232
100 1 1 1230
100 1 2 1251
100 2 0 1233
100 2 1 1202
100 2 2 1215
100 3 0 1215
100 3 1 1236
100 3 2 1247
100 4 0 1190
100 4 1 1277
100 4 2 1202
100 5 0 1165
100 5 1 1222
100 5 2 1270
100 6 0 1226
100 6 1 1241
100 6 2 1265
100 7 0 1234
100 7 1 1237
100 7 2 1256
100 8 0 1227
100 8 1 1262
100 8 2 1228
100 9 0 1278
100 9 1 1179
100 9 2 1157
60 0 3 439
60 0 4 401
60 0 5 406
60 0 6 438
60 0 7 451
60 0 8 395
60 0 9 445
60 0 10 392
60 1 3 448
60 1 4 424
60 1 5 429
60 1 6 418
60 1 7 396
60 1 8 401
60 1 9 446
60 1 10 440
60 2 3 424
60 2 4 445
60 2 5 408
60 2 6 425
60 2 7 434
60 2 8 430
60 2 9 434
60 2 10 351
60 3 3 463
60 3 4 438
60 3 5 421
60 3 6 445
60 3 7 402
60 3 8 449
60 3 9 427
60 3 10 415
60 4 3 454
60 4 4 463
60 4 5 398
60 4 6 444
60 4 7 431
60 4 8 463
60 4 9 440
60 4 10 408
60 5 3 438
60 5 4 439
60 5 5 451
60 5 6 424
60 5 7 442
60 5 8 435
60 5 9 453
60 5 10 440
60 6 3 446
60 6 4 449
60 6 5 379
60 6 6 453
60 6 7 428
60 6 8 438
60 6 9 422
60 6 10 366
60 7 3 429
60 7 4 451
60 7 5 432
60 7 6 423
60 7 7 461
60 7 8 445
60 7 9 420
60 7 10 430
60 8 3 452
60 8 4 411
60 8 5 370
60 8 6 442
60 8 7 469
60 8 8 433
60 8 9 440
60 8 10 436
60 9 3 416
60 9 4 433
60 9 5 417
60 9 6 377
60 9 7 448
60 9 8 430
60 9 9 438
60 9 10 448
80 0 3 766
80 0 4 790
80 0 5 787
80 0 6 770
80 0 7 789
80 0 8 785
80 0 9 750
80 0 10 787
80 1 3 770
80 1 4 816
80 1 5 792
80 1 6 783
80 1 7 773
80 1 8 747
80 1 9 781
80 1 10 768
80 2 3 779
80 2 4 799
80 2 5 806
80 2 6 734
80 2 7 781
80 2 8 768
80 2 9 773
80 2 10 761
80 3 3 769
80 3 4 784
80 3 5 807
80 3 6 809
80 3 7 769
80 3 8 765
80 3 9 789
80 3 10 782
80 4 3 765
80 4 4 786
80 4 5 807
80 4 6 786
80 4 7 784
80 4 8 739
80 4 9 739
80 4 10 775
80 5 3 758
80 5 4 812
80 5 5 804
80 5 6 790
80 5 7 815
80 5 8 773
80 5 9 814
80 5 10 789
80 6 3 752
80 6 4 774
80 6 5 808
80 6 6 708
80 6 7 803
80 6 8 784
80 6 9 797
80 6 10 798
80 7 3 797
80 7 4 796
80 7 5 775
80 7 6 809
80 7 7 734
80 7 8 796
80 7 9 773
80 7 10 822
80 8 3 781
80 8 4 771
80 8 5 743
80 8 6 798
80 8 7 754
80 8 8 741
80 8 9 787
80 8 10 781
80 9 3 792
80 9 4 837
80 9 5 792
80 9 6 788
80 9 7 798
80 9 8 799
80 9 9 786
80 9 10 773
100 0 3 1217
100 0 4 1244
100 0 5 1181
100 0 6 1230
100 0 7 1150
100 0 8 1243
100 0 9 1223
100 0 10 1265
100 1 3 1241
100 1 4 1168
100 1 5 1243
100 1 6 1234
100 1 7 1244
100 1 8 1202
100 1 9 1222
100 1 10 1259
100 2 3 1222
100 2 4 1219
100 2 5 1203
100 2 6 1203
100 2 7 1265
100 2 8 1210
100 2 9 1204
100 2 10 1176
100 3 3 1210
100 3 4 1260
100 3 5 1274
100 3 6 1227
100 3 7 1210
100 3 8 1241
100 3 9 1255
100 3 10 1227
100 4 3 1273
100 4 4 1201
100 4 5 1246
100 4 6 1261
100 4 7 1258
100 4 8 1287
100 4 9 1256
100 4 10 1194
100 5 3 1213
100 5 4 1277
100 5 5 1220
100 5 6 1230
100 5 7 1251
100 5 8 1300
100 5 9 1163
100 5 10 1207
100 6 3 1229
100 6 4 1235
100 6 5 1201
100 6 6 1180
100 6 7 1254
100 6 8 1275
100 6 9 1215
100 6 10 1232
100 7 3 1236
100 7 4 1225
100 7 5 1251
100 7 6 1219
100 7 7 1286
100 7 8 1221
100 7 9 1247
100 7 10 1233
100 8 3 1216
100 8 4 1182
100 8 5 1218
100 8 6 1237
100 8 7 1249
100 8 8 1248
100 8 9 1124
100 8 10 1218
100 9 3 1239
100 9 4 1169
100 9 5 1249
100 9 6 1221
100 9 7 1254
100 9 8 1234
100 9 9 1254
100 9 10 1230
