60 0 0 391
60 0 1 439
60 0 2 431
60 1 0 458
60 1 1 425
60 1 2 436
60 2 0 436
60 2 1 452
60 2 2 446
60 3 0 403
60 3 1 394
60 3 2 437
60 4 0 437
60 4 1 433
60 4 2 433
60 5 0 446
60 5 1 435
60 5 2 417
60 6 0 436
60 6 1 462
60 6 2 377
60 7 0 438
60 7 1 351
60 7 2 453
60 8 0 449
60 8 1 431
60 8 2 427
60 9 0 410
60 9 1 431
60 9 2 452
80 0 0 783
80 0 1 788
80 0 2 790
80 1 0 783
80 1 1 803
80 1 2 812
80 2 0 801
80 2 1 793
80 2 2 752
80 3 0 750
80 3 1 797
80 3 2 771
80 4 0 765
80 4 1 823
80 4 2 763
80 5 0 801
80 5 1 759
80 5 2 806
80 6 0 806
80 6 1 774
80 6 2 804
80 7 0 801
80 7 1 747
80 7 2 798
80 8 0 743
80 8 1 802
80 8 2 801
80 9 0 821
80 9 1 782
80 9 2 762
100 0 0 1175
100 0 1 1160
100 0 2 1251
100 1 0 1281
100 1 1 1236
100 1 2 1231
100 2 0 1237
100 2 1 1221
100 2 2 1231
100 3 0 1203
100 3 1 1227
100 3 2 1249
100 4 0 1254
100 4 1 1244
100 4 2 1201
100 5 0 1246
100 5 1 1242
100 5 2 1232
100 6 0 1209
100 6 1 1184
100 6 2 1220
100 7 0 1199
100 7 1 1182
100 7 2 1240
100 8 0 1219
100 8 1 1247
100 8 2 1261
100 9 0 1206
100 9 1 1228
100 9 2 1211
60 0 3 419
60 0 4 460
60 0 5 430
60 0 6 452
60 0 7 438
60 0 8 446
60 0 9 372
60 0 10 457
60 1 3 418
60 1 4 441
60 1 5 439
60 1 6 425
60 1 7 439
60 1 8 422
60 1 9 445
60 1 10 447
60 2 3 420
60 2 4 457
60 2 5 437
60 2 6 457
60 2 7 448
60 2 8 428
60 2 9 443
60 2 10 421
60 3 3 374
60 3 4 462
60 3 5 446
60 3 6 410
60 3 7 438
60 3 8 455
60 3 9 429
60 3 10 446
60 4 3 456
60 4 4 453
60 4 5 442
60 4 6 424
60 4 7 410
60 4 8 434
60 4 9 449
60 4 10 446
60 5 3 404
60 5 4 432
60 5 5 453
60 5 6 444
60 5 7 443
60 5 8 455
60 5 9 438
60 5 10 409
60 6 3 422
60 6 4 448
60 6 5 428
60 6 6 432
60 6 7 437
60 6 8 432
60 6 9 411
60 6 10 429
60 7 3 442
60 7 4 438
60 7 5 437
60 7 6 423
60 7 7 455
60 7 8 426
60 7 9 436
60 7 10 440
60 8 3 446
60 8 4 406
60 8 5 432
60 8 6 418
60 8 7 445
60 8 8 383
60 8 9 430
60 8 10 429
60 9 3 445
60 9 4 449
60 9 5 427
60 9 6 378
60 9 7 413
60 9 8 429
60 9 9 415
60 9 10 444
80 0 3 771
80 0 4 777
80 0 5 783
80 0 6 780
80 0 7 780
80 0 8 789
80 0 9 781
80 0 10 781
80 1 3 813
80 1 4 786
80 1 5 715
80 1 6 744
80 1 7 786
80 1 8 783
80 1 9 770
80 1 10 788
80 2 3 808
80 2 4 798
80 2 5 799
80 2 6 791
80 2 7 783
80 2 8 791
80 2 9 780
80 2 10 785
80 3 3 792
80 3 4 794
80 3 5 772
80 3 6 811
80 3 7 815
80 3 8 778
80 3 9 784
80 3 10 775
80 4 3 801
80 4 4 764
80 4 5 788
80 4 6 795
80 4 7 805
80 4 8 762
80 4 9 772
80 4 10 725
80 5 3 831
80 5 4 784
80 5 5 783
80 5 6 767
80 5 7 787
80 5 8 788
80 5 9 792
80 5 10 801
80 6 3 772
80 6 4 775
80 6 5 792
80 6 6 788
80 6 7 767
80 6 8 729
80 6 9 803
80 6 10 826
80 7 3 777
80 7 4 797
80 7 5 763
80 7 6 728
80 7 7 765
80 7 8 763
80 7 9 787
80 7 10 749
80 8 3 775
80 8 4 824
80 8 5 787
80 8 6 795
80 8 7 785
80 8 8 799
80 8 9 765
80 8 10 802
80 9 3 766
80 9 4 790
80 9 5 797
80 9 6 805
80 9 7 783
80 9 8 778
80 9 9 770
80 9 10 797
100 0 3 1244
100 0 4 1242
100 0 5 1263
100 0 6 1207
100 0 7 1292
100 0 8 1224
100 0 9 1243
100 0 10 1205
100 1 3 1257
100 1 4 1246
100 1 5 1233
100 1 6 1261
100 1 7 1197
100 1 8 1227
100 1 9 1242
100 1 10 1244
100 2 3 1259
100 2 4 1193
100 2 5 1230
100 2 6 1221
100 2 7 1181
100 2 8 1240
100 2 9 1250
100 2 10 1233
100 3 3 1195
100 3 4 1222
100 3 5 1226
100 3 6 1250
100 3 7 1224
100 3 8 1173
100 3 9 1184
100 3 10 1262
100 4 3 1210
100 4 4 1241
100 4 5 1230
100 4 6 1212
100 4 7 1206
100 4 8 998
100 4 9 1239
100 4 10 1200
100 5 3 1245
100 5 4 1237
100 5 5 1249
100 5 6 1232
100 5 7 1247
100 5 8 1189
100 5 9 1239
100 5 10 1251
100 6 3 1229
100 6 4 1215
100 6 5 1236
100 6 6 1195
100 6 7 1213
100 6 8 1226
100 6 9 1213
100 6 10 1242
100 7 3 1207
100 7 4 1222
100 7 5 1235
100 7 6 1190
100 7 7 1198
100 7 8 1251
100 7 9 1262
100 7 10 1242
100 8 3 1206
100 8 4 1266
100 8 5 1221
100 8 6 1258
100 8 7 1232
100 8 8 1209
100 8 9 1212
100 8 10 1232
100 9 3 1224
100 9 4 1226
100 9 5 1220
100 9 6 1234
100 9 7 1246
100 9 8 1250
100 9 9 1226
100 9 10 1253
