60 0 0 422
60 0 1 453
60 0 2 428
60 1 0 420
60 1 1 391
60 1 2 412
60 2 0 459
60 2 1 416
60 2 2 468
60 3 0 406
60 3 1 439
60 3 2 452
60 4 0 449
60 4 1 460
60 4 2 450
60 5 0 398
60 5 1 389
60 5 2 434
60 6 0 459
60 6 1 449
60 6 2 404
60 7 0 432
60 7 1 402
60 7 2 443
60 8 0 451
60 8 1 455
60 8 2 461
60 9 0 433
60 9 1 442
60 9 2 431
80 0 0 762
80 0 1 759
80 0 2 766
80 1 0 795
80 1 1 671
80 1 2 795
80 2 0 801
80 2 1 787
80 2 2 786
80 3 0 768
80 3 1 777
80 3 2 798
80 4 0 783
80 4 1 760
80 4 2 778
80 5 0 789
80 5 1 754
80 5 2 760
80 6 0 792
80 6 1 820
80 6 2 795
80 7 0 751
80 7 1 788
80 7 2 784
80 8 0 612
80 8 1 766
80 8 2 766
80 9 0 750
80 9 1 764
80 9 2 802
100 0 0 1169
100 0 1 1211
100 0 2 1204
100 1 0 1221
100 1 1 1247
100 1 2 1234
100 2 0 1179
100 2 1 1263
100 2 2 1227
100 3 0 1213
100 3 1 1277
100 3 2 1168
100 4 0 1216
100 4 1 1243
100 4 2 1219
100 5 0 1239
100 5 1 1166
100 5 2 1202
100 6 0 1227
100 6 1 1162
100 6 2 1206
100 7 0 1233
100 7 1 1241
100 7 2 1120
100 8 0 1216
100 8 1 1094
100 8 2 1237
100 9 0 1202
100 9 1 1234
100 9 2 1200
60 0 3 432
60 0 4 456
60 0 5 457
60 0 6 442
60 0 7 437
60 0 8 422
60 0 9 444
60 0 10 440
60 1 3 438
60 1 4 415
60 1 5 446
60 1 6 428
60 1 7 433
60 1 8 428
60 1 9 443
60 1 10 447
60 2 3 316
60 2 4 459
60 2 5 438
60 2 6 452
60 2 7 441
60 2 8 436
60 2 9 378
60 2 10 453
60 3 3 407
60 3 4 453
60 3 5 449
60 3 6 382
60 3 7 455
60 3 8 419
60 3 9 445
60 3 10 430
60 4 3 451
60 4 4 431
60 4 5 453
60 4 6 449
60 4 7 413
60 4 8 404
60 4 9 436
60 4 10 442
60 5 3 431
60 5 4 401
60 5 5 431
60 5 6 445
60 5 7 434
60 5 8 449
60 5 9 448
60 5 10 441
60 6 3 409
60 6 4 452
60 6 5 451
60 6 6 440
60 6 7 436
60 6 8 451
60 6 9 422
60 6 10 420
60 7 3 424
60 7 4 447
60 7 5 465
60 7 6 437
60 7 7 443
60 7 8 419
60 7 9 454
60 7 10 444
60 8 3 428
60 8 4 428
60 8 5 435
60 8 6 434
60 8 7 439
60 8 8 459
60 8 9 442
60 8 10 434
60 9 3 454
60 9 4 411
60 9 5 440
60 9 6 441
60 9 7 443
60 9 8 437
60 9 9 449
60 9 10 442
80 0 3 784
80 0 4 797
80 0 5 809
80 0 6 797
80 0 7 801
80 0 8 801
80 0 9 780
80 0 10 785
80 1 3 775
80 1 4 791
80 1 5 747
80 1 6 760
80 1 7 754
80 1 8 793
80 1 9 796
80 1 10 664
80 2 3 768
80 2 4 757
80 2 5 774
80 2 6 756
80 2 7 798
80 2 8 780
80 2 9 770
80 2 10 797
80 3 3 801
80 3 4 810
80 3 5 789
80 3 6 710
80 3 7 787
80 3 8 784
80 3 9 780
80 3 10 795
80 4 3 765
80 4 4 770
80 4 5 780
80 4 6 762
80 4 7 778
80 4 8 810
80 4 9 785
80 4 10 720
80 5 3 787
80 5 4 787
80 5 5 799
80 5 6 817
80 5 7 742
80 5 8 738
80 5 9 787
80 5 10 718
80 6 3 786
80 6 4 801
80 6 5 761
80 6 6 802
80 6 7 801
80 6 8 809
80 6 9 768
80 6 10 776
80 7 3 804
80 7 4 762
80 7 5 805
80 7 6 796
80 7 7 763
80 7 8 799
80 7 9 785
80 7 10 766
80 8 3 817
80 8 4 776
80 8 5 806
80 8 6 810
80 8 7 790
80 8 8 794
80 8 9 767
80 8 10 782
80 9 3 757
80 9 4 793
80 9 5 774
80 9 6 766
80 9 7 773
80 9 8 783
80 9 9 755
80 9 10 772
100 0 3 1212
100 0 4 1238
100 0 5 1213
100 0 6 1225
100 0 7 1210
100 0 8 1260
100 0 9 1243
100 0 10 1203
100 1 3 1136
100 1 4 1238
100 1 5 1245
100 1 6 1247
100 1 7 1275
100 1 8 1097
100 1 9 1232
100 1 10 1244
100 2 3 1166
100 2 4 1182
100 2 5 1237
100 2 6 1234
100 2 7 1284
100 2 8 1229
100 2 9 1189
100 2 10 1252
100 3 3 1241
100 3 4 1207
100 3 5 1231
100 3 6 1227
100 3 7 1249
100 3 8 1263
100 3 9 1271
100 3 10 1222
100 4 3 1232
100 4 4 1160
100 4 5 1197
100 4 6 1152
100 4 7 1232
100 4 8 1165
100 4 9 1198
100 4 10 1251
100 5 3 1206
100 5 4 1226
100 5 5 1207
100 5 6 1248
100 5 7 1206
100 5 8 1256
100 5 9 1199
100 5 10 1190
100 6 3 1241
100 6 4 1228
100 6 5 1230
100 6 6 1267
100 6 7 1274
100 6 8 1205
100 6 9 1211
100 6 10 1281
100 7 3 1217
100 7 4 1221
100 7 5 1220
100 7 6 1119
100 7 7 1254
100 7 8 1254
100 7 9 1177
100 7 10 1235
100 8 3 1231
100 8 4 1245
100 8 5 1219
100 8 6 1226
100 8 7 1231
100 8 8 1212
100 8 9 1250
100 8 10 1203
100 9 3 1223
100 9 4 1214
100 9 5 1254
100 9 6 1235
100 9 7 1146
100 9 8 1220
100 9 9 1238
100 9 10 1186
