60 0 0 424
60 0 1 399
60 0 2 424
60 1 0 406
60 1 1 444
60 1 2 423
60 2 0 409
60 2 1 445
60 2 2 436
60 3 0 435
60 3 1 395
60 3 2 423
60 4 0 445
60 4 1 344
60 4 2 395
60 5 0 443
60 5 1 431
60 5 2 431
60 6 0 438
60 6 1 445
60 6 2 431
60 7 0 450
60 7 1 459
60 7 2 457
60 8 0 406
60 8 1 439
60 8 2 443
60 9 0 425
60 9 1 455
60 9 2 449
80 0 0 767
80 0 1 789
80 0 2 799
80 1 0 787
80 1 1 790
80 1 2 795
80 2 0 789
80 2 1 721
80 2 2 773
80 3 0 739
80 3 1 782
80 3 2 723
80 4 0 768
80 4 1 658
80 4 2 762
80 5 0 793
80 5 1 781
80 5 2 784
80 6 0 755
80 6 1 740
80 6 2 738
80 7 0 770
80 7 1 768
80 7 2 767
80 8 0 822
80 8 1 748
80 8 2 788
80 9 0 765
80 9 1 802
80 9 2 783
100 0 0 1249
100 0 1 1139
100 0 2 1273
100 1 0 1138
100 1 1 1208
100 1 2 1188
100 2 0 1225
100 2 1 1260
100 2 2 1038
100 3 0 1237
100 3 1 1110
100 3 2 1228
100 4 0 1215
100 4 1 1251
100 4 2 1208
100 5 0 1233
100 5 1 1247
100 5 2 1207
100 6 0 1236
100 6 1 1119
100 6 2 1227
100 7 0 1213
100 7 1 1106
100 7 2 1204
100 8 0 1204
100 8 1 1228
100 8 2 1216
100 9 0 1235
100 9 1 1257
100 9 2 1221
60 0 3 289
60 0 4 444
60 0 5 443
60 0 6 444
60 0 7 411
60 0 8 371
60 0 9 406
60 0 10 447
60 1 3 444
60 1 4 415
60 1 5 436
60 1 6 452
60 1 7 435
60 1 8 375
60 1 9 448
60 1 10 447
60 2 3 346
60 2 4 426
60 2 5 425
60 2 6 443
60 2 7 447
60 2 8 423
60 2 9 449
60 2 10 404
60 3 3 415
60 3 4 452
60 3 5 417
60 3 6 442
60 3 7 411
60 3 8 434
60 3 9 403
60 3 10 381
60 4 3 443
60 4 4 440
60 4 5 436
60 4 6 436
60 4 7 433
60 4 8 431
60 4 9 447
60 4 10 433
60 5 3 458
60 5 4 447
60 5 5 429
60 5 6 433
60 5 7 436
60 5 8 411
60 5 9 451
60 5 10 438
60 6 3 443
60 6 4 415
60 6 5 430
60 6 6 421
60 6 7 427
60 6 8 408
60 6 9 453
60 6 10 411
60 7 3 426
60 7 4 457
60 7 5 455
60 7 6 449
60 7 7 426
60 7 8 426
60 7 9 409
60 7 10 438
60 8 3 381
60 8 4 453
60 8 5 449
60 8 6 432
60 8 7 463
60 8 8 432
60 8 9 427
60 8 10 420
60 9 3 420
60 9 4 437
60 9 5 432
60 9 6 454
60 9 7 465
60 9 8 423
60 9 9 379
60 9 10 394
80 0 3 734
80 0 4 818
80 0 5 774
80 0 6 808
80 0 7 811
80 0 8 756
80 0 9 779
80 0 10 716
80 1 3 728
80 1 4 738
80 1 5 784
80 1 6 772
80 1 7 767
80 1 8 787
80 1 9 788
80 1 10 796
80 2 3 763
80 2 4 807
80 2 5 722
80 2 6 745
80 2 7 723
80 2 8 786
80 2 9 755
80 2 10 798
80 3 3 772
80 3 4 635
80 3 5 722
80 3 6 782
80 3 7 768
80 3 8 797
80 3 9 811
80 3 10 777
80 4 3 780
80 4 4 791
80 4 5 718
80 4 6 807
80 4 7 797
80 4 8 787
80 4 9 780
80 4 10 776
80 5 3 784
80 5 4 780
80 5 5 781
80 5 6 723
80 5 7 752
80 5 8 752
80 5 9 805
80 5 10 793
80 6 3 773
80 6 4 792
80 6 5 783
80 6 6 717
80 6 7 769
80 6 8 823
80 6 9 779
80 6 10 774
80 7 3 798
80 7 4 775
80 7 5 742
80 7 6 742
80 7 7 818
80 7 8 743
80 7 9 821
80 7 10 768
80 8 3 799
80 8 4 779
80 8 5 764
80 8 6 795
80 8 7 775
80 8 8 738
80 8 9 664
80 8 10 764
80 9 3 796
80 9 4 827
80 9 5 770
80 9 6 738
80 9 7 774
80 9 8 757
80 9 9 788
80 9 10 822
100 0 3 1222
100 0 4 1158
100 0 5 1257
100 0 6 1248
100 0 7 1254
100 0 8 1205
100 0 9 1220
100 0 10 1227
100 1 3 1257
100 1 4 1176
100 1 5 1188
100 1 6 1238
100 1 7 1249
100 1 8 1242
100 1 9 1234
100 1 10 1304
100 2 3 1214
100 2 4 1257
100 2 5 1214
100 2 6 1167
100 2 7 1206
100 2 8 1257
100 2 9 1232
100 2 10 1260
100 3 3 1245
100 3 4 1251
100 3 5 1218
100 3 6 1206
100 3 7 1225
100 3 8 1185
100 3 9 1194
100 3 10 1246
100 4 3 1241
100 4 4 1254
100 4 5 1232
100 4 6 1136
100 4 7 1215
100 4 8 1195
100 4 9 1223
100 4 10 1112
100 5 3 1230
100 5 4 1264
100 5 5 1242
100 5 6 1195
100 5 7 1234
100 5 8 1211
100 5 9 1245
100 5 10 1256
100 6 3 1258
100 6 4 1258
100 6 5 1196
100 6 6 1225
100 6 7 1233
100 6 8 1170
100 6 9 1215
100 6 10 1166
100 7 3 1093
100 7 4 1243
100 7 5 1229
100 7 6 1250
100 7 7 1244
100 7 8 1241
100 7 9 1220
100 7 10 1167
100 8 3 1255
100 8 4 1245
100 8 5 1228
100 8 6 1228
100 8 7 1246
100 8 8 1149
100 8 9 1092
100 8 10 1256
100 9 3 1108
100 9 4 1108
100 9 5 1165
100 9 6 1182
100 9 7 1243
100 9 8 1221
100 9 9 1252
100 9 10 1269
