60 0 0 440
60 0 1 440
60 0 2 395
60 1 0 433
60 1 1 435
60 1 2 392
60 2 0 446
60 2 1 377
60 2 2 415
60 3 0 455
60 3 1 431
60 3 2 446
60 4 0 377
60 4 1 431
60 4 2 449
60 5 0 440
60 5 1 429
60 5 2 412
60 6 0 441
60 6 1 429
60 6 2 469
60 7 0 449
60 7 1 402
60 7 2 426
60 8 0 413
60 8 1 456
60 8 2 431
60 9 0 431
60 9 1 448
60 9 2 432
80 0 0 810
80 0 1 793
80 0 2 802
80 1 0 781
80 1 1 759
80 1 2 770
80 2 0 769
80 2 1 676
80 2 2 746
80 3 0 797
80 3 1 738
80 3 2 785
80 4 0 762
80 4 1 782
80 4 2 763
80 5 0 797
80 5 1 726
80 5 2 784
80 6 0 779
80 6 1 809
80 6 2 773
80 7 0 643
80 7 1 778
80 7 2 712
80 8 0 770
80 8 1 788
80 8 2 781
80 9 0 737
80 9 1 709
80 9 2 759
100 0 0 1216
100 0 1 1267
100 0 2 1226
100 1 0 1223
100 1 1 1266
100 1 2 1217
100 2 0 1230
100 2 1 1242
100 2 2 1256
100 3 0 1159
100 3 1 1226
100 3 2 1143
100 4 0 1143
100 4 1 1160
100 4 2 1261
100 5 0 1223
100 5 1 1210
100 5 2 1212
100 6 0 1257
100 6 1 1227
100 6 2 1189
100 7 0 1215
100 7 1 1216
100 7 2 1239
100 8 0 1252
100 8 1 1102
100 8 2 1262
100 9 0 1263
100 9 1 1044
100 9 2 1235
60 0 3 439
60 0 4 450
60 0 5 398
60 0 6 424
60 0 7 436
60 0 8 424
60 0 9 455
60 0 10 398
60 1 3 450
60 1 4 448
60 1 5 449
60 1 6 459
60 1 7 442
60 1 8 430
60 1 9 414
60 1 10 445
60 2 3 449
60 2 4 450
60 2 5 427
60 2 6 342
60 2 7 420
60 2 8 431
60 2 9 446
60 2 10 452
60 3 3 420
60 3 4 462
60 3 5 442
60 3 6 415
60 3 7 388
60 3 8 440
60 3 9 343
60 3 10 429
60 4 3 444
60 4 4 433
60 4 5 444
60 4 6 440
60 4 7 458
60 4 8 415
60 4 9 462
60 4 10 456
60 5 3 419
60 5 4 430
60 5 5 421
60 5 6 437
60 5 7 449
60 5 8 442
60 5 9 456
60 5 10 453
60 6 3 424
60 6 4 436
60 6 5 422
60 6 6 456
60 6 7 352
60 6 8 425
60 6 9 429
60 6 10 385
60 7 3 453
60 7 4 424
60 7 5 445
60 7 6 436
60 7 7 444
60 7 8 438
60 7 9 357
60 7 10 431
60 8 3 443
60 8 4 430
60 8 5 449
60 8 6 404
60 8 7 457
60 8 8 443
60 8 9 443
60 8 10 391
60 9 3 450
60 9 4 430
60 9 5 454
60 9 6 442
60 9 7 470
60 9 8 440
60 9 9 447
60 9 10 443
80 0 3 748
80 0 4 724
80 0 5 793
80 0 6 759
80 0 7 807
80 0 8 796
80 0 9 797
80 0 10 774
80 1 3 806
80 1 4 797
80 1 5 743
80 1 6 757
80 1 7 765
80 1 8 808
80 1 9 724
80 1 10 799
80 2 3 783
80 2 4 789
80 2 5 789
80 2 6 796
80 2 7 785
80 2 8 730
80 2 9 794
80 2 10 805
80 3 3 764
80 3 4 790
80 3 5 795
80 3 6 787
80 3 7 774
80 3 8 798
80 3 9 782
80 3 10 773
80 4 3 788
80 4 4 751
80 4 5 766
80 4 6 780
80 4 7 790
80 4 8 807
80 4 9 788
80 4 10 718
80 5 3 630
80 5 4 658
80 5 5 761
80 5 6 766
80 5 7 774
80 5 8 822
80 5 9 785
80 5 10 803
80 6 3 800
80 6 4 765
80 6 5 818
80 6 6 790
80 6 7 780
80 6 8 772
80 6 9 716
80 6 10 774
80 7 3 773
80 7 4 789
80 7 5 738
80 7 6 763
80 7 7 781
80 7 8 807
80 7 9 800
80 7 10 780
80 8 3 780
80 8 4 816
80 8 5 789
80 8 6 794
80 8 7 792
80 8 8 763
80 8 9 763
80 8 10 797
80 9 3 743
80 9 4 780
80 9 5 791
80 9 6 710
80 9 7 786
80 9 8 817
80 9 9 785
80 9 10 779
100 0 3 1206
100 0 4 1253
100 0 5 1239
100 0 6 1219
100 0 7 1242
100 0 8 1109
100 0 9 1193
100 0 10 1228
100 1 3 1174
100 1 4 1259
100 1 5 1240
100 1 6 1185
100 1 7 1242
100 1 8 1217
100 1 9 1198
100 1 10 1276
100 2 3 1219
100 2 4 1202
100 2 5 1245
100 2 6 1220
100 2 7 1183
100 2 8 1176
100 2 9 1245
100 2 10 1206
100 3 3 1221
100 3 4 1232
100 3 5 1210
100 3 6 1240
100 3 7 1203
100 3 8 1251
100 3 9 1251
100 3 10 1230
100 4 3 1255
100 4 4 1152
100 4 5 1247
100 4 6 1190
100 4 7 1219
100 4 8 1252
100 4 9 1221
100 4 10 1227
100 5 3 1245
100 5 4 1254
100 5 5 1249
100 5 6 1237
100 5 7 1217
100 5 8 1223
100 5 9 1239
100 5 10 1201
100 6 3 1255
100 6 4 1161
100 6 5 1204
100 6 6 1227
100 6 7 1243
100 6 8 1223
100 6 9 1168
100 6 10 1128
100 7 3 1141
100 7 4 1132
100 7 5 1183
100 7 6 1220
100 7 7 1276
100 7 8 1257
100 7 9 1213
100 7 10 1134
100 8 3 920
100 8 4 1137
100 8 5 1213
100 8 6 1229
100 8 7 1251
100 8 8 1216
100 8 9 1244
100 8 10 1220
100 9 3 1231
100 9 4 1176
100 9 5 1183
100 9 6 1240
100 9 7 1210
100 9 8 1170
100 9 9 1235
100 9 10 1273
