60 0 0 408
60 0 1 438
60 0 2 433
60 1 0 413
60 1 1 356
60 1 2 422
60 2 0 453
60 2 1 454
60 2 2 440
60 3 0 430
60 3 1 439
60 3 2 448
60 4 0 429
60 4 1 443
60 4 2 432
60 5 0 437
60 5 1 408
60 5 2 439
60 6 0 400
60 6 1 397
60 6 2 435
60 7 0 414
60 7 1 434
60 7 2 441
60 8 0 433
60 8 1 419
60 8 2 461
60 9 0 415
60 9 1 458
60 9 2 457
80 0 0 789
80 0 1 778
80 0 2 785
80 1 0 797
80 1 1 776
80 1 2 757
80 2 0 782
80 2 1 777
80 2 2 811
80 3 0 798
80 3 1 778
80 3 2 805
80 4 0 760
80 4 1 761
80 4 2 791
80 5 0 764
80 5 1 788
80 5 2 778
80 6 0 800
80 6 1 786
80 6 2 782
80 7 0 779
80 7 1 801
80 7 2 772
80 8 0 791
80 8 1 779
80 8 2 798
80 9 0 788
80 9 1 817
80 9 2 802
100 0 0 1167
100 0 1 1218
100 0 2 1250
100 1 0 1236
100 1 1 1204
100 1 2 1231
100 2 0 1219
100 2 1 1205
100 2 2 1238
100 3 0 1281
100 3 1 1244
100 3 2 1214
100 4 0 1196
100 4 1 1266
100 4 2 1245
100 5 0 1223
100 5 1 1234
100 5 2 1256
100 6 0 1245
100 6 1 1214
100 6 2 1249
100 7 0 1234
100 7 1 1267
100 7 2 1183
100 8 0 1230
100 8 1 1233
100 8 2 1226
100 9 0 1263
100 9 1 1239
100 9 2 1216
60 0 3 440
60 0 4 423
60 0 5 450
60 0 6 424
60 0 7 315
60 0 8 438
60 0 9 420
60 0 10 438
60 1 3 452
60 1 4 441
60 1 5 425
60 1 6 422
60 1 7 425
60 1 8 443
60 1 9 444
60 1 10 447
60 2 3 455
60 2 4 436
60 2 5 434
60 2 6 443
60 2 7 411
60 2 8 442
60 2 9 435
60 2 10 446
60 3 3 429
60 3 4 439
60 3 5 451
60 3 6 464
60 3 7 437
60 3 8 428
60 3 9 430
60 3 10 450
60 4 3 428
60 4 4 413
60 4 5 365
60 4 6 435
60 4 7 452
60 4 8 456
60 4 9 445
60 4 10 403
60 5 3 417
60 5 4 455
60 5 5 448
60 5 6 399
60 5 7 444
60 5 8 444
60 5 9 461
60 5 10 445
60 6 3 407
60 6 4 449
60 6 5 396
60 6 6 424
60 6 7 377
60 6 8 432
60 6 9 455
60 6 10 428
60 7 3 392
60 7 4 448
60 7 5 414
60 7 6 449
60 7 7 374
60 7 8 434
60 7 9 440
60 7 10 451
60 8 3 419
60 8 4 451
60 8 5 449
60 8 6 440
60 8 7 379
60 8 8 447
60 8 9 431
60 8 10 441
60 9 3 389
60 9 4 436
60 9 5 440
60 9 6 416
60 9 7 451
60 9 8 445
60 9 9 459
60 9 10 441
80 0 3 773
80 0 4 783
80 0 5 750
80 0 6 734
80 0 7 717
80 0 8 778
80 0 9 799
80 0 10 795
80 1 3 800
80 1 4 798
80 1 5 817
80 1 6 781
80 1 7 786
80 1 8 780
80 1 9 706
80 1 10 794
80 2 3 771
80 2 4 800
80 2 5 648
80 2 6 741
80 2 7 733
80 2 8 778
80 2 9 790
80 2 10 807
80 3 3 757
80 3 4 799
80 3 5 821
80 3 6 737
80 3 7 783
80 3 8 809
80 3 9 805
80 3 10 751
80 4 3 722
80 4 4 709
80 4 5 809
80 4 6 797
80 4 7 770
80 4 8 760
80 4 9 812
80 4 10 804
80 5 3 798
80 5 4 822
80 5 5 741
80 5 6 784
80 5 7 781
80 5 8 789
80 5 9 795
80 5 10 754
80 6 3 777
80 6 4 752
80 6 5 809
80 6 6 800
80 6 7 802
80 6 8 625
80 6 9 791
80 6 10 822
80 7 3 785
80 7 4 756
80 7 5 718
80 7 6 797
80 7 7 791
80 7 8 745
80 7 9 802
80 7 10 804
80 8 3 779
80 8 4 745
80 8 5 778
80 8 6 759
80 8 7 805
80 8 8 783
80 8 9 815
80 8 10 665
80 9 3 746
80 9 4 767
80 9 5 795
80 9 6 770
80 9 7 722
80 9 8 820
80 9 9 806
80 9 10 777
100 0 3 1208
100 0 4 1221
100 0 5 1150
100 0 6 1211
100 0 7 1233
100 0 8 1203
100 0 9 1254
100 0 10 1252
100 1 3 1259
100 1 4 1239
100 1 5 1244
100 1 6 1233
100 1 7 1223
100 1 8 1228
100 1 9 1159
100 1 10 1240
100 2 3 1129
100 2 4 1252
100 2 5 1218
100 2 6 1195
100 2 7 1242
100 2 8 1209
100 2 9 1264
100 2 10 1255
100 3 3 1181
100 3 4 1200
100 3 5 1009
100 3 6 1230
100 3 7 1136
100 3 8 1264
100 3 9 1220
100 3 10 1135
100 4 3 1209
100 4 4 1197
100 4 5 1236
100 4 6 1254
100 4 7 1247
100 4 8 1260
100 4 9 1200
100 4 10 1257
100 5 3 1235
100 5 4 1244
100 5 5 1227
100 5 6 1207
100 5 7 1242
100 5 8 1199
100 5 9 1240
100 5 10 1241
100 6 3 1192
100 6 4 1209
100 6 5 1197
100 6 6 1210
100 6 7 1008
100 6 8 1242
100 6 9 1208
100 6 10 1257
100 7 3 1253
100 7 4 1267
100 7 5 1227
100 7 6 1199
100 7 7 1217
100 7 8 1241
100 7 9 1231
100 7 10 1193
100 8 3 1230
100 8 4 1203
100 8 5 1203
100 8 6 1213
100 8 7 1163
100 8 8 1229
100 8 9 1257
100 8 10 1259
100 9 3 1267
100 9 4 1233
100 9 5 1238
100 9 6 1249
100 9 7 1172
100 9 8 1205
100 9 9 1255
100 9 10 1229
