60 0 0 431
60 0 1 462
60 0 2 404
60 1 0 406
60 1 1 427
60 1 2 426
60 2 0 433
60 2 1 442
60 2 2 450
60 3 0 429
60 3 1 477
60 3 2 438
60 4 0 412
60 4 1 461
60 4 2 448
60 5 0 439
60 5 1 440
60 5 2 435
60 6 0 469
60 6 1 443
60 6 2 431
60 7 0 464
60 7 1 444
60 7 2 447
60 8 0 453
60 8 1 418
60 8 2 406
60 9 0 440
60 9 1 433
60 9 2 428
80 0 0 647
80 0 1 794
80 0 2 760
80 1 0 766
80 1 1 773
80 1 2 758
80 2 0 784
80 2 1 799
80 2 2 774
80 3 0 779
80 3 1 807
80 3 2 783
80 4 0 805
80 4 1 790
80 4 2 802
80 5 0 775
80 5 1 815
80 5 2 766
80 6 0 813
80 6 1 769
80 6 2 764
80 7 0 793
80 7 1 778
80 7 2 788
80 8 0 782
80 8 1 755
80 8 2 783
80 9 0 802
80 9 1 774
80 9 2 802
100 0 0 1193
100 0 1 1232
100 0 2 1260
100 1 0 1235
100 1 1 1246
100 1 2 1205
100 2 0 1221
100 2 1 1249
100 2 2 1244
100 3 0 1256
100 3 1 1213
100 3 2 1153
100 4 0 1246
100 4 1 1238
100 4 2 1224
100 5 0 1174
100 5 1 1211
100 5 2 1246
100 6 0 1253
100 6 1 1149
100 6 2 1231
100 7 0 1234
100 7 1 1185
100 7 2 1214
100 8 0 1271
100 8 1 1257
100 8 2 1257
100 9 0 1189
100 9 1 1133
100 9 2 1230
60 0 3 427
60 0 4 451
60 0 5 408
60 0 6 442
60 0 7 445
60 0 8 434
60 0 9 439
60 0 10 442
60 1 3 429
60 1 4 400
60 1 5 430
60 1 6 418
60 1 7 453
60 1 8 451
60 1 9 419
60 1 10 439
60 2 3 426
60 2 4 422
60 2 5 431
60 2 6 445
60 2 7 454
60 2 8 426
60 2 9 459
60 2 10 440
60 3 3 441
60 3 4 399
60 3 5 398
60 3 6 449
60 3 7 404
60 3 8 422
60 3 9 439
60 3 10 421
60 4 3 426
60 4 4 443
60 4 5 397
60 4 6 409
60 4 7 445
60 4 8 449
60 4 9 405
60 4 10 414
60 5 3 459
60 5 4 449
60 5 5 427
60 5 6 449
60 5 7 443
60 5 8 461
60 5 9 404
60 5 10 432
60 6 3 443
60 6 4 433
60 6 5 445
60 6 6 405
60 6 7 425
60 6 8 448
60 6 9 436
60 6 10 453
60 7 3 444
60 7 4 406
60 7 5 453
60 7 6 436
60 7 7 444
60 7 8 413
60 7 9 449
60 7 10 444
60 8 3 458
60 8 4 454
60 8 5 446
60 8 6 431
60 8 7 444
60 8 8 448
60 8 9 422
60 8 10 436
60 9 3 427
60 9 4 445
60 9 5 403
60 9 6 430
60 9 7 442
60 9 8 382
60 9 9 460
60 9 10 441
80 0 3 779
80 0 4 814
80 0 5 771
80 0 6 781
80 0 7 772
80 0 8 802
80 0 9 768
80 0 10 789
80 1 3 755
80 1 4 822
80 1 5 805
80 1 6 783
80 1 7 754
80 1 8 771
80 1 9 799
80 1 10 776
80 2 3 796
80 2 4 775
80 2 5 804
80 2 6 712
80 2 7 785
80 2 8 788
80 2 9 756
80 2 10 707
80 3 3 823
80 3 4 778
80 3 5 802
80 3 6 797
80 3 7 788
80 3 8 772
80 3 9 800
80 3 10 760
80 4 3 757
80 4 4 779
80 4 5 720
80 4 6 783
80 4 7 789
80 4 8 814
80 4 9 809
80 4 10 768
80 5 3 821
80 5 4 804
80 5 5 798
80 5 6 742
80 5 7 797
80 5 8 785
80 5 9 700
80 5 10 765
80 6 3 812
80 6 4 806
80 6 5 789
80 6 6 760
80 6 7 782
80 6 8 807
80 6 9 788
80 6 10 813
80 7 3 792
80 7 4 804
80 7 5 789
80 7 6 744
80 7 7 762
80 7 8 783
80 7 9 793
80 7 10 709
80 8 3 796
80 8 4 822
80 8 5 794
80 8 6 777
80 8 7 798
80 8 8 781
80 8 9 807
80 8 10 779
80 9 3 756
80 9 4 805
80 9 5 788
80 9 6 792
80 9 7 802
80 9 8 769
80 9 9 793
80 9 10 772
100 0 3 1229
100 0 4 1237
100 0 5 1246
100 0 6 1235
100 0 7 1237
100 0 8 1102
100 0 9 1240
100 0 10 1226
100 1 3 1273
100 1 4 1257
100 1 5 1256
100 1 6 1257
100 1 7 1264
100 1 8 1239
100 1 9 1184
100 1 10 1232
100 2 3 1219
100 2 4 1243
100 2 5 1202
100 2 6 1214
100 2 7 1221
100 2 8 1236
100 2 9 1195
100 2 10 1208
100 3 3 1210
100 3 4 1220
100 3 5 1222
100 3 6 1238
100 3 7 1224
100 3 8 1282
100 3 9 1246
100 3 10 1228
100 4 3 1240
100 4 4 1211
100 4 5 1243
100 4 6 1205
100 4 7 1097
100 4 8 1245
100 4 9 1241
100 4 10 1237
100 5 3 1291
100 5 4 1227
100 5 5 1235
100 5 6 1273
100 5 7 1256
100 5 8 1223
100 5 9 1251
100 5 10 1215
100 6 3 1226
100 6 4 1260
100 6 5 1215
100 6 6 1239
100 6 7 1192
100 6 8 1246
100 6 9 1242
100 6 10 1252
100 7 3 1196
100 7 4 1084
100 7 5 1178
100 7 6 1175
100 7 7 1220
100 7 8 1240
100 7 9 1264
100 7 10 1260
100 8 3 1237
100 8 4 1222
100 8 5 1217
100 8 6 1214
100 8 7 1213
100 8 8 1245
100 8 9 1209
100 8 10 1182
100 9 3 1175
100 9 4 1250
100 9 5 1224
100 9 6 1242
100 9 7 1218
100 9 8 1233
100 9 9 1244
100 9 10 1236
