60 0 0 456
60 0 1 413
60 0 2 418
60 1 0 442
60 1 1 440
60 1 2 442
60 2 0 455
60 2 1 441
60 2 2 430
60 3 0 451
60 3 1 453
60 3 2 437
60 4 0 415
60 4 1 397
60 4 2 423
60 5 0 450
60 5 1 427
60 5 2 451
60 6 0 435
60 6 1 443
60 6 2 450
60 7 0 419
60 7 1 450
60 7 2 449
60 8 0 454
60 8 1 340
60 8 2 387
60 9 0 455
60 9 1 445
60 9 2 433
80 0 0 811
80 0 1 741
80 0 2 786
80 1 0 794
80 1 1 778
80 1 2 798
80 2 0 800
80 2 1 767
80 2 2 763
80 3 0 785
80 3 1 789
80 3 2 783
80 4 0 768
80 4 1 801
80 4 2 775
80 5 0 763
80 5 1 771
80 5 2 805
80 6 0 784
80 6 1 810
80 6 2 774
80 7 0 794
80 7 1 794
80 7 2 799
80 8 0 773
80 8 1 779
80 8 2 797
80 9 0 779
80 9 1 810
80 9 2 746
100 0 0 1220
100 0 1 1244
100 0 2 1229
100 1 0 1256
100 1 1 1211
100 1 2 1251
100 2 0 1197
100 2 1 1260
100 2 2 1204
100 3 0 1223
100 3 1 1260
100 3 2 1204
100 4 0 1217
100 4 1 1241
100 4 2 1268
100 5 0 1218
100 5 1 1260
100 5 2 1272
100 6 0 1231
100 6 1 1196
100 6 2 1241
100 7 0 1238
100 7 1 1211
100 7 2 1234
100 8 0 1257
100 8 1 1225
100 8 2 1265
100 9 0 1239
100 9 1 1186
100 9 2 1239
60 0 3 449
60 0 4 431
60 0 5 441
60 0 6 442
60 0 7 448
60 0 8 430
60 0 9 441
60 0 10 440
60 1 3 433
60 1 4 449
60 1 5 428
60 1 6 451
60 1 7 437
60 1 8 440
60 1 9 426
60 1 10 395
60 2 3 463
60 2 4 445
60 2 5 420
60 2 6 442
60 2 7 460
60 2 8 424
60 2 9 327
60 2 10 404
60 3 3 431
60 3 4 422
60 3 5 446
60 3 6 437
60 3 7 447
60 3 8 450
60 3 9 435
60 3 10 454
60 4 3 434
60 4 4 452
60 4 5 433
60 4 6 422
60 4 7 361
60 4 8 441
60 4 9 426
60 4 10 431
60 5 3 447
60 5 4 445
60 5 5 453
60 5 6 433
60 5 7 418
60 5 8 426
60 5 9 433
60 5 10 423
60 6 3 427
60 6 4 429
60 6 5 437
60 6 6 438
60 6 7 436
60 6 8 459
60 6 9 441
60 6 10 442
60 7 3 423
60 7 4 426
60 7 5 408
60 7 6 451
60 7 7 433
60 7 8 456
60 7 9 448
60 7 10 444
60 8 3 432
60 8 4 442
60 8 5 447
60 8 6 452
60 8 7 419
60 8 8 464
60 8 9 446
60 8 10 448
60 9 3 408
60 9 4 460
60 9 5 436
60 9 6 454
60 9 7 425
60 9 8 453
60 9 9 435
60 9 10 455
80 0 3 780
80 0 4 779
80 0 5 786
80 0 6 798
80 0 7 755
80 0 8 716
80 0 9 788
80 0 10 776
80 1 3 742
80 1 4 796
80 1 5 800
80 1 6 745
80 1 7 732
80 1 8 750
80 1 9 780
80 1 10 807
80 2 3 783
80 2 4 744
80 2 5 783
80 2 6 809
80 2 7 806
80 2 8 727
80 2 9 808
80 2 10 803
80 3 3 796
80 3 4 778
80 3 5 769
80 3 6 782
80 3 7 783
80 3 8 781
80 3 9 775
80 3 10 727
80 4 3 813
80 4 4 772
80 4 5 776
80 4 6 796
80 4 7 783
80 4 8 783
80 4 9 784
80 4 10 801
80 5 3 799
80 5 4 586
80 5 5 759
80 5 6 776
80 5 7 784
80 5 8 783
80 5 9 798
80 5 10 811
80 6 3 785
80 6 4 767
80 6 5 767
80 6 6 793
80 6 7 792
80 6 8 793
80 6 9 789
80 6 10 788
80 7 3 773
80 7 4 805
80 7 5 779
80 7 6 787
80 7 7 789
80 7 8 806
80 7 9 786
80 7 10 803
80 8 3 802
80 8 4 774
80 8 5 773
80 8 6 810
80 8 7 734
80 8 8 732
80 8 9 793
80 8 10 814
80 9 3 762
80 9 4 793
80 9 5 760
80 9 6 779
80 9 7 781
80 9 8 763
80 9 9 739
80 9 10 823
100 0 3 1256
100 0 4 1198
100 0 5 1253
100 0 6 1224
100 0 7 1222
100 0 8 1270
100 0 9 1238
100 0 10 1250
100 1 3 1227
100 1 4 1283
100 1 5 1224
100 1 6 1222
100 1 7 1254
100 1 8 1214
100 1 9 1219
100 1 10 1255
100 2 3 1193
100 2 4 1234
100 2 5 1212
100 2 6 1227
100 2 7 1234
100 2 8 1221
100 2 9 1148
100 2 10 1219
100 3 3 1236
100 3 4 1241
100 3 5 1236
100 3 6 1195
100 3 7 1222
100 3 8 1244
100 3 9 1132
100 3 10 1242
100 4 3 1142
100 4 4 1195
100 4 5 1223
100 4 6 1226
100 4 7 1207
100 4 8 1197
100 4 9 1236
100 4 10 1221
100 5 3 1227
100 5 4 1246
100 5 5 1208
100 5 6 1229
100 5 7 1249
100 5 8 1185
100 5 9 1274
100 5 10 1252
100 6 3 1266
100 6 4 1217
100 6 5 1266
100 6 6 1190
100 6 7 1181
100 6 8 1250
100 6 9 1239
100 6 10 1254
100 7 3 1245
100 7 4 1264
100 7 5 1163
100 7 6 1218
100 7 7 1243
100 7 8 1238
100 7 9 1173
100 7 10 1216
100 8 3 1226
100 8 4 1236
100 8 5 1203
100 8 6 1246
100 8 7 1188
100 8 8 1254
100 8 9 1200
100 8 10 1248
100 9 3 1123
100 9 4 1205
100 9 5 1247
100 9 6 1235
100 9 7 1220
100 9 8 1244
100 9 9 1192
100 9 10 1249
