60 0 0 449
60 0 1 405
60 0 2 423
60 1 0 431
60 1 1 427
60 1 2 443
60 2 0 442
60 2 1 409
60 2 2 442
60 3 0 453
60 3 1 454
60 3 2 424
60 4 0 446
60 4 1 408
60 4 2 437
60 5 0 350
60 5 1 453
60 5 2 416
60 6 0 429
60 6 1 412
60 6 2 410
60 7 0 435
60 7 1 445
60 7 2 422
60 8 0 434
60 8 1 419
60 8 2 420
60 9 0 374
60 9 1 455
60 9 2 449
80 0 0 794
80 0 1 774
80 0 2 729
80 1 0 778
80 1 1 776
80 1 2 798
80 2 0 790
80 2 1 789
80 2 2 776
80 3 0 778
80 3 1 788
80 3 2 804
80 4 0 792
80 4 1 770
80 4 2 761
80 5 0 801
80 5 1 789
80 5 2 771
80 6 0 752
80 6 1 794
80 6 2 789
80 7 0 797
80 7 1 781
80 7 2 771
80 8 0 801
80 8 1 782
80 8 2 808
80 9 0 721
80 9 1 804
80 9 2 784
100 0 0 1177
100 0 1 1276
100 0 2 1234
100 1 0 1259
100 1 1 1173
100 1 2 1193
100 2 0 1197
100 2 1 1215
100 2 2 1234
100 3 0 1248
100 3 1 1218
100 3 2 1202
100 4 0 1228
100 4 1 1220
100 4 2 1249
100 5 0 1241
100 5 1 1229
100 5 2 1227
100 6 0 1227
100 6 1 1179
100 6 2 1266
100 7 0 1229
100 7 1 1038
100 7 2 1250
100 8 0 1236
100 8 1 1124
100 8 2 1241
100 9 0 1188
100 9 1 1232
100 9 2 1236
