60 0 0 428
60 0 1 423
60 0 2 412
60 1 0 455
60 1 1 437
60 1 2 436
60 2 0 452
60 2 1 429
60 2 2 447
60 3 0 417
60 3 1 464
60 3 2 436
60 4 0 439
60 4 1 413
60 4 2 432
60 5 0 412
60 5 1 427
60 5 2 455
60 6 0 436
60 6 1 421
60 6 2 430
60 7 0 392
60 7 1 445
60 7 2 369
60 8 0 396
60 8 1 440
60 8 2 413
60 9 0 434
60 9 1 432
60 9 2 443
80 0 0 795
80 0 1 797
80 0 2 757
80 1 0 803
80 1 1 791
80 1 2 778
80 2 0 777
80 2 1 776
80 2 2 765
80 3 0 738
80 3 1 778
80 3 2 785
80 4 0 795
80 4 1 775
80 4 2 762
80 5 0 801
80 5 1 747
80 5 2 790
80 6 0 775
80 6 1 793
80 6 2 774
80 7 0 753
80 7 1 802
80 7 2 613
80 8 0 774
80 8 1 778
80 8 2 804
80 9 0 783
80 9 1 720
80 9 2 787
100 0 0 1222
100 0 1 1226
100 0 2 1251
100 1 0 1250
100 1 1 1217
100 1 2 1280
100 2 0 1249
100 2 1 1244
100 2 2 1164
100 3 0 1254
100 3 1 1229
100 3 2 1236
100 4 0 1276
100 4 1 1241
100 4 2 1164
100 5 0 1210
100 5 1 1216
100 5 2 1249
100 6 0 1177
100 6 1 1023
100 6 2 1260
100 7 0 1246
100 7 1 1240
100 7 2 1247
100 8 0 1225
100 8 1 1240
100 8 2 1232
100 9 0 1192
100 9 1 1221
100 9 2 1238
60 0 3 456
60 0 4 447
60 0 5 435
60 0 6 405
60 0 7 461
60 0 8 420
60 0 9 412
60 0 10 443
60 1 3 418
60 1 4 444
60 1 5 434
60 1 6 429
60 1 7 451
60 1 8 409
60 1 9 443
60 1 10 449
60 2 3 432
60 2 4 446
60 2 5 451
60 2 6 438
60 2 7 389
60 2 8 443
60 2 9 425
60 2 10 445
60 3 3 432
60 3 4 443
60 3 5 433
60 3 6 443
60 3 7 415
60 3 8 374
60 3 9 441
60 3 10 449
60 4 3 442
60 4 4 439
60 4 5 449
60 4 6 425
60 4 7 428
60 4 8 431
60 4 9 379
60 4 10 437
60 5 3 427
60 5 4 431
60 5 5 457
60 5 6 440
60 5 7 458
60 5 8 415
60 5 9 461
60 5 10 420
60 6 3 425
60 6 4 403
60 6 5 443
60 6 6 449
60 6 7 447
60 6 8 415
60 6 9 427
60 6 10 434
60 7 3 453
60 7 4 393
60 7 5 428
60 7 6 440
60 7 7 426
60 7 8 412
60 7 9 445
60 7 10 448
60 8 3 422
60 8 4 397
60 8 5 460
60 8 6 443
60 8 7 444
60 8 8 421
60 8 9 434
60 8 10 436
60 9 3 414
60 9 4 439
60 9 5 423
60 9 6 399
60 9 7 439
60 9 8 448
60 9 9 427
60 9 10 446
80 0 3 808
80 0 4 740
80 0 5 783
80 0 6 773
80 0 7 771
80 0 8 805
80 0 9 797
80 0 10 746
80 1 3 756
80 1 4 783
80 1 5 800
80 1 6 750
80 1 7 799
80 1 8 773
80 1 9 789
80 1 10 771
80 2 3 766
80 2 4 803
80 2 5 747
80 2 6 779
80 2 7 788
80 2 8 732
80 2 9 805
80 2 10 764
80 3 3 780
80 3 4 791
80 3 5 760
80 3 6 662
80 3 7 670
80 3 8 801
80 3 9 773
80 3 10 778
80 4 3 764
80 4 4 782
80 4 5 808
80 4 6 742
80 4 7 780
80 4 8 814
80 4 9 755
80 4 10 746
80 5 3 781
80 5 4 823
80 5 5 800
80 5 6 778
80 5 7 761
80 5 8 792
80 5 9 796
80 5 10 787
80 6 3 795
80 6 4 782
80 6 5 785
80 6 6 791
80 6 7 813
80 6 8 786
80 6 9 789
80 6 10 758
80 7 3 784
80 7 4 784
80 7 5 783
80 7 6 732
80 7 7 805
80 7 8 794
80 7 9 696
80 7 10 758
80 8 3 801
80 8 4 802
80 8 5 758
80 8 6 800
80 8 7 739
80 8 8 739
80 8 9 733
80 8 10 668
80 9 3 787
80 9 4 784
80 9 5 799
80 9 6 746
80 9 7 758
80 9 8 789
80 9 9 804
80 9 10 756
100 0 3 1243
100 0 4 1234
100 0 5 1235
100 0 6 1215
100 0 7 1232
100 0 8 1229
100 0 9 1231
100 0 10 1212
100 1 3 1224
100 1 4 1270
100 1 5 1176
100 1 6 1257
100 1 7 1230
100 1 8 1209
100 1 9 1227
100 1 10 1221
100 2 3 1172
100 2 4 1251
100 2 5 1186
100 2 6 1224
100 2 7 1213
100 2 8 1232
100 2 9 1268
100 2 10 1213
100 3 3 1227
100 3 4 1209
100 3 5 1254
100 3 6 1234
100 3 7 1160
100 3 8 1266
100 3 9 1250
100 3 10 1178
100 4 3 1277
100 4 4 1239
100 4 5 1259
100 4 6 1236
100 4 7 1178
100 4 8 1200
100 4 9 1209
100 4 10 1247
100 5 3 1126
100 5 4 1235
100 5 5 1231
100 5 6 1218
100 5 7 1243
100 5 8 1204
100 5 9 1217
100 5 10 1202
100 6 3 1185
100 6 4 1205
100 6 5 1191
100 6 6 1219
100 6 7 1234
100 6 8 1245
100 6 9 1217
100 6 10 1245
100 7 3 1225
100 7 4 1251
100 7 5 1145
100 7 6 1239
100 7 7 1249
100 7 8 981
100 7 9 1229
100 7 10 1247
100 8 3 1236
100 8 4 1171
100 8 5 1212
100 8 6 1280
100 8 7 1242
100 8 8 1233
100 8 9 1230
100 8 10 1189
100 9 3 1273
100 9 4 1139
100 9 5 1126
100 9 6 1253
100 9 7 1242
100 9 8 1241
100 9 9 1234
100 9 10 1184
