60 0 0 476
60 0 1 421
60 0 2 438
60 1 0 427
60 1 1 411
60 1 2 430
60 2 0 437
60 2 1 423
60 2 2 430
60 3 0 441
60 3 1 444
60 3 2 417
60 4 0 445
60 4 1 420
60 4 2 439
60 5 0 446
60 5 1 413
60 5 2 454
60 6 0 449
60 6 1 436
60 6 2 421
60 7 0 443
60 7 1 421
60 7 2 427
60 8 0 450
60 8 1 448
60 8 2 444
60 9 0 441
60 9 1 445
60 9 2 457
80 0 0 675
80 0 1 780
80 0 2 765
80 1 0 793
80 1 1 805
80 1 2 764
80 2 0 790
80 2 1 813
80 2 2 794
80 3 0 784
80 3 1 767
80 3 2 771
80 4 0 791
80 4 1 800
80 4 2 621
80 5 0 824
80 5 1 781
80 5 2 783
80 6 0 797
80 6 1 800
80 6 2 809
80 7 0 798
80 7 1 776
80 7 2 807
80 8 0 725
80 8 1 800
80 8 2 805
80 9 0 791
80 9 1 815
80 9 2 790
100 0 0 1234
100 0 1 1239
100 0 2 1208
100 1 0 1239
100 1 1 1240
100 1 2 1237
100 2 0 1227
100 2 1 1238
100 2 2 1156
100 3 0 1184
100 3 1 1217
100 3 2 1218
100 4 0 1271
100 4 1 1235
100 4 2 1206
100 5 0 1240
100 5 1 1151
100 5 2 1239
100 6 0 1228
100 6 1 1277
100 6 2 1169
100 7 0 1191
100 7 1 1234
100 7 2 1203
100 8 0 1248
100 8 1 1226
100 8 2 1220
100 9 0 1279
100 9 1 1211
100 9 2 1256
60 0 3 454
60 0 4 449
60 0 5 427
60 0 6 431
60 0 7 440
60 0 8 458
60 0 9 456
60 0 10 424
60 1 3 407
60 1 4 457
60 1 5 430
60 1 6 391
60 1 7 453
60 1 8 417
60 1 9 435
60 1 10 426
60 2 3 435
60 2 4 462
60 2 5 443
60 2 6 444
60 2 7 435
60 2 8 434
60 2 9 439
60 2 10 428
60 3 3 408
60 3 4 453
60 3 5 458
60 3 6 445
60 3 7 435
60 3 8 442
60 3 9 462
60 3 10 448
60 4 3 475
60 4 4 430
60 4 5 434
60 4 6 438
60 4 7 420
60 4 8 410
60 4 9 451
60 4 10 440
60 5 3 420
60 5 4 397
60 5 5 447
60 5 6 450
60 5 7 428
60 5 8 414
60 5 9 413
60 5 10 441
60 6 3 452
60 6 4 461
60 6 5 454
60 6 6 463
60 6 7 432
60 6 8 438
60 6 9 443
60 6 10 434
60 7 3 452
60 7 4 442
60 7 5 458
60 7 6 413
60 7 7 448
60 7 8 426
60 7 9 460
60 7 10 441
60 8 3 417
60 8 4 430
60 8 5 437
60 8 6 433
60 8 7 433
60 8 8 464
60 8 9 390
60 8 10 426
60 9 3 418
60 9 4 452
60 9 5 381
60 9 6 444
60 9 7 464
60 9 8 452
60 9 9 447
60 9 10 449
80 0 3 789
80 0 4 724
80 0 5 768
80 0 6 779
80 0 7 676
80 0 8 796
80 0 9 807
80 0 10 809
80 1 3 780
80 1 4 770
80 1 5 782
80 1 6 757
80 1 7 726
80 1 8 778
80 1 9 819
80 1 10 789
80 2 3 787
80 2 4 786
80 2 5 773
80 2 6 777
80 2 7 774
80 2 8 779
80 2 9 734
80 2 10 788
80 3 3 792
80 3 4 775
80 3 5 799
80 3 6 709
80 3 7 741
80 3 8 773
80 3 9 803
80 3 10 798
80 4 3 780
80 4 4 808
80 4 5 783
80 4 6 759
80 4 7 769
80 4 8 814
80 4 9 786
80 4 10 792
80 5 3 778
80 5 4 747
80 5 5 795
80 5 6 769
80 5 7 784
80 5 8 766
80 5 9 812
80 5 10 788
80 6 3 822
80 6 4 785
80 6 5 749
80 6 6 803
80 6 7 802
80 6 8 783
80 6 9 788
80 6 10 799
80 7 3 735
80 7 4 783
80 7 5 790
80 7 6 785
80 7 7 802
80 7 8 723
80 7 9 755
80 7 10 781
80 8 3 800
80 8 4 806
80 8 5 755
80 8 6 771
80 8 7 773
80 8 8 783
80 8 9 784
80 8 10 770
80 9 3 792
80 9 4 795
80 9 5 778
80 9 6 795
80 9 7 752
80 9 8 763
80 9 9 781
80 9 10 712
100 0 3 1217
100 0 4 1233
100 0 5 1262
100 0 6 1306
100 0 7 1138
100 0 8 1258
100 0 9 1218
100 0 10 1243
100 1 3 1245
100 1 4 1216
100 1 5 1217
100 1 6 1211
100 1 7 1268
100 1 8 1216
100 1 9 1255
100 1 10 1250
100 2 3 1220
100 2 4 1243
100 2 5 1178
100 2 6 1229
100 2 7 1249
100 2 8 1215
100 2 9 1265
100 2 10 1234
100 3 3 1187
100 3 4 1221
100 3 5 1251
100 3 6 1197
100 3 7 1251
100 3 8 1216
100 3 9 1222
100 3 10 1222
100 4 3 1244
100 4 4 1190
100 4 5 1196
100 4 6 1176
100 4 7 1187
100 4 8 1146
100 4 9 1212
100 4 10 1205
100 5 3 1178
100 5 4 1229
100 5 5 1217
100 5 6 1264
100 5 7 1261
100 5 8 1234
100 5 9 1259
100 5 10 1237
100 6 3 1231
100 6 4 1241
100 6 5 1254
100 6 6 1223
100 6 7 1230
100 6 8 1274
100 6 9 1247
100 6 10 1249
100 7 3 1209
100 7 4 1171
100 7 5 1227
100 7 6 1234
100 7 7 1245
100 7 8 1245
100 7 9 1218
100 7 10 1242
100 8 3 1157
100 8 4 1241
100 8 5 1182
100 8 6 1212
100 8 7 1223
100 8 8 1228
100 8 9 1242
100 8 10 1228
100 9 3 1236
100 9 4 1253
100 9 5 1253
100 9 6 1198
100 9 7 1166
100 9 8 1223
100 9 9 1214
100 9 10 1193
