60 0 0 442
60 0 1 406
60 0 2 439
60 1 0 417
60 1 1 450
60 1 2 405
60 2 0 410
60 2 1 418
60 2 2 452
60 3 0 441
60 3 1 422
60 3 2 445
60 4 0 449
60 4 1 419
60 4 2 450
60 5 0 399
60 5 1 421
60 5 2 470
60 6 0 448
60 6 1 426
60 6 2 444
60 7 0 442
60 7 1 437
60 7 2 454
60 8 0 459
60 8 1 426
60 8 2 450
60 9 0 432
60 9 1 423
60 9 2 444
80 0 0 812
80 0 1 785
80 0 2 769
80 1 0 771
80 1 1 753
80 1 2 744
80 2 0 781
80 2 1 785
80 2 2 775
80 3 0 788
80 3 1 752
80 3 2 789
80 4 0 767
80 4 1 731
80 4 2 801
80 5 0 781
80 5 1 798
80 5 2 777
80 6 0 734
80 6 1 795
80 6 2 789
80 7 0 777
80 7 1 749
80 7 2 710
80 8 0 761
80 8 1 786
80 8 2 799
80 9 0 786
80 9 1 759
80 9 2 781
100 0 0 1237
100 0 1 1224
100 0 2 1252
100 1 0 1200
100 1 1 1219
100 1 2 1259
100 2 0 1219
100 2 1 1261
100 2 2 1098
100 3 0 1226
100 3 1 1195
100 3 2 1242
100 4 0 1224
100 4 1 1182
100 4 2 1264
100 5 0 1193
100 5 1 1260
100 5 2 1230
100 6 0 1260
100 6 1 1172
100 6 2 1196
100 7 0 1240
100 7 1 1187
100 7 2 1219
100 8 0 1203
100 8 1 1111
100 8 2 1204
100 9 0 1215
100 9 1 1191
100 9 2 1243
60 0 3 429
60 0 4 343
60 0 5 440
60 0 6 454
60 0 7 444
60 0 8 443
60 0 9 429
60 0 10 438
60 1 3 448
60 1 4 431
60 1 5 418
60 1 6 447
60 1 7 434
60 1 8 446
60 1 9 417
60 1 10 405
60 2 3 451
60 2 4 450
60 2 5 424
60 2 6 444
60 2 7 430
60 2 8 437
60 2 9 434
60 2 10 445
60 3 3 393
60 3 4 445
60 3 5 418
60 3 6 392
60 3 7 418
60 3 8 456
60 3 9 431
60 3 10 446
60 4 3 406
60 4 4 423
60 4 5 457
60 4 6 431
60 4 7 444
60 4 8 446
60 4 9 400
60 4 10 437
60 5 3 428
60 5 4 422
60 5 5 440
60 5 6 437
60 5 7 431
60 5 8 445
60 5 9 431
60 5 10 422
60 6 3 440
60 6 4 416
60 6 5 445
60 6 6 449
60 6 7 448
60 6 8 447
60 6 9 459
60 6 10 432
60 7 3 457
60 7 4 429
60 7 5 454
60 7 6 454
60 7 7 440
60 7 8 412
60 7 9 422
60 7 10 423
60 8 3 462
60 8 4 451
60 8 5 434
60 8 6 378
60 8 7 428
60 8 8 419
60 8 9 442
60 8 10 327
60 9 3 429
60 9 4 440
60 9 5 419
60 9 6 442
60 9 7 438
60 9 8 450
60 9 9 437
60 9 10 463
80 0 3 798
80 0 4 788
80 0 5 790
80 0 6 756
80 0 7 811
80 0 8 744
80 0 9 777
80 0 10 779
80 1 3 798
80 1 4 783
80 1 5 795
80 1 6 784
80 1 7 794
80 1 8 758
80 1 9 793
80 1 10 735
80 2 3 795
80 2 4 794
80 2 5 667
80 2 6 788
80 2 7 778
80 2 8 801
80 2 9 747
80 2 10 734
80 3 3 792
80 3 4 747
80 3 5 785
80 3 6 745
80 3 7 788
80 3 8 795
80 3 9 780
80 3 10 800
80 4 3 745
80 4 4 785
80 4 5 780
80 4 6 779
80 4 7 767
80 4 8 756
80 4 9 705
80 4 10 805
80 5 3 786
80 5 4 801
80 5 5 768
80 5 6 774
80 5 7 782
80 5 8 753
80 5 9 768
80 5 10 797
80 6 3 810
80 6 4 786
80 6 5 787
80 6 6 726
80 6 7 830
80 6 8 792
80 6 9 797
80 6 10 747
80 7 3 768
80 7 4 777
80 7 5 805
80 7 6 753
80 7 7 816
80 7 8 792
80 7 9 785
80 7 10 794
80 8 3 783
80 8 4 766
80 8 5 803
80 8 6 780
80 8 7 817
80 8 8 788
80 8 9 784
80 8 10 755
80 9 3 651
80 9 4 760
80 9 5 786
80 9 6 728
80 9 7 775
80 9 8 794
80 9 9 802
80 9 10 801
100 0 3 1228
100 0 4 1203
100 0 5 1249
100 0 6 1250
100 0 7 1238
100 0 8 1207
100 0 9 1249
100 0 10 1170
100 1 3 1243
100 1 4 1236
100 1 5 1035
100 1 6 1180
100 1 7 1249
100 1 8 1293
100 1 9 1226
100 1 10 1214
100 2 3 1238
100 2 4 1227
100 2 5 1203
100 2 6 1228
100 2 7 1166
100 2 8 1223
100 2 9 1107
100 2 10 1205
100 3 3 1193
100 3 4 1221
100 3 5 1223
100 3 6 1223
100 3 7 1203
100 3 8 1249
100 3 9 1208
100 3 10 1202
100 4 3 1204
100 4 4 1204
100 4 5 1265
100 4 6 1218
100 4 7 1178
100 4 8 1239
100 4 9 1247
100 4 10 1226
100 5 3 1214
100 5 4 1220
100 5 5 1234
100 5 6 1247
100 5 7 1065
100 5 8 1233
100 5 9 1264
100 5 10 1212
100 6 3 1124
100 6 4 1267
100 6 5 1236
100 6 6 1199
100 6 7 1242
100 6 8 1221
100 6 9 1229
100 6 10 1190
100 7 3 1202
100 7 4 1236
100 7 5 1191
100 7 6 1221
100 7 7 1240
100 7 8 1230
100 7 9 1221
100 7 10 1246
100 8 3 1211
100 8 4 1203
100 8 5 1199
100 8 6 1223
100 8 7 1084
100 8 8 1236
100 8 9 1263
100 8 10 1227
100 9 3 1250
100 9 4 979
100 9 5 1254
100 9 6 1248
100 9 7 1189
100 9 8 1255
100 9 9 1254
100 9 10 1246
