60 0 0 429
60 0 1 399
60 0 2 446
60 1 0 448
60 1 1 442
60 1 2 446
60 2 0 455
60 2 1 433
60 2 2 436
60 3 0 449
60 3 1 416
60 3 2 421
60 4 0 440
60 4 1 422
60 4 2 454
60 5 0 446
60 5 1 458
60 5 2 384
60 6 0 436
60 6 1 442
60 6 2 424
60 7 0 455
60 7 1 438
60 7 2 457
60 8 0 447
60 8 1 449
60 8 2 434
60 9 0 448
60 9 1 424
60 9 2 442
80 0 0 743
80 0 1 806
80 0 2 778
80 1 0 792
80 1 1 756
80 1 2 785
80 2 0 745
80 2 1 776
80 2 2 779
80 3 0 802
80 3 1 772
80 3 2 785
80 4 0 777
80 4 1 804
80 4 2 732
80 5 0 772
80 5 1 793
80 5 2 768
80 6 0 807
80 6 1 786
80 6 2 768
80 7 0 671
80 7 1 827
80 7 2 803
80 8 0 813
80 8 1 754
80 8 2 772
80 9 0 753
80 9 1 803
80 9 2 780
100 0 0 1262
100 0 1 1278
100 0 2 1229
100 1 0 1245
100 1 1 1226
100 1 2 1118
100 2 0 1155
100 2 1 1245
100 2 2 1154
100 3 0 1237
100 3 1 1190
100 3 2 1178
100 4 0 1210
100 4 1 1233
100 4 2 1205
100 5 0 1188
100 5 1 1216
100 5 2 1250
100 6 0 1252
100 6 1 1213
100 6 2 1190
100 7 0 1234
100 7 1 1217
100 7 2 1268
100 8 0 1180
100 8 1 1236
100 8 2 1160
100 9 0 1270
100 9 1 1234
100 9 2 1214
60 0 3 428
60 0 4 430
60 0 5 435
60 0 6 429
60 0 7 462
60 0 8 436
60 0 9 442
60 0 10 453
60 1 3 440
60 1 4 317
60 1 5 413
60 1 6 433
60 1 7 446
60 1 8 450
60 1 9 437
60 1 10 442
60 2 3 438
60 2 4 441
60 2 5 413
60 2 6 435
60 2 7 446
60 2 8 453
60 2 9 442
60 2 10 443
60 3 3 424
60 3 4 444
60 3 5 434
60 3 6 445
60 3 7 445
60 3 8 436
60 3 9 435
60 3 10 388
60 4 3 430
60 4 4 427
60 4 5 433
60 4 6 430
60 4 7 447
60 4 8 433
60 4 9 445
60 4 10 425
60 5 3 440
60 5 4 411
60 5 5 450
60 5 6 411
60 5 7 448
60 5 8 439
60 5 9 443
60 5 10 459
60 6 3 432
60 6 4 449
60 6 5 432
60 6 6 429
60 6 7 445
60 6 8 431
60 6 9 450
60 6 10 448
60 7 3 464
60 7 4 449
60 7 5 449
60 7 6 440
60 7 7 462
60 7 8 441
60 7 9 440
60 7 10 426
60 8 3 427
60 8 4 452
60 8 5 445
60 8 6 445
60 8 7 444
60 8 8 423
60 8 9 337
60 8 10 427
60 9 3 422
60 9 4 424
60 9 5 444
60 9 6 438
60 9 7 396
60 9 8 471
60 9 9 444
60 9 10 333
80 0 3 800
80 0 4 797
80 0 5 788
80 0 6 783
80 0 7 801
80 0 8 779
80 0 9 746
80 0 10 763
80 1 3 800
80 1 4 793
80 1 5 776
80 1 6 789
80 1 7 789
80 1 8 733
80 1 9 763
80 1 10 810
80 2 3 804
80 2 4 759
80 2 5 775
80 2 6 730
80 2 7 801
80 2 8 797
80 2 9 794
80 2 10 790
80 3 3 776
80 3 4 809
80 3 5 796
80 3 6 740
80 3 7 803
80 3 8 747
80 3 9 723
80 3 10 773
80 4 3 788
80 4 4 794
80 4 5 807
80 4 6 773
80 4 7 800
80 4 8 756
80 4 9 770
80 4 10 802
80 5 3 803
80 5 4 753
80 5 5 760
80 5 6 749
80 5 7 724
80 5 8 779
80 5 9 808
80 5 10 724
80 6 3 777
80 6 4 813
80 6 5 705
80 6 6 795
80 6 7 798
80 6 8 798
80 6 9 800
80 6 10 813
80 7 3 808
80 7 4 803
80 7 5 721
80 7 6 754
80 7 7 764
80 7 8 786
80 7 9 752
80 7 10 766
80 8 3 766
80 8 4 764
80 8 5 807
80 8 6 756
80 8 7 748
80 8 8 741
80 8 9 795
80 8 10 796
80 9 3 805
80 9 4 807
80 9 5 793
80 9 6 783
80 9 7 777
80 9 8 792
80 9 9 797
80 9 10 780
100 0 3 1234
100 0 4 1227
100 0 5 1214
100 0 6 1229
100 0 7 1153
100 0 8 1240
100 0 9 1228
100 0 10 1242
100 1 3 1151
100 1 4 1148
100 1 5 1232
100 1 6 1286
100 1 7 1214
100 1 8 1218
100 1 9 1275
100 1 10 1196
100 2 3 1215
100 2 4 1229
100 2 5 1240
100 2 6 1215
100 2 7 1250
100 2 8 1203
100 2 9 1183
100 2 10 1213
100 3 3 1208
100 3 4 1226
100 3 5 1231
100 3 6 1181
100 3 7 1258
100 3 8 1232
100 3 9 1209
100 3 10 1267
100 4 3 1232
100 4 4 1247
100 4 5 1246
100 4 6 1254
100 4 7 1254
100 4 8 1252
100 4 9 1247
100 4 10 1258
100 5 3 1224
100 5 4 1267
100 5 5 1231
100 5 6 1221
100 5 7 1241
100 5 8 1186
100 5 9 1254
100 5 10 1245
100 6 3 1227
100 6 4 1236
100 6 5 1255
100 6 6 1213
100 6 7 1213
100 6 8 1247
100 6 9 1236
100 6 10 1227
100 7 3 1223
100 7 4 1217
100 7 5 1221
100 7 6 1185
100 7 7 1148
100 7 8 1252
100 7 9 1225
100 7 10 1235
100 8 3 1190
100 8 4 1237
100 8 5 1052
100 8 6 1187
100 8 7 1240
100 8 8 1166
100 8 9 1097
100 8 10 1250
100 9 3 1241
100 9 4 1242
100 9 5 1220
100 9 6 1229
100 9 7 1264
100 9 8 1237
100 9 9 1249
100 9 10 1232
