60 0 0 337
60 0 1 439
60 0 2 449
60 1 0 448
60 1 1 443
60 1 2 336
60 2 0 421
60 2 1 460
60 2 2 439
60 3 0 450
60 3 1 425
60 3 2 435
60 4 0 426
60 4 1 421
60 4 2 391
60 5 0 423
60 5 1 435
60 5 2 440
60 6 0 449
60 6 1 444
60 6 2 452
60 7 0 458
60 7 1 446
60 7 2 400
60 8 0 440
60 8 1 434
60 8 2 430
60 9 0 427
60 9 1 403
60 9 2 448
80 0 0 745
80 0 1 757
80 0 2 816
80 1 0 783
80 1 1 775
80 1 2 789
80 2 0 728
80 2 1 789
80 2 2 763
80 3 0 795
80 3 1 761
80 3 2 778
80 4 0 804
80 4 1 753
80 4 2 795
80 5 0 761
80 5 1 800
80 5 2 732
80 6 0 794
80 6 1 795
80 6 2 719
80 7 0 774
80 7 1 781
80 7 2 708
80 8 0 802
80 8 1 792
80 8 2 801
80 9 0 796
80 9 1 693
80 9 2 792
100 0 0 1245
100 0 1 1092
100 0 2 1235
100 1 0 1245
100 1 1 1243
100 1 2 1214
100 2 0 1174
100 2 1 1208
100 2 2 1212
100 3 0 1138
100 3 1 1262
100 3 2 1230
100 4 0 1179
100 4 1 1085
100 4 2 1232
100 5 0 1143
100 5 1 1190
100 5 2 1263
100 6 0 1194
100 6 1 1194
100 6 2 1245
100 7 0 1240
100 7 1 1236
100 7 2 1207
100 8 0 1245
100 8 1 1259
100 8 2 1268
100 9 0 1098
100 9 1 1224
100 9 2 1233
60 0 3 427
60 0 4 396
60 0 5 428
60 0 6 385
60 0 7 437
60 0 8 399
60 0 9 442
60 0 10 358
60 1 3 434
60 1 4 438
60 1 5 363
60 1 6 424
60 1 7 434
60 1 8 437
60 1 9 361
60 1 10 385
60 2 3 407
60 2 4 411
60 2 5 444
60 2 6 380
60 2 7 418
60 2 8 433
60 2 9 384
60 2 10 430
60 3 3 437
60 3 4 409
60 3 5 408
60 3 6 397
60 3 7 443
60 3 8 413
60 3 9 453
60 3 10 425
60 4 3 415
60 4 4 452
60 4 5 450
60 4 6 383
60 4 7 471
60 4 8 432
60 4 9 460
60 4 10 448
60 5 3 439
60 5 4 408
60 5 5 394
60 5 6 446
60 5 7 385
60 5 8 396
60 5 9 448
60 5 10 451
60 6 3 310
60 6 4 433
60 6 5 427
60 6 6 456
60 6 7 437
60 6 8 452
60 6 9 451
60 6 10 418
60 7 3 438
60 7 4 361
60 7 5 448
60 7 6 415
60 7 7 349
60 7 8 427
60 7 9 440
60 7 10 412
60 8 3 434
60 8 4 450
60 8 5 438
60 8 6 409
60 8 7 410
60 8 8 436
60 8 9 438
60 8 10 443
60 9 3 423
60 9 4 438
60 9 5 434
60 9 6 435
60 9 7 449
60 9 8 433
60 9 9 459
60 9 10 430
80 0 3 770
80 0 4 699
80 0 5 802
80 0 6 794
80 0 7 768
80 0 8 779
80 0 9 790
80 0 10 797
80 1 3 814
80 1 4 743
80 1 5 807
80 1 6 795
80 1 7 785
80 1 8 796
80 1 9 795
80 1 10 742
80 2 3 762
80 2 4 736
80 2 5 795
80 2 6 776
80 2 7 773
80 2 8 788
80 2 9 763
80 2 10 730
80 3 3 787
80 3 4 775
80 3 5 793
80 3 6 795
80 3 7 746
80 3 8 802
80 3 9 694
80 3 10 761
80 4 3 573
80 4 4 791
80 4 5 768
80 4 6 814
80 4 7 774
80 4 8 776
80 4 9 797
80 4 10 749
80 5 3 758
80 5 4 785
80 5 5 785
80 5 6 704
80 5 7 774
80 5 8 753
80 5 9 781
80 5 10 772
80 6 3 684
80 6 4 783
80 6 5 771
80 6 6 762
80 6 7 757
80 6 8 690
80 6 9 779
80 6 10 786
80 7 3 766
80 7 4 794
80 7 5 767
80 7 6 778
80 7 7 795
80 7 8 819
80 7 9 768
80 7 10 789
80 8 3 827
80 8 4 792
80 8 5 750
80 8 6 801
80 8 7 771
80 8 8 798
80 8 9 784
80 8 10 757
80 9 3 790
80 9 4 785
80 9 5 802
80 9 6 809
80 9 7 714
80 9 8 760
80 9 9 728
80 9 10 795
100 0 3 1223
100 0 4 1182
100 0 5 1237
100 0 6 1259
100 0 7 1236
100 0 8 1248
100 0 9 1251
100 0 10 1228
100 1 3 1234
100 1 4 1254
100 1 5 1227
100 1 6 1251
100 1 7 1258
100 1 8 1234
100 1 9 1222
100 1 10 1231
100 2 3 1207
100 2 4 1228
100 2 5 1234
100 2 6 1225
100 2 7 1220
100 2 8 1241
100 2 9 1251
100 2 10 1111
100 3 3 1208
100 3 4 1240
100 3 5 1198
100 3 6 1205
100 3 7 1103
100 3 8 1196
100 3 9 1140
100 3 10 1180
100 4 3 1248
100 4 4 1170
100 4 5 1218
100 4 6 1188
100 4 7 1205
100 4 8 1221
100 4 9 1249
100 4 10 1277
100 5 3 1232
100 5 4 1231
100 5 5 1214
100 5 6 1180
100 5 7 1244
100 5 8 1106
100 5 9 1232
100 5 10 1247
100 6 3 1189
100 6 4 1177
100 6 5 1220
100 6 6 1159
100 6 7 1237
100 6 8 1236
100 6 9 1244
100 6 10 1144
100 7 3 1233
100 7 4 1187
100 7 5 1068
100 7 6 1263
100 7 7 1222
100 7 8 1230
100 7 9 1162
100 7 10 1206
100 8 3 1187
100 8 4 1275
100 8 5 1224
100 8 6 1258
100 8 7 1227
100 8 8 1216
100 8 9 1242
100 8 10 1210
100 9 3 1107
100 9 4 1261
100 9 5 1163
100 9 6 1174
100 9 7 1225
100 9 8 1240
100 9 9 1191
100 9 10 1261
