60 0 0 413
60 0 1 458
60 0 2 444
60 1 0 416
60 1 1 422
60 1 2 448
60 2 0 453
60 2 1 455
60 2 2 449
60 3 0 457
60 3 1 422
60 3 2 449
60 4 0 450
60 4 1 437
60 4 2 449
60 5 0 421
60 5 1 409
60 5 2 443
60 6 0 449
60 6 1 420
60 6 2 427
60 7 0 444
60 7 1 448
60 7 2 419
60 8 0 443
60 8 1 415
60 8 2 437
60 9 0 447
60 9 1 391
60 9 2 427
80 0 0 801
80 0 1 787
80 0 2 765
80 1 0 794
80 1 1 759
80 1 2 815
80 2 0 805
80 2 1 770
80 2 2 785
80 3 0 809
80 3 1 781
80 3 2 765
80 4 0 685
80 4 1 803
80 4 2 770
80 5 0 790
80 5 1 707
80 5 2 772
80 6 0 782
80 6 1 795
80 6 2 766
80 7 0 691
80 7 1 721
80 7 2 712
80 8 0 775
80 8 1 792
80 8 2 779
80 9 0 792
80 9 1 779
80 9 2 792
100 0 0 1239
100 0 1 1222
100 0 2 1239
100 1 0 1225
100 1 1 1249
100 1 2 1233
100 2 0 1232
100 2 1 1225
100 2 2 1238
100 3 0 1226
100 3 1 1092
100 3 2 1223
100 4 0 1170
100 4 1 1219
100 4 2 1179
100 5 0 1202
100 5 1 1196
100 5 2 1235
100 6 0 1237
100 6 1 1187
100 6 2 1241
100 7 0 1250
100 7 1 1195
100 7 2 1197
100 8 0 1203
100 8 1 1258
100 8 2 1240
100 9 0 1199
100 9 1 1203
100 9 2 1216
60 0 3 451
60 0 4 453
60 0 5 436
60 0 6 391
60 0 7 365
60 0 8 431
60 0 9 423
60 0 10 437
60 1 3 435
60 1 4 380
60 1 5 437
60 1 6 433
60 1 7 446
60 1 8 417
60 1 9 444
60 1 10 441
60 2 3 459
60 2 4 432
60 2 5 433
60 2 6 425
60 2 7 442
60 2 8 428
60 2 9 437
60 2 10 397
60 3 3 430
60 3 4 471
60 3 5 419
60 3 6 405
60 3 7 448
60 3 8 457
60 3 9 418
60 3 10 435
60 4 3 443
60 4 4 437
60 4 5 436
60 4 6 434
60 4 7 436
60 4 8 420
60 4 9 442
60 4 10 433
60 5 3 443
60 5 4 421
60 5 5 428
60 5 6 438
60 5 7 449
60 5 8 407
60 5 9 390
60 5 10 434
60 6 3 399
60 6 4 446
60 6 5 437
60 6 6 419
60 6 7 437
60 6 8 452
60 6 9 450
60 6 10 361
60 7 3 428
60 7 4 456
60 7 5 387
60 7 6 456
60 7 7 453
60 7 8 464
60 7 9 443
60 7 10 461
60 8 3 449
60 8 4 437
60 8 5 439
60 8 6 444
60 8 7 418
60 8 8 447
60 8 9 416
60 8 10 436
60 9 3 387
60 9 4 465
60 9 5 437
60 9 6 449
60 9 7 431
60 9 8 441
60 9 9 447
60 9 10 440
80 0 3 800
80 0 4 778
80 0 5 795
80 0 6 779
80 0 7 801
80 0 8 785
80 0 9 778
80 0 10 757
80 1 3 803
80 1 4 763
80 1 5 781
80 1 6 810
80 1 7 705
80 1 8 760
80 1 9 750
80 1 10 766
80 2 3 791
80 2 4 801
80 2 5 752
80 2 6 772
80 2 7 775
80 2 8 766
80 2 9 770
80 2 10 784
80 3 3 777
80 3 4 698
80 3 5 769
80 3 6 807
80 3 7 822
80 3 8 790
80 3 9 783
80 3 10 785
80 4 3 744
80 4 4 764
80 4 5 752
80 4 6 723
80 4 7 791
80 4 8 812
80 4 9 633
80 4 10 772
80 5 3 799
80 5 4 771
80 5 5 761
80 5 6 787
80 5 7 603
80 5 8 798
80 5 9 736
80 5 10 787
80 6 3 807
80 6 4 801
80 6 5 813
80 6 6 781
80 6 7 793
80 6 8 791
80 6 9 762
80 6 10 794
80 7 3 768
80 7 4 806
80 7 5 799
80 7 6 795
80 7 7 799
80 7 8 795
80 7 9 777
80 7 10 750
80 8 3 771
80 8 4 792
80 8 5 684
80 8 6 765
80 8 7 776
80 8 8 780
80 8 9 771
80 8 10 673
80 9 3 794
80 9 4 762
80 9 5 755
80 9 6 795
80 9 7 769
80 9 8 801
80 9 9 783
80 9 10 797
100 0 3 1219
100 0 4 1251
100 0 5 1253
100 0 6 1228
100 0 7 1257
100 0 8 1173
100 0 9 1189
100 0 10 1213
100 1 3 1226
100 1 4 1224
100 1 5 1230
100 1 6 1200
100 1 7 1252
100 1 8 1208
100 1 9 1253
100 1 10 1237
100 2 3 1239
100 2 4 1215
100 2 5 1089
100 2 6 1242
100 2 7 1199
100 2 8 1233
100 2 9 1244
100 2 10 1241
100 3 3 1245
100 3 4 1219
100 3 5 1217
100 3 6 1257
100 3 7 1240
100 3 8 1210
100 3 9 1257
100 3 10 1239
100 4 3 1238
100 4 4 1205
100 4 5 1225
100 4 6 1250
100 4 7 1218
100 4 8 1196
100 4 9 1264
100 4 10 1251
100 5 3 1203
100 5 4 1189
100 5 5 1224
100 5 6 1218
100 5 7 1121
100 5 8 1239
100 5 9 1229
100 5 10 1217
100 6 3 1204
100 6 4 1236
100 6 5 1210
100 6 6 1168
100 6 7 1240
100 6 8 1245
100 6 9 1222
100 6 10 1216
100 7 3 1248
100 7 4 1113
100 7 5 1216
100 7 6 1096
100 7 7 1203
100 7 8 1227
100 7 9 1150
100 7 10 1223
100 8 3 1289
100 8 4 1197
100 8 5 1179
100 8 6 1176
100 8 7 1225
100 8 8 1254
100 8 9 1261
100 8 10 1196
100 9 3 1259
100 9 4 1265
100 9 5 1229
100 9 6 1213
100 9 7 1242
100 9 8 1230
100 9 9 1195
100 9 10 1259
