60 0 0 319
60 0 1 362
60 0 2 378
60 1 0 283
60 1 1 323
60 1 2 410
60 2 0 385
60 2 1 420
60 2 2 382
60 3 0 330
60 3 1 444
60 3 2 437
60 4 0 425
60 4 1 413
60 4 2 392
60 5 0 398
60 5 1 351
60 5 2 390
60 6 0 388
60 6 1 453
60 6 2 342
60 7 0 223
60 7 1 415
60 7 2 237
60 8 0 375
60 8 1 464
60 8 2 413
60 9 0 317
60 9 1 427
60 9 2 440
80 0 0 627
80 0 1 744
80 0 2 730
80 1 0 748
80 1 1 677
80 1 2 355
80 2 0 803
80 2 1 811
80 2 2 620
80 3 0 805
80 3 1 801
80 3 2 587
80 4 0 756
80 4 1 725
80 4 2 535
80 5 0 784
80 5 1 805
80 5 2 766
80 6 0 755
80 6 1 832
80 6 2 794
80 7 0 786
80 7 1 617
80 7 2 674
80 8 0 575
80 8 1 660
80 8 2 768
80 9 0 784
80 9 1 697
80 9 2 634
100 0 0 1204
100 0 1 1203
100 0 2 1191
100 1 0 922
100 1 1 1206
100 1 2 992
100 2 0 1240
100 2 1 833
100 2 2 973
100 3 0 1149
100 3 1 1150
100 3 2 834
100 4 0 1018
100 4 1 1082
100 4 2 1075
100 5 0 1197
100 5 1 1034
100 5 2 1107
100 6 0 1241
100 6 1 1204
100 6 2 1251
100 7 0 1132
100 7 1 1193
100 7 2 1132
100 8 0 895
100 8 1 992
100 8 2 1199
100 9 0 1227
100 9 1 1270
100 9 2 1051
60 0 3 336
60 0 4 342
60 0 5 343
60 0 6 401
60 0 7 406
60 0 8 426
60 0 9 390
60 0 10 325
60 1 3 289
60 1 4 428
60 1 5 445
60 1 6 402
60 1 7 416
60 1 8 424
60 1 9 390
60 1 10 391
60 2 3 437
60 2 4 371
60 2 5 324
60 2 6 262
60 2 7 432
60 2 8 434
60 2 9 409
60 2 10 310
60 3 3 424
60 3 4 452
60 3 5 378
60 3 6 393
60 3 7 400
60 3 8 410
60 3 9 439
60 3 10 418
60 4 3 428
60 4 4 431
60 4 5 407
60 4 6 60
60 4 7 265
60 4 8 318
60 4 9 438
60 4 10 335
60 5 3 417
60 5 4 283
60 5 5 391
60 5 6 430
60 5 7 324
60 5 8 438
60 5 9 411
60 5 10 334
60 6 3 340
60 6 4 393
60 6 5 421
60 6 6 440
60 6 7 395
60 6 8 425
60 6 9 439
60 6 10 354
60 7 3 404
60 7 4 432
60 7 5 450
60 7 6 343
60 7 7 423
60 7 8 379
60 7 9 432
60 7 10 294
60 8 3 461
60 8 4 385
60 8 5 439
60 8 6 456
60 8 7 439
60 8 8 405
60 8 9 413
60 8 10 341
60 9 3 339
60 9 4 385
60 9 5 393
60 9 6 382
60 9 7 415
60 9 8 415
60 9 9 369
60 9 10 422
80 0 3 733
80 0 4 571
80 0 5 724
80 0 6 685
80 0 7 777
80 0 8 717
80 0 9 768
80 0 10 715
80 1 3 702
80 1 4 611
80 1 5 689
80 1 6 766
80 1 7 781
80 1 8 734
80 1 9 510
80 1 10 781
80 2 3 794
80 2 4 427
80 2 5 648
80 2 6 798
80 2 7 740
80 2 8 625
80 2 9 656
80 2 10 640
80 3 3 767
80 3 4 729
80 3 5 786
80 3 6 812
80 3 7 813
80 3 8 802
80 3 9 723
80 3 10 787
80 4 3 500
80 4 4 708
80 4 5 796
80 4 6 757
80 4 7 670
80 4 8 724
80 4 9 764
80 4 10 685
80 5 3 757
80 5 4 777
80 5 5 790
80 5 6 773
80 5 7 718
80 5 8 491
80 5 9 384
80 5 10 735
80 6 3 707
80 6 4 792
80 6 5 704
80 6 6 695
80 6 7 774
80 6 8 687
80 6 9 736
80 6 10 721
80 7 3 786
80 7 4 765
80 7 5 798
80 7 6 776
80 7 7 533
80 7 8 365
80 7 9 685
80 7 10 796
80 8 3 557
80 8 4 795
80 8 5 771
80 8 6 757
80 8 7 682
80 8 8 788
80 8 9 769
80 8 10 780
80 9 3 769
80 9 4 696
80 9 5 718
80 9 6 572
80 9 7 728
80 9 8 686
80 9 9 542
80 9 10 765
100 0 3 1226
100 0 4 1236
100 0 5 1191
100 0 6 1130
100 0 7 1197
100 0 8 1218
100 0 9 1237
100 0 10 1154
100 1 3 1106
100 1 4 983
100 1 5 1180
100 1 6 917
100 1 7 1007
100 1 8 1124
100 1 9 1179
100 1 10 1245
100 2 3 1206
100 2 4 916
100 2 5 1211
100 2 6 1208
100 2 7 1254
100 2 8 879
100 2 9 1215
100 2 10 1204
100 3 3 1165
100 3 4 1225
100 3 5 1068
100 3 6 970
100 3 7 1152
100 3 8 1199
100 3 9 1241
100 3 10 906
100 4 3 1217
100 4 4 1197
100 4 5 1272
100 4 6 1088
100 4 7 1221
100 4 8 1261
100 4 9 1213
100 4 10 1217
100 5 3 1238
100 5 4 1235
100 5 5 1209
100 5 6 1162
100 5 7 936
100 5 8 1219
100 5 9 1208
100 5 10 1105
100 6 3 1170
100 6 4 607
100 6 5 1239
100 6 6 1209
100 6 7 861
100 6 8 1247
100 6 9 1185
100 6 10 1202
100 7 3 1043
100 7 4 1171
100 7 5 1222
100 7 6 1162
100 7 7 631
100 7 8 1033
100 7 9 1211
100 7 10 1025
100 8 3 1068
100 8 4 1126
100 8 5 1241
100 8 6 1219
100 8 7 1158
100 8 8 1190
100 8 9 1183
100 8 10 1212
100 9 3 1240
100 9 4 1252
100 9 5 1203
100 9 6 1073
100 9 7 1049
100 9 8 1242
100 9 9 1249
100 9 10 979
