60 0 0 428
60 0 1 429
60 0 2 442
60 1 0 422
60 1 1 418
60 1 2 390
60 2 0 450
60 2 1 463
60 2 2 368
60 3 0 436
60 3 1 425
60 3 2 448
60 4 0 431
60 4 1 441
60 4 2 446
60 5 0 400
60 5 1 433
60 5 2 452
60 6 0 430
60 6 1 446
60 6 2 440
60 7 0 434
60 7 1 408
60 7 2 447
60 8 0 449
60 8 1 461
60 8 2 443
60 9 0 431
60 9 1 435
60 9 2 452
80 0 0 779
80 0 1 792
80 0 2 782
80 1 0 779
80 1 1 822
80 1 2 778
80 2 0 757
80 2 1 797
80 2 2 784
80 3 0 804
80 3 1 775
80 3 2 793
80 4 0 782
80 4 1 775
80 4 2 793
80 5 0 784
80 5 1 743
80 5 2 811
80 6 0 763
80 6 1 763
80 6 2 699
80 7 0 728
80 7 1 793
80 7 2 778
80 8 0 746
80 8 1 807
80 8 2 777
80 9 0 795
80 9 1 816
80 9 2 818
100 0 0 1201
100 0 1 1230
100 0 2 1246
100 1 0 1231
100 1 1 1258
100 1 2 1244
100 2 0 1228
100 2 1 1184
100 2 2 1210
100 3 0 1226
100 3 1 1234
100 3 2 1221
100 4 0 1183
100 4 1 1245
100 4 2 1143
100 5 0 1251
100 5 1 1199
100 5 2 1251
100 6 0 1225
100 6 1 1252
100 6 2 1230
100 7 0 1208
100 7 1 1256
100 7 2 1227
100 8 0 1188
100 8 1 1264
100 8 2 1206
100 9 0 1242
100 9 1 1097
100 9 2 1215
60 0 3 379
60 0 4 447
60 0 5 448
60 0 6 430
60 0 7 432
60 0 8 430
60 0 9 452
60 0 10 380
60 1 3 454
60 1 4 457
60 1 5 422
60 1 6 441
60 1 7 440
60 1 8 418
60 1 9 447
60 1 10 434
60 2 3 437
60 2 4 436
60 2 5 435
60 2 6 447
60 2 7 439
60 2 8 443
60 2 9 441
60 2 10 384
60 3 3 414
60 3 4 446
60 3 5 426
60 3 6 424
60 3 7 426
60 3 8 443
60 3 9 424
60 3 10 453
60 4 3 429
60 4 4 447
60 4 5 445
60 4 6 457
60 4 7 424
60 4 8 426
60 4 9 450
60 4 10 400
60 5 3 433
60 5 4 444
60 5 5 446
60 5 6 433
60 5 7 438
60 5 8 445
60 5 9 445
60 5 10 446
60 6 3 432
60 6 4 450
60 6 5 440
60 6 6 449
60 6 7 435
60 6 8 406
60 6 9 361
60 6 10 415
60 7 3 421
60 7 4 435
60 7 5 370
60 7 6 451
60 7 7 410
60 7 8 449
60 7 9 375
60 7 10 439
60 8 3 412
60 8 4 404
60 8 5 434
60 8 6 453
60 8 7 455
60 8 8 440
60 8 9 457
60 8 10 417
60 9 3 444
60 9 4 418
60 9 5 443
60 9 6 382
60 9 7 439
60 9 8 425
60 9 9 443
60 9 10 455
80 0 3 800
80 0 4 746
80 0 5 773
80 0 6 743
80 0 7 796
80 0 8 786
80 0 9 725
80 0 10 788
80 1 3 802
80 1 4 784
80 1 5 804
80 1 6 784
80 1 7 806
80 1 8 790
80 1 9 819
80 1 10 791
80 2 3 802
80 2 4 804
80 2 5 767
80 2 6 770
80 2 7 770
80 2 8 799
80 2 9 767
80 2 10 808
80 3 3 753
80 3 4 769
80 3 5 787
80 3 6 790
80 3 7 791
80 3 8 756
80 3 9 780
80 3 10 813
80 4 3 802
80 4 4 778
80 4 5 739
80 4 6 791
80 4 7 785
80 4 8 716
80 4 9 779
80 4 10 775
80 5 3 800
80 5 4 779
80 5 5 766
80 5 6 683
80 5 7 780
80 5 8 784
80 5 9 810
80 5 10 752
80 6 3 816
80 6 4 786
80 6 5 796
80 6 6 790
80 6 7 774
80 6 8 773
80 6 9 789
80 6 10 786
80 7 3 783
80 7 4 785
80 7 5 795
80 7 6 787
80 7 7 792
80 7 8 768
80 7 9 804
80 7 10 806
80 8 3 772
80 8 4 760
80 8 5 788
80 8 6 767
80 8 7 791
80 8 8 739
80 8 9 769
80 8 10 794
80 9 3 759
80 9 4 816
80 9 5 794
80 9 6 815
80 9 7 794
80 9 8 817
80 9 9 833
80 9 10 765
100 0 3 1245
100 0 4 1237
100 0 5 1207
100 0 6 1243
100 0 7 1236
100 0 8 1241
100 0 9 1211
100 0 10 1212
100 1 3 1273
100 1 4 1224
100 1 5 1255
100 1 6 1194
100 1 7 1222
100 1 8 1225
100 1 9 1262
100 1 10 1214
100 2 3 1230
100 2 4 1179
100 2 5 1186
100 2 6 1271
100 2 7 1221
100 2 8 1251
100 2 9 1234
100 2 10 1230
100 3 3 1233
100 3 4 1238
100 3 5 1244
100 3 6 1261
100 3 7 1226
100 3 8 1260
100 3 9 1248
100 3 10 1267
100 4 3 1264
100 4 4 1258
100 4 5 1254
100 4 6 1182
100 4 7 1267
100 4 8 1222
100 4 9 1263
100 4 10 1234
100 5 3 1178
100 5 4 1244
100 5 5 1233
100 5 6 1230
100 5 7 1237
100 5 8 1198
100 5 9 1199
100 5 10 1225
100 6 3 1255
100 6 4 1248
100 6 5 1186
100 6 6 1219
100 6 7 1283
100 6 8 1094
100 6 9 1227
100 6 10 1278
100 7 3 1250
100 7 4 1244
100 7 5 1204
100 7 6 1225
100 7 7 1266
100 7 8 1222
100 7 9 1261
100 7 10 1254
100 8 3 1221
100 8 4 1154
100 8 5 1257
100 8 6 1241
100 8 7 1215
100 8 8 1228
100 8 9 1213
100 8 10 1211
100 9 3 1243
100 9 4 1228
100 9 5 1224
100 9 6 1249
100 9 7 1228
100 9 8 1222
100 9 9 1208
100 9 10 1229
