60 0 0 447
60 0 1 430
60 0 2 396
60 1 0 449
60 1 1 435
60 1 2 446
60 2 0 435
60 2 1 440
60 2 2 456
60 3 0 437
60 3 1 414
60 3 2 443
60 4 0 446
60 4 1 371
60 4 2 440
60 5 0 415
60 5 1 433
60 5 2 429
60 6 0 447
60 6 1 405
60 6 2 440
60 7 0 455
60 7 1 436
60 7 2 443
60 8 0 443
60 8 1 433
60 8 2 424
60 9 0 453
60 9 1 450
60 9 2 442
80 0 0 791
80 0 1 789
80 0 2 808
80 1 0 787
80 1 1 784
80 1 2 733
80 2 0 781
80 2 1 822
80 2 2 722
80 3 0 738
80 3 1 773
80 3 2 802
80 4 0 758
80 4 1 682
80 4 2 796
80 5 0 805
80 5 1 807
80 5 2 742
80 6 0 763
80 6 1 752
80 6 2 806
80 7 0 742
80 7 1 759
80 7 2 769
80 8 0 777
80 8 1 712
80 8 2 790
80 9 0 800
80 9 1 783
80 9 2 813
100 0 0 1210
100 0 1 1200
100 0 2 1212
100 1 0 1238
100 1 1 1204
100 1 2 1200
100 2 0 1273
100 2 1 1225
100 2 2 1234
100 3 0 1195
100 3 1 1190
100 3 2 1194
100 4 0 1240
100 4 1 1211
100 4 2 1221
100 5 0 1136
100 5 1 1250
100 5 2 1261
100 6 0 1176
100 6 1 1218
100 6 2 1228
100 7 0 1248
100 7 1 1242
100 7 2 1213
100 8 0 1245
100 8 1 1195
100 8 2 1232
100 9 0 1175
100 9 1 1270
100 9 2 1233
60 0 3 434
60 0 4 423
60 0 5 456
60 0 6 439
60 0 7 399
60 0 8 235
60 0 9 413
60 0 10 449
60 1 3 438
60 1 4 394
60 1 5 445
60 1 6 454
60 1 7 434
60 1 8 396
60 1 9 437
60 1 10 382
60 2 3 436
60 2 4 435
60 2 5 441
60 2 6 439
60 2 7 459
60 2 8 441
60 2 9 463
60 2 10 450
60 3 3 440
60 3 4 428
60 3 5 458
60 3 6 397
60 3 7 438
60 3 8 445
60 3 9 434
60 3 10 434
60 4 3 449
60 4 4 453
60 4 5 428
60 4 6 435
60 4 7 477
60 4 8 412
60 4 9 432
60 4 10 448
60 5 3 464
60 5 4 447
60 5 5 437
60 5 6 455
60 5 7 437
60 5 8 432
60 5 9 376
60 5 10 440
60 6 3 437
60 6 4 399
60 6 5 404
60 6 6 424
60 6 7 440
60 6 8 459
60 6 9 440
60 6 10 414
60 7 3 423
60 7 4 432
60 7 5 457
60 7 6 422
60 7 7 435
60 7 8 434
60 7 9 425
60 7 10 418
60 8 3 456
60 8 4 431
60 8 5 432
60 8 6 441
60 8 7 436
60 8 8 433
60 8 9 441
60 8 10 440
60 9 3 447
60 9 4 422
60 9 5 430
60 9 6 441
60 9 7 436
60 9 8 454
60 9 9 440
60 9 10 435
80 0 3 798
80 0 4 731
80 0 5 768
80 0 6 748
80 0 7 790
80 0 8 790
80 0 9 799
80 0 10 752
80 1 3 783
80 1 4 806
80 1 5 798
80 1 6 695
80 1 7 785
80 1 8 777
80 1 9 794
80 1 10 787
80 2 3 749
80 2 4 799
80 2 5 790
80 2 6 795
80 2 7 791
80 2 8 783
80 2 9 767
80 2 10 791
80 3 3 807
80 3 4 794
80 3 5 770
80 3 6 740
80 3 7 795
80 3 8 774
80 3 9 822
80 3 10 789
80 4 3 781
80 4 4 779
80 4 5 804
80 4 6 809
80 4 7 804
80 4 8 781
80 4 9 813
80 4 10 790
80 5 3 775
80 5 4 788
80 5 5 794
80 5 6 806
80 5 7 784
80 5 8 763
80 5 9 756
80 5 10 784
80 6 3 762
80 6 4 776
80 6 5 754
80 6 6 608
80 6 7 773
80 6 8 802
80 6 9 793
80 6 10 760
80 7 3 776
80 7 4 809
80 7 5 816
80 7 6 776
80 7 7 793
80 7 8 784
80 7 9 789
80 7 10 794
80 8 3 767
80 8 4 758
80 8 5 723
80 8 6 820
80 8 7 801
80 8 8 805
80 8 9 733
80 8 10 784
80 9 3 772
80 9 4 718
80 9 5 780
80 9 6 795
80 9 7 793
80 9 8 814
80 9 9 778
80 9 10 791
100 0 3 1195
100 0 4 1224
100 0 5 1273
100 0 6 1202
100 0 7 1273
100 0 8 1253
100 0 9 1141
100 0 10 1258
100 1 3 1200
100 1 4 1277
100 1 5 1210
100 1 6 1241
100 1 7 1251
100 1 8 1253
100 1 9 1246
100 1 10 1260
100 2 3 1254
100 2 4 1200
100 2 5 1191
100 2 6 1242
100 2 7 1223
100 2 8 1200
100 2 9 1136
100 2 10 1250
100 3 3 1232
100 3 4 1266
100 3 5 1258
100 3 6 1239
100 3 7 1165
100 3 8 1245
100 3 9 1229
100 3 10 1137
100 4 3 1243
100 4 4 1175
100 4 5 1206
100 4 6 1221
100 4 7 1213
100 4 8 1224
100 4 9 1213
100 4 10 1161
100 5 3 1215
100 5 4 1198
100 5 5 1210
100 5 6 1175
100 5 7 1193
100 5 8 1235
100 5 9 1247
100 5 10 1258
100 6 3 1233
100 6 4 1201
100 6 5 1228
100 6 6 1237
100 6 7 1258
100 6 8 1204
100 6 9 1221
100 6 10 1161
100 7 3 1195
100 7 4 1223
100 7 5 1237
100 7 6 1208
100 7 7 1233
100 7 8 1265
100 7 9 1226
100 7 10 1240
100 8 3 1220
100 8 4 1241
100 8 5 1235
100 8 6 1222
100 8 7 1042
100 8 8 1265
100 8 9 997
100 8 10 1245
100 9 3 1218
100 9 4 1250
100 9 5 1276
100 9 6 1225
100 9 7 1243
100 9 8 1270
100 9 9 1218
100 9 10 1246
