60 0 0 383
60 0 1 404
60 0 2 430
60 1 0 449
60 1 1 448
60 1 2 428
60 2 0 436
60 2 1 446
60 2 2 444
60 3 0 456
60 3 1 440
60 3 2 423
60 4 0 443
60 4 1 422
60 4 2 427
60 5 0 438
60 5 1 428
60 5 2 420
60 6 0 413
60 6 1 437
60 6 2 432
60 7 0 461
60 7 1 444
60 7 2 447
60 8 0 433
60 8 1 449
60 8 2 447
60 9 0 428
60 9 1 418
60 9 2 447
80 0 0 790
80 0 1 779
80 0 2 768
80 1 0 722
80 1 1 787
80 1 2 781
80 2 0 707
80 2 1 797
80 2 2 794
80 3 0 791
80 3 1 801
80 3 2 782
80 4 0 781
80 4 1 767
80 4 2 745
80 5 0 769
80 5 1 785
80 5 2 801
80 6 0 802
80 6 1 765
80 6 2 796
80 7 0 802
80 7 1 755
80 7 2 767
80 8 0 757
80 8 1 750
80 8 2 765
80 9 0 715
80 9 1 793
80 9 2 807
100 0 0 1184
100 0 1 1235
100 0 2 1193
100 1 0 1278
100 1 1 1234
100 1 2 1227
100 2 0 1229
100 2 1 1240
100 2 2 1252
100 3 0 1167
100 3 1 1228
100 3 2 1243
100 4 0 1179
100 4 1 1168
100 4 2 1216
100 5 0 1160
100 5 1 1233
100 5 2 1230
100 6 0 1250
100 6 1 1205
100 6 2 1207
100 7 0 1206
100 7 1 1223
100 7 2 1228
100 8 0 1245
100 8 1 1208
100 8 2 1219
100 9 0 1252
100 9 1 1243
100 9 2 1236
60 0 3 434
60 0 4 436
60 0 5 448
60 0 6 435
60 0 7 363
60 0 8 452
60 0 9 415
60 0 10 428
60 1 3 451
60 1 4 437
60 1 5 459
60 1 6 433
60 1 7 466
60 1 8 417
60 1 9 459
60 1 10 432
60 2 3 439
60 2 4 418
60 2 5 423
60 2 6 424
60 2 7 435
60 2 8 448
60 2 9 380
60 2 10 439
60 3 3 435
60 3 4 439
60 3 5 420
60 3 6 453
60 3 7 435
60 3 8 451
60 3 9 442
60 3 10 436
60 4 3 446
60 4 4 446
60 4 5 443
60 4 6 439
60 4 7 426
60 4 8 451
60 4 9 402
60 4 10 456
60 5 3 407
60 5 4 464
60 5 5 416
60 5 6 424
60 5 7 385
60 5 8 442
60 5 9 455
60 5 10 458
60 6 3 376
60 6 4 426
60 6 5 412
60 6 6 404
60 6 7 446
60 6 8 406
60 6 9 416
60 6 10 458
60 7 3 433
60 7 4 438
60 7 5 439
60 7 6 431
60 7 7 433
60 7 8 426
60 7 9 457
60 7 10 442
60 8 3 431
60 8 4 393
60 8 5 435
60 8 6 419
60 8 7 448
60 8 8 447
60 8 9 458
60 8 10 411
60 9 3 429
60 9 4 411
60 9 5 412
60 9 6 430
60 9 7 419
60 9 8 459
60 9 9 439
60 9 10 456
80 0 3 800
80 0 4 815
80 0 5 755
80 0 6 761
80 0 7 767
80 0 8 798
80 0 9 772
80 0 10 769
80 1 3 807
80 1 4 815
80 1 5 648
80 1 6 764
80 1 7 707
80 1 8 796
80 1 9 797
80 1 10 799
80 2 3 787
80 2 4 781
80 2 5 783
80 2 6 787
80 2 7 825
80 2 8 798
80 2 9 751
80 2 10 759
80 3 3 770
80 3 4 809
80 3 5 785
80 3 6 766
80 3 7 787
80 3 8 793
80 3 9 748
80 3 10 812
80 4 3 751
80 4 4 823
80 4 5 768
80 4 6 804
80 4 7 763
80 4 8 753
80 4 9 799
80 4 10 772
80 5 3 783
80 5 4 825
80 5 5 739
80 5 6 775
80 5 7 812
80 5 8 795
80 5 9 767
80 5 10 791
80 6 3 779
80 6 4 767
80 6 5 781
80 6 6 676
80 6 7 794
80 6 8 778
80 6 9 765
80 6 10 750
80 7 3 726
80 7 4 759
80 7 5 792
80 7 6 774
80 7 7 786
80 7 8 793
80 7 9 784
80 7 10 761
80 8 3 771
80 8 4 785
80 8 5 739
80 8 6 763
80 8 7 765
80 8 8 823
80 8 9 777
80 8 10 791
80 9 3 749
80 9 4 781
80 9 5 803
80 9 6 808
80 9 7 762
80 9 8 786
80 9 9 745
80 9 10 793
100 0 3 1213
100 0 4 1222
100 0 5 1237
100 0 6 1266
100 0 7 1184
100 0 8 1162
100 0 9 1236
100 0 10 1238
100 1 3 1249
100 1 4 1257
100 1 5 1206
100 1 6 1241
100 1 7 1259
100 1 8 1250
100 1 9 1093
100 1 10 1211
100 2 3 1195
100 2 4 1147
100 2 5 1239
100 2 6 1236
100 2 7 1138
100 2 8 1155
100 2 9 1245
100 2 10 1230
100 3 3 1241
100 3 4 1226
100 3 5 1237
100 3 6 1270
100 3 7 1219
100 3 8 1209
100 3 9 1216
100 3 10 1190
100 4 3 1010
100 4 4 1295
100 4 5 1280
100 4 6 1239
100 4 7 1190
100 4 8 1256
100 4 9 1213
100 4 10 1256
100 5 3 1235
100 5 4 1230
100 5 5 1231
100 5 6 1234
100 5 7 1223
100 5 8 1185
100 5 9 1170
100 5 10 1213
100 6 3 1168
100 6 4 1250
100 6 5 1256
100 6 6 1216
100 6 7 1207
100 6 8 1235
100 6 9 1245
100 6 10 1255
100 7 3 1202
100 7 4 1246
100 7 5 1199
100 7 6 1233
100 7 7 1211
100 7 8 1216
100 7 9 1260
100 7 10 1170
100 8 3 1198
100 8 4 1178
100 8 5 1260
100 8 6 1262
100 8 7 1186
100 8 8 1261
100 8 9 1251
100 8 10 1237
100 9 3 1153
100 9 4 1252
100 9 5 1193
100 9 6 1215
100 9 7 1241
100 9 8 1246
100 9 9 1226
100 9 10 1216
