60 0 0 413
60 0 1 450
60 0 2 433
60 1 0 388
60 1 1 420
60 1 2 430
60 2 0 442
60 2 1 414
60 2 2 433
60 3 0 417
60 3 1 422
60 3 2 430
60 4 0 443
60 4 1 439
60 4 2 440
60 5 0 455
60 5 1 444
60 5 2 435
60 6 0 457
60 6 1 450
60 6 2 438
60 7 0 424
60 7 1 392
60 7 2 456
60 8 0 361
60 8 1 450
60 8 2 448
60 9 0 433
60 9 1 440
60 9 2 417
80 0 0 776
80 0 1 784
80 0 2 794
80 1 0 799
80 1 1 788
80 1 2 784
80 2 0 664
80 2 1 798
80 2 2 793
80 3 0 794
80 3 1 789
80 3 2 804
80 4 0 757
80 4 1 740
80 4 2 795
80 5 0 739
80 5 1 777
80 5 2 775
80 6 0 813
80 6 1 748
80 6 2 735
80 7 0 790
80 7 1 701
80 7 2 792
80 8 0 800
80 8 1 790
80 8 2 799
80 9 0 737
80 9 1 784
80 9 2 797
100 0 0 1247
100 0 1 1220
100 0 2 1206
100 1 0 1242
100 1 1 1150
100 1 2 1248
100 2 0 1238
100 2 1 1214
100 2 2 1217
100 3 0 1152
100 3 1 1132
100 3 2 1265
100 4 0 1114
100 4 1 1269
100 4 2 1232
100 5 0 1240
100 5 1 1239
100 5 2 1195
100 6 0 1210
100 6 1 1227
100 6 2 1253
100 7 0 1212
100 7 1 1249
100 7 2 1264
100 8 0 1258
100 8 1 1214
100 8 2 1133
100 9 0 1274
100 9 1 1251
100 9 2 1195
60 0 3 448
60 0 4 409
60 0 5 439
60 0 6 430
60 0 7 445
60 0 8 434
60 0 9 452
60 0 10 448
60 1 3 438
60 1 4 430
60 1 5 437
60 1 6 429
60 1 7 435
60 1 8 424
60 1 9 431
60 1 10 445
60 2 3 373
60 2 4 450
60 2 5 427
60 2 6 454
60 2 7 417
60 2 8 457
60 2 9 434
60 2 10 440
60 3 3 379
60 3 4 441
60 3 5 422
60 3 6 432
60 3 7 449
60 3 8 423
60 3 9 429
60 3 10 441
60 4 3 392
60 4 4 429
60 4 5 414
60 4 6 419
60 4 7 425
60 4 8 457
60 4 9 438
60 4 10 447
60 5 3 453
60 5 4 448
60 5 5 416
60 5 6 445
60 5 7 426
60 5 8 434
60 5 9 430
60 5 10 432
60 6 3 420
60 6 4 439
60 6 5 438
60 6 6 441
60 6 7 451
60 6 8 440
60 6 9 443
60 6 10 435
60 7 3 423
60 7 4 429
60 7 5 450
60 7 6 451
60 7 7 421
60 7 8 441
60 7 9 447
60 7 10 439
60 8 3 451
60 8 4 423
60 8 5 451
60 8 6 428
60 8 7 382
60 8 8 409
60 8 9 445
60 8 10 420
60 9 3 456
60 9 4 444
60 9 5 457
60 9 6 437
60 9 7 445
60 9 8 453
60 9 9 434
60 9 10 398
80 0 3 784
80 0 4 770
80 0 5 777
80 0 6 688
80 0 7 815
80 0 8 793
80 0 9 800
80 0 10 784
80 1 3 760
80 1 4 773
80 1 5 777
80 1 6 765
80 1 7 793
80 1 8 810
80 1 9 798
80 1 10 804
80 2 3 781
80 2 4 773
80 2 5 794
80 2 6 783
80 2 7 791
80 2 8 711
80 2 9 796
80 2 10 794
80 3 3 701
80 3 4 741
80 3 5 799
80 3 6 757
80 3 7 724
80 3 8 810
80 3 9 776
80 3 10 707
80 4 3 810
80 4 4 778
80 4 5 754
80 4 6 758
80 4 7 779
80 4 8 752
80 4 9 765
80 4 10 820
80 5 3 805
80 5 4 809
80 5 5 781
80 5 6 775
80 5 7 694
80 5 8 784
80 5 9 765
80 5 10 777
80 6 3 715
80 6 4 787
80 6 5 812
80 6 6 771
80 6 7 764
80 6 8 761
80 6 9 799
80 6 10 763
80 7 3 794
80 7 4 673
80 7 5 804
80 7 6 767
80 7 7 763
80 7 8 816
80 7 9 813
80 7 10 794
80 8 3 783
80 8 4 784
80 8 5 746
80 8 6 781
80 8 7 778
80 8 8 805
80 8 9 784
80 8 10 745
80 9 3 792
80 9 4 745
80 9 5 720
80 9 6 772
80 9 7 797
80 9 8 794
80 9 9 770
80 9 10 798
100 0 3 1237
100 0 4 1066
100 0 5 1215
100 0 6 1271
100 0 7 1187
100 0 8 1078
100 0 9 1233
100 0 10 1255
100 1 3 1233
100 1 4 1241
100 1 5 1250
100 1 6 1242
100 1 7 1237
100 1 8 1185
100 1 9 1209
100 1 10 1248
100 2 3 1195
100 2 4 1217
100 2 5 1222
100 2 6 1260
100 2 7 1199
100 2 8 1206
100 2 9 1202
100 2 10 1259
100 3 3 1231
100 3 4 1252
100 3 5 1233
100 3 6 1266
100 3 7 1243
100 3 8 1250
100 3 9 1255
100 3 10 1143
100 4 3 1122
100 4 4 1264
100 4 5 1204
100 4 6 1236
100 4 7 1231
100 4 8 1211
100 4 9 1243
100 4 10 1238
100 5 3 1265
100 5 4 1180
100 5 5 1239
100 5 6 1113
100 5 7 1240
100 5 8 1231
100 5 9 1231
100 5 10 1210
100 6 3 1276
100 6 4 1146
100 6 5 1223
100 6 6 1214
100 6 7 1222
100 6 8 1182
100 6 9 1230
100 6 10 1184
100 7 3 1244
100 7 4 1206
100 7 5 1250
100 7 6 1260
100 7 7 1254
100 7 8 1241
100 7 9 1185
100 7 10 1260
100 8 3 1238
100 8 4 1212
100 8 5 1202
100 8 6 1243
100 8 7 1261
100 8 8 1139
100 8 9 1239
100 8 10 1248
100 9 3 1256
100 9 4 1278
100 9 5 1225
100 9 6 1169
100 9 7 1184
100 9 8 1237
100 9 9 1242
100 9 10 1221
