60 0 0 450
60 0 1 416
60 0 2 437
60 1 0 443
60 1 1 453
60 1 2 450
60 2 0 435
60 2 1 405
60 2 2 442
60 3 0 435
60 3 1 421
60 3 2 447
60 4 0 443
60 4 1 384
60 4 2 437
60 5 0 435
60 5 1 451
60 5 2 424
60 6 0 440
60 6 1 445
60 6 2 445
60 7 0 419
60 7 1 434
60 7 2 442
60 8 0 456
60 8 1 429
60 8 2 453
60 9 0 449
60 9 1 439
60 9 2 423
80 0 0 771
80 0 1 792
80 0 2 796
80 1 0 797
80 1 1 810
80 1 2 677
80 2 0 745
80 2 1 758
80 2 2 801
80 3 0 801
80 3 1 812
80 3 2 793
80 4 0 777
80 4 1 807
80 4 2 796
80 5 0 794
80 5 1 780
80 5 2 781
80 6 0 744
80 6 1 786
80 6 2 747
80 7 0 783
80 7 1 791
80 7 2 777
80 8 0 777
80 8 1 789
80 8 2 795
80 9 0 774
80 9 1 715
80 9 2 791
100 0 0 1233
100 0 1 1223
100 0 2 1175
100 1 0 1199
100 1 1 1246
100 1 2 1039
100 2 0 1234
100 2 1 1207
100 2 2 1237
100 3 0 1238
100 3 1 1213
100 3 2 1276
100 4 0 1247
100 4 1 1228
100 4 2 1228
100 5 0 1218
100 5 1 1228
100 5 2 1260
100 6 0 1217
100 6 1 1237
100 6 2 1205
100 7 0 1240
100 7 1 1170
100 7 2 1229
100 8 0 1258
100 8 1 1191
100 8 2 1203
100 9 0 1234
100 9 1 1260
100 9 2 1265
60 0 3 437
60 0 4 445
60 0 5 443
60 0 6 437
60 0 7 471
60 0 8 451
60 0 9 443
60 0 10 460
60 1 3 438
60 1 4 430
60 1 5 450
60 1 6 443
60 1 7 458
60 1 8 409
60 1 9 448
60 1 10 417
60 2 3 414
60 2 4 430
60 2 5 403
60 2 6 433
60 2 7 451
60 2 8 436
60 2 9 422
60 2 10 442
60 3 3 397
60 3 4 431
60 3 5 441
60 3 6 469
60 3 7 428
60 3 8 425
60 3 9 452
60 3 10 453
60 4 3 423
60 4 4 461
60 4 5 424
60 4 6 346
60 4 7 446
60 4 8 439
60 4 9 349
60 4 10 439
60 5 3 419
60 5 4 367
60 5 5 437
60 5 6 451
60 5 7 432
60 5 8 446
60 5 9 421
60 5 10 421
60 6 3 430
60 6 4 439
60 6 5 415
60 6 6 462
60 6 7 420
60 6 8 456
60 6 9 442
60 6 10 449
60 7 3 414
60 7 4 455
60 7 5 439
60 7 6 434
60 7 7 421
60 7 8 444
60 7 9 459
60 7 10 406
60 8 3 449
60 8 4 442
60 8 5 443
60 8 6 434
60 8 7 421
60 8 8 447
60 8 9 443
60 8 10 427
60 9 3 422
60 9 4 395
60 9 5 439
60 9 6 448
60 9 7 450
60 9 8 442
60 9 9 430
60 9 10 449
80 0 3 777
80 0 4 803
80 0 5 794
80 0 6 766
80 0 7 765
80 0 8 789
80 0 9 705
80 0 10 781
80 1 3 785
80 1 4 781
80 1 5 763
80 1 6 790
80 1 7 724
80 1 8 804
80 1 9 804
80 1 10 803
80 2 3 807
80 2 4 744
80 2 5 771
80 2 6 781
80 2 7 799
80 2 8 790
80 2 9 795
80 2 10 818
80 3 3 796
80 3 4 767
80 3 5 808
80 3 6 759
80 3 7 725
80 3 8 800
80 3 9 693
80 3 10 774
80 4 3 783
80 4 4 781
80 4 5 781
80 4 6 789
80 4 7 811
80 4 8 776
80 4 9 809
80 4 10 808
80 5 3 761
80 5 4 756
80 5 5 742
80 5 6 781
80 5 7 805
80 5 8 783
80 5 9 788
80 5 10 807
80 6 3 785
80 6 4 797
80 6 5 783
80 6 6 786
80 6 7 750
80 6 8 732
80 6 9 661
80 6 10 795
80 7 3 754
80 7 4 795
80 7 5 760
80 7 6 792
80 7 7 743
80 7 8 784
80 7 9 814
80 7 10 813
80 8 3 782
80 8 4 786
80 8 5 752
80 8 6 692
80 8 7 807
80 8 8 819
80 8 9 714
80 8 10 718
80 9 3 756
80 9 4 781
80 9 5 766
80 9 6 800
80 9 7 802
80 9 8 803
80 9 9 773
80 9 10 770
100 0 3 1169
100 0 4 1251
100 0 5 1240
100 0 6 1252
100 0 7 1233
100 0 8 1236
100 0 9 1202
100 0 10 1245
100 1 3 1258
100 1 4 1252
100 1 5 1250
100 1 6 1210
100 1 7 1283
100 1 8 1213
100 1 9 1233
100 1 10 1232
100 2 3 1245
100 2 4 1213
100 2 5 1172
100 2 6 1259
100 2 7 1224
100 2 8 1226
100 2 9 1224
100 2 10 1248
100 3 3 1241
100 3 4 1235
100 3 5 1221
100 3 6 1203
100 3 7 1211
100 3 8 1231
100 3 9 1180
100 3 10 1243
100 4 3 1232
100 4 4 1245
100 4 5 1236
100 4 6 1243
100 4 7 1210
100 4 8 1240
100 4 9 1236
100 4 10 1261
100 5 3 1234
100 5 4 1244
100 5 5 1227
100 5 6 1234
100 5 7 1230
100 5 8 1202
100 5 9 1211
100 5 10 1224
100 6 3 1242
100 6 4 1225
100 6 5 1258
100 6 6 1235
100 6 7 1251
100 6 8 1255
100 6 9 1255
100 6 10 1232
100 7 3 1256
100 7 4 1186
100 7 5 1235
100 7 6 1246
100 7 7 1227
100 7 8 1223
100 7 9 1245
100 7 10 1233
100 8 3 1226
100 8 4 1258
100 8 5 1234
100 8 6 1224
100 8 7 1245
100 8 8 1204
100 8 9 1240
100 8 10 1248
100 9 3 1204
100 9 4 1198
100 9 5 1240
100 9 6 1215
100 9 7 1273
100 9 8 1267
100 9 9 1259
100 9 10 1235
