60 0 0 436
60 0 1 375
60 0 2 451
60 1 0 434
60 1 1 438
60 1 2 458
60 2 0 411
60 2 1 449
60 2 2 442
60 3 0 456
60 3 1 407
60 3 2 393
60 4 0 457
60 4 1 424
60 4 2 384
60 5 0 447
60 5 1 421
60 5 2 463
60 6 0 439
60 6 1 434
60 6 2 448
60 7 0 432
60 7 1 445
60 7 2 414
60 8 0 435
60 8 1 446
60 8 2 419
60 9 0 457
60 9 1 426
60 9 2 444
80 0 0 762
80 0 1 754
80 0 2 780
80 1 0 775
80 1 1 775
80 1 2 801
80 2 0 804
80 2 1 756
80 2 2 658
80 3 0 780
80 3 1 783
80 3 2 790
80 4 0 796
80 4 1 802
80 4 2 787
80 5 0 776
80 5 1 800
80 5 2 775
80 6 0 747
80 6 1 750
80 6 2 797
80 7 0 745
80 7 1 786
80 7 2 812
80 8 0 791
80 8 1 770
80 8 2 777
80 9 0 729
80 9 1 789
80 9 2 779
100 0 0 1230
100 0 1 1254
100 0 2 1224
100 1 0 1272
100 1 1 1250
100 1 2 1189
100 2 0 1228
100 2 1 1211
100 2 2 1089
100 3 0 1198
100 3 1 1209
100 3 2 1148
100 4 0 1220
100 4 1 1249
100 4 2 1225
100 5 0 1163
100 5 1 1237
100 5 2 1269
100 6 0 1259
100 6 1 1234
100 6 2 1239
100 7 0 1247
100 7 1 1278
100 7 2 1229
100 8 0 1245
100 8 1 1259
100 8 2 1251
100 9 0 1253
100 9 1 1171
100 9 2 1165
60 0 3 427
60 0 4 451
60 0 5 444
60 0 6 436
60 0 7 438
60 0 8 451
60 0 9 438
60 0 10 426
60 1 3 451
60 1 4 461
60 1 5 440
60 1 6 430
60 1 7 442
60 1 8 435
60 1 9 417
60 1 10 451
60 2 3 420
60 2 4 444
60 2 5 430
60 2 6 447
60 2 7 439
60 2 8 454
60 2 9 420
60 2 10 440
60 3 3 444
60 3 4 418
60 3 5 427
60 3 6 448
60 3 7 452
60 3 8 452
60 3 9 420
60 3 10 444
60 4 3 428
60 4 4 449
60 4 5 432
60 4 6 446
60 4 7 454
60 4 8 436
60 4 9 451
60 4 10 426
60 5 3 425
60 5 4 449
60 5 5 436
60 5 6 428
60 5 7 454
60 5 8 440
60 5 9 425
60 5 10 441
60 6 3 396
60 6 4 454
60 6 5 442
60 6 6 447
60 6 7 436
60 6 8 399
60 6 9 449
60 6 10 378
60 7 3 455
60 7 4 411
60 7 5 439
60 7 6 451
60 7 7 449
60 7 8 359
60 7 9 447
60 7 10 435
60 8 3 439
60 8 4 432
60 8 5 439
60 8 6 415
60 8 7 459
60 8 8 442
60 8 9 455
60 8 10 452
60 9 3 425
60 9 4 389
60 9 5 393
60 9 6 453
60 9 7 351
60 9 8 455
60 9 9 426
60 9 10 431
80 0 3 796
80 0 4 783
80 0 5 780
80 0 6 785
80 0 7 788
80 0 8 709
80 0 9 790
80 0 10 658
80 1 3 777
80 1 4 796
80 1 5 751
80 1 6 772
80 1 7 728
80 1 8 768
80 1 9 750
80 1 10 799
80 2 3 778
80 2 4 786
80 2 5 793
80 2 6 777
80 2 7 800
80 2 8 782
80 2 9 762
80 2 10 774
80 3 3 766
80 3 4 795
80 3 5 803
80 3 6 799
80 3 7 798
80 3 8 784
80 3 9 748
80 3 10 797
80 4 3 794
80 4 4 777
80 4 5 805
80 4 6 765
80 4 7 797
80 4 8 747
80 4 9 774
80 4 10 799
80 5 3 806
80 5 4 770
80 5 5 753
80 5 6 760
80 5 7 693
80 5 8 813
80 5 9 804
80 5 10 794
80 6 3 764
80 6 4 759
80 6 5 799
80 6 6 789
80 6 7 815
80 6 8 787
80 6 9 758
80 6 10 708
80 7 3 807
80 7 4 801
80 7 5 753
80 7 6 785
80 7 7 819
80 7 8 789
80 7 9 768
80 7 10 671
80 8 3 790
80 8 4 765
80 8 5 813
80 8 6 793
80 8 7 808
80 8 8 757
80 8 9 747
80 8 10 781
80 9 3 789
80 9 4 793
80 9 5 826
80 9 6 768
80 9 7 816
80 9 8 816
80 9 9 773
80 9 10 780
100 0 3 1210
100 0 4 1239
100 0 5 1259
100 0 6 1227
100 0 7 1187
100 0 8 1205
100 0 9 1208
100 0 10 1085
100 1 3 1217
100 1 4 1234
100 1 5 1220
100 1 6 1232
100 1 7 1226
100 1 8 1217
100 1 9 1205
100 1 10 1253
100 2 3 1210
100 2 4 1223
100 2 5 1284
100 2 6 1163
100 2 7 1222
100 2 8 1190
100 2 9 1181
100 2 10 1175
100 3 3 1201
100 3 4 1222
100 3 5 1271
100 3 6 1213
100 3 7 1241
100 3 8 1068
100 3 9 1230
100 3 10 1227
100 4 3 1158
100 4 4 1236
100 4 5 1229
100 4 6 1237
100 4 7 1256
100 4 8 1253
100 4 9 1243
100 4 10 1186
100 5 3 1217
100 5 4 1221
100 5 5 1257
100 5 6 1215
100 5 7 1251
100 5 8 1232
100 5 9 1281
100 5 10 1243
100 6 3 1246
100 6 4 1256
100 6 5 1197
100 6 6 1239
100 6 7 1225
100 6 8 1251
100 6 9 1241
100 6 10 1263
100 7 3 1210
100 7 4 1226
100 7 5 1221
100 7 6 1158
100 7 7 1242
100 7 8 1265
100 7 9 1226
100 7 10 1217
100 8 3 1224
100 8 4 1211
100 8 5 1178
100 8 6 1236
100 8 7 1168
100 8 8 1250
100 8 9 1236
100 8 10 1252
100 9 3 1214
100 9 4 1214
100 9 5 1257
100 9 6 1262
100 9 7 1237
100 9 8 1236
100 9 9 1144
100 9 10 1247
