60 0 0 31
60 0 1 26
60 0 2 61
60 0 3 65
60 0 4 30
60 0 5 443
60 0 6 30
60 0 7 30
60 0 8 67
60 0 9 30
60 1 0 0
60 1 1 59
60 1 2 162
60 1 3 414
60 1 4 57
60 1 5 87
60 1 6 322
60 1 7 82
60 1 8 32
60 1 9 32
60 2 0 436
60 2 1 0
60 2 2 0
60 2 3 0
60 2 4 0
60 2 5 118
60 2 6 0
60 2 7 170
60 2 8 0
60 2 9 0
60 3 0 0
60 3 1 57
60 3 2 138
60 3 3 174
60 3 4 155
60 3 5 155
60 3 6 80
60 3 7 26
60 3 8 211
60 3 9 0
60 4 0 0
60 4 1 0
60 4 2 0
60 4 3 114
60 4 4 0
60 4 5 114
60 4 6 0
60 4 7 25
60 4 8 0
60 4 9 0
60 5 0 89
60 5 1 103
60 5 2 127
60 5 3 127
60 5 4 447
60 5 5 253
60 5 6 293
60 5 7 265
60 5 8 330
60 5 9 293
60 6 0 425
60 6 1 62
60 6 2 420
60 6 3 88
60 6 4 307
60 6 5 307
60 6 6 413
60 6 7 372
60 6 8 307
60 6 9 328
60 7 0 88
60 7 1 0
60 7 2 118
60 7 3 244
60 7 4 326
60 7 5 0
60 7 6 29
60 7 7 337
60 7 8 244
60 7 9 29
60 8 0 123
60 8 1 67
60 8 2 392
60 8 3 35
60 8 4 413
60 8 5 423
60 8 6 138
60 8 7 392
60 8 8 144
60 8 9 197
60 9 0 317
60 9 1 72
60 9 2 244
60 9 3 0
60 9 4 53
60 9 5 25
60 9 6 236
60 9 7 355
60 9 8 408
60 9 9 82
80 0 0 732
80 0 1 414
80 0 2 72
80 0 3 72
80 0 4 774
80 0 5 684
80 0 6 180
80 0 7 363
80 0 8 267
80 0 9 774
80 1 0 477
80 1 1 34
80 1 2 0
80 1 3 34
80 1 4 684
80 1 5 217
80 1 6 138
80 1 7 369
80 1 8 34
80 1 9 0
80 2 0 318
80 2 1 722
80 2 2 44
80 2 3 45
80 2 4 0
80 2 5 776
80 2 6 37
80 2 7 117
80 2 8 734
80 2 9 551
80 3 0 719
80 3 1 137
80 3 2 459
80 3 3 657
80 3 4 786
80 3 5 788
80 3 6 217
80 3 7 751
80 3 8 671
80 3 9 150
80 4 0 150
80 4 1 396
80 4 2 0
80 4 3 672
80 4 4 70
80 4 5 80
80 4 6 44
80 4 7 122
80 4 8 182
80 4 9 0
80 5 0 551
80 5 1 181
80 5 2 392
80 5 3 148
80 5 4 637
80 5 5 794
80 5 6 628
80 5 7 476
80 5 8 697
80 5 9 794
80 6 0 199
80 6 1 160
80 6 2 199
80 6 3 458
80 6 4 653
80 6 5 653
80 6 6 199
80 6 7 529
80 6 8 668
80 6 9 160
80 7 0 0
80 7 1 37
80 7 2 216
80 7 3 0
80 7 4 499
80 7 5 156
80 7 6 396
80 7 7 0
80 7 8 37
80 7 9 39
80 8 0 250
80 8 1 694
80 8 2 731
80 8 3 697
80 8 4 173
80 8 5 735
80 8 6 697
80 8 7 173
80 8 8 754
80 8 9 772
80 9 0 518
80 9 1 502
80 9 2 179
80 9 3 64
80 9 4 494
80 9 5 134
80 9 6 586
80 9 7 287
80 9 8 541
80 9 9 569
100 0 0 887
100 0 1 43
100 0 2 273
100 0 3 887
100 0 4 710
100 0 5 710
100 0 6 89
100 0 7 135
100 0 8 1261
100 0 9 749
100 1 0 725
100 1 1 188
100 1 2 52
100 1 3 440
100 1 4 52
100 1 5 95
100 1 6 1219
100 1 7 95
100 1 8 528
100 1 9 999
100 2 0 0
100 2 1 0
100 2 2 0
100 2 3 0
100 2 4 0
100 2 5 0
100 2 6 0
100 2 7 0
100 2 8 0
100 2 9 0
100 3 0 1120
100 3 1 1095
100 3 2 95
100 3 3 0
100 3 4 95
100 3 5 1046
100 3 6 0
100 3 7 1207
100 3 8 0
100 3 9 1205
100 4 0 0
100 4 1 45
100 4 2 0
100 4 3 45
100 4 4 45
100 4 5 48
100 4 6 0
100 4 7 0
100 4 8 0
100 4 9 1076
100 5 0 108
100 5 1 1072
100 5 2 108
100 5 3 423
100 5 4 56
100 5 5 52
100 5 6 56
100 5 7 52
100 5 8 740
100 5 9 0
100 6 0 619
100 6 1 954
100 6 2 841
100 6 3 1018
100 6 4 1018
100 6 5 997
100 6 6 997
100 6 7 377
100 6 8 931
100 6 9 820
100 7 0 1150
100 7 1 948
100 7 2 1230
100 7 3 1193
100 7 4 1231
100 7 5 1086
100 7 6 547
100 7 7 1231
100 7 8 1049
100 7 9 1054
100 8 0 784
100 8 1 430
100 8 2 547
100 8 3 815
100 8 4 1052
100 8 5 242
100 8 6 432
100 8 7 599
100 8 8 789
100 8 9 257
100 9 0 674
100 9 1 0
100 9 2 927
100 9 3 0
100 9 4 328
100 9 5 0
100 9 6 58
100 9 7 0
100 9 8 0
100 9 9 756
