60 0 0 459
60 0 1 443
60 0 2 414
60 1 0 398
60 1 1 432
60 1 2 449
60 2 0 439
60 2 1 416
60 2 2 352
60 3 0 412
60 3 1 438
60 3 2 450
60 4 0 441
60 4 1 430
60 4 2 437
60 5 0 440
60 5 1 456
60 5 2 465
60 6 0 418
60 6 1 443
60 6 2 446
60 7 0 417
60 7 1 405
60 7 2 415
60 8 0 455
60 8 1 452
60 8 2 435
60 9 0 428
60 9 1 397
60 9 2 381
80 0 0 744
80 0 1 747
80 0 2 764
80 1 0 748
80 1 1 755
80 1 2 761
80 2 0 766
80 2 1 758
80 2 2 772
80 3 0 786
80 3 1 761
80 3 2 797
80 4 0 776
80 4 1 802
80 4 2 792
80 5 0 763
80 5 1 713
80 5 2 801
80 6 0 806
80 6 1 724
80 6 2 779
80 7 0 820
80 7 1 751
80 7 2 731
80 8 0 774
80 8 1 745
80 8 2 793
80 9 0 774
80 9 1 805
80 9 2 792
100 0 0 1229
100 0 1 1217
100 0 2 1204
100 1 0 1240
100 1 1 1189
100 1 2 1246
100 2 0 1241
100 2 1 1253
100 2 2 1186
100 3 0 1234
100 3 1 1158
100 3 2 1154
100 4 0 1203
100 4 1 1264
100 4 2 1213
100 5 0 1253
100 5 1 1224
100 5 2 1245
100 6 0 1231
100 6 1 1244
100 6 2 1224
100 7 0 1222
100 7 1 1260
100 7 2 1125
100 8 0 1153
100 8 1 1259
100 8 2 1217
100 9 0 1155
100 9 1 1228
100 9 2 1213
60 0 3 439
60 0 4 416
60 0 5 407
60 0 6 436
60 0 7 426
60 0 8 442
60 0 9 445
60 0 10 427
60 1 3 427
60 1 4 455
60 1 5 417
60 1 6 428
60 1 7 444
60 1 8 440
60 1 9 351
60 1 10 470
60 2 3 378
60 2 4 432
60 2 5 440
60 2 6 442
60 2 7 429
60 2 8 449
60 2 9 446
60 2 10 451
60 3 3 449
60 3 4 422
60 3 5 446
60 3 6 446
60 3 7 431
60 3 8 411
60 3 9 434
60 3 10 445
60 4 3 462
60 4 4 444
60 4 5 404
60 4 6 461
60 4 7 449
60 4 8 413
60 4 9 436
60 4 10 442
60 5 3 418
60 5 4 449
60 5 5 455
60 5 6 454
60 5 7 453
60 5 8 392
60 5 9 453
60 5 10 441
60 6 3 420
60 6 4 452
60 6 5 437
60 6 6 441
60 6 7 437
60 6 8 446
60 6 9 437
60 6 10 435
60 7 3 438
60 7 4 452
60 7 5 440
60 7 6 441
60 7 7 445
60 7 8 446
60 7 9 438
60 7 10 441
60 8 3 444
60 8 4 460
60 8 5 449
60 8 6 447
60 8 7 450
60 8 8 382
60 8 9 402
60 8 10 447
60 9 3 423
60 9 4 453
60 9 5 427
60 9 6 448
60 9 7 440
60 9 8 417
60 9 9 444
60 9 10 438
80 0 3 792
80 0 4 805
80 0 5 785
80 0 6 738
80 0 7 712
80 0 8 784
80 0 9 781
80 0 10 782
80 1 3 799
80 1 4 760
80 1 5 779
80 1 6 807
80 1 7 806
80 1 8 742
80 1 9 776
80 1 10 706
80 2 3 770
80 2 4 761
80 2 5 760
80 2 6 790
80 2 7 798
80 2 8 749
80 2 9 772
80 2 10 806
80 3 3 787
80 3 4 809
80 3 5 781
80 3 6 782
80 3 7 756
80 3 8 793
80 3 9 794
80 3 10 810
80 4 3 793
80 4 4 790
80 4 5 825
80 4 6 820
80 4 7 766
80 4 8 775
80 4 9 808
80 4 10 774
80 5 3 789
80 5 4 794
80 5 5 811
80 5 6 785
80 5 7 770
80 5 8 807
80 5 9 777
80 5 10 792
80 6 3 786
80 6 4 786
80 6 5 785
80 6 6 810
80 6 7 765
80 6 8 791
80 6 9 768
80 6 10 757
80 7 3 819
80 7 4 717
80 7 5 796
80 7 6 735
80 7 7 799
80 7 8 791
80 7 9 751
80 7 10 767
80 8 3 789
80 8 4 695
80 8 5 783
80 8 6 764
80 8 7 762
80 8 8 803
80 8 9 797
80 8 10 618
80 9 3 788
80 9 4 796
80 9 5 678
80 9 6 785
80 9 7 802
80 9 8 742
80 9 9 830
80 9 10 762
100 0 3 1244
100 0 4 1236
100 0 5 1166
100 0 6 1209
100 0 7 1189
100 0 8 1223
100 0 9 1224
100 0 10 1260
100 1 3 1195
100 1 4 1249
100 1 5 1238
100 1 6 1254
100 1 7 1236
100 1 8 1205
100 1 9 1266
100 1 10 1226
100 2 3 1223
100 2 4 1248
100 2 5 1227
100 2 6 1241
100 2 7 1231
100 2 8 1229
100 2 9 1228
100 2 10 1168
100 3 3 1196
100 3 4 1250
100 3 5 1214
100 3 6 1231
100 3 7 1159
100 3 8 1249
100 3 9 1232
100 3 10 1233
100 4 3 1180
100 4 4 1215
100 4 5 1208
100 4 6 1250
100 4 7 1243
100 4 8 1180
100 4 9 1175
100 4 10 1243
100 5 3 1253
100 5 4 1248
100 5 5 1229
100 5 6 1115
100 5 7 1200
100 5 8 1191
100 5 9 1276
100 5 10 1239
100 6 3 1265
100 6 4 1205
100 6 5 1219
100 6 6 1092
100 6 7 1234
100 6 8 1267
100 6 9 1265
100 6 10 1219
100 7 3 1230
100 7 4 1234
100 7 5 1179
100 7 6 1220
100 7 7 1218
100 7 8 1232
100 7 9 1203
100 7 10 1264
100 8 3 1249
100 8 4 1228
100 8 5 1206
100 8 6 1202
100 8 7 1220
100 8 8 1120
100 8 9 1251
100 8 10 1082
100 9 3 1160
100 9 4 1187
100 9 5 1221
100 9 6 1236
100 9 7 1229
100 9 8 1233
100 9 9 1238
100 9 10 1146
