60 0 0 408
60 0 1 446
60 0 2 410
60 1 0 418
60 1 1 417
60 1 2 465
60 2 0 427
60 2 1 454
60 2 2 449
60 3 0 443
60 3 1 388
60 3 2 397
60 4 0 422
60 4 1 414
60 4 2 429
60 5 0 435
60 5 1 454
60 5 2 441
60 6 0 476
60 6 1 450
60 6 2 445
60 7 0 444
60 7 1 433
60 7 2 438
60 8 0 444
60 8 1 444
60 8 2 450
60 9 0 459
60 9 1 433
60 9 2 370
80 0 0 810
80 0 1 793
80 0 2 798
80 1 0 789
80 1 1 767
80 1 2 810
80 2 0 792
80 2 1 779
80 2 2 784
80 3 0 799
80 3 1 769
80 3 2 793
80 4 0 730
80 4 1 780
80 4 2 766
80 5 0 779
80 5 1 824
80 5 2 788
80 6 0 800
80 6 1 784
80 6 2 761
80 7 0 752
80 7 1 799
80 7 2 737
80 8 0 797
80 8 1 804
80 8 2 795
80 9 0 792
80 9 1 792
80 9 2 768
100 0 0 1219
100 0 1 1223
100 0 2 1241
100 1 0 1263
100 1 1 1235
100 1 2 1252
100 2 0 1227
100 2 1 1217
100 2 2 1215
100 3 0 1241
100 3 1 1259
100 3 2 1159
100 4 0 1235
100 4 1 1242
100 4 2 1228
100 5 0 1199
100 5 1 1213
100 5 2 1236
100 6 0 1217
100 6 1 1209
100 6 2 1244
100 7 0 1213
100 7 1 1250
100 7 2 1198
100 8 0 1224
100 8 1 1258
100 8 2 1249
100 9 0 1224
100 9 1 1136
100 9 2 1246
60 0 3 440
60 0 4 451
60 0 5 410
60 0 6 463
60 0 7 451
60 0 8 454
60 0 9 442
60 0 10 428
60 1 3 424
60 1 4 443
60 1 5 429
60 1 6 414
60 1 7 454
60 1 8 442
60 1 9 453
60 1 10 444
60 2 3 429
60 2 4 429
60 2 5 457
60 2 6 445
60 2 7 442
60 2 8 454
60 2 9 456
60 2 10 420
60 3 3 449
60 3 4 444
60 3 5 439
60 3 6 455
60 3 7 446
60 3 8 402
60 3 9 456
60 3 10 417
60 4 3 374
60 4 4 453
60 4 5 430
60 4 6 385
60 4 7 447
60 4 8 422
60 4 9 439
60 4 10 438
60 5 3 436
60 5 4 436
60 5 5 433
60 5 6 446
60 5 7 463
60 5 8 457
60 5 9 442
60 5 10 423
60 6 3 450
60 6 4 402
60 6 5 395
60 6 6 428
60 6 7 445
60 6 8 421
60 6 9 430
60 6 10 428
60 7 3 434
60 7 4 423
60 7 5 441
60 7 6 438
60 7 7 434
60 7 8 438
60 7 9 443
60 7 10 455
60 8 3 448
60 8 4 420
60 8 5 432
60 8 6 446
60 8 7 442
60 8 8 454
60 8 9 460
60 8 10 455
60 9 3 441
60 9 4 426
60 9 5 433
60 9 6 472
60 9 7 445
60 9 8 449
60 9 9 451
60 9 10 432
80 0 3 772
80 0 4 754
80 0 5 777
80 0 6 752
80 0 7 797
80 0 8 787
80 0 9 818
80 0 10 800
80 1 3 796
80 1 4 798
80 1 5 732
80 1 6 781
80 1 7 782
80 1 8 787
80 1 9 645
80 1 10 698
80 2 3 785
80 2 4 808
80 2 5 736
80 2 6 793
80 2 7 763
80 2 8 801
80 2 9 786
80 2 10 780
80 3 3 767
80 3 4 787
80 3 5 801
80 3 6 827
80 3 7 805
80 3 8 766
80 3 9 747
80 3 10 800
80 4 3 804
80 4 4 785
80 4 5 759
80 4 6 792
80 4 7 818
80 4 8 774
80 4 9 799
80 4 10 791
80 5 3 704
80 5 4 811
80 5 5 739
80 5 6 785
80 5 7 807
80 5 8 763
80 5 9 779
80 5 10 798
80 6 3 764
80 6 4 750
80 6 5 782
80 6 6 810
80 6 7 734
80 6 8 757
80 6 9 805
80 6 10 795
80 7 3 794
80 7 4 769
80 7 5 785
80 7 6 835
80 7 7 770
80 7 8 812
80 7 9 768
80 7 10 805
80 8 3 744
80 8 4 794
80 8 5 769
80 8 6 818
80 8 7 788
80 8 8 781
80 8 9 741
80 8 10 806
80 9 3 760
80 9 4 789
80 9 5 811
80 9 6 763
80 9 7 786
80 9 8 766
80 9 9 768
80 9 10 779
100 0 3 1156
100 0 4 1223
100 0 5 1183
100 0 6 1229
100 0 7 1239
100 0 8 1067
100 0 9 1228
100 0 10 1206
100 1 3 1130
100 1 4 1231
100 1 5 1254
100 1 6 1262
100 1 7 1215
100 1 8 1261
100 1 9 1215
100 1 10 1251
100 2 3 1153
100 2 4 1254
100 2 5 1233
100 2 6 1216
100 2 7 1247
100 2 8 1216
100 2 9 1189
100 2 10 1197
100 3 3 1255
100 3 4 1252
100 3 5 1194
100 3 6 1215
100 3 7 1247
100 3 8 1176
100 3 9 1247
100 3 10 1218
100 4 3 1240
100 4 4 1259
100 4 5 1183
100 4 6 1237
100 4 7 1244
100 4 8 1187
100 4 9 1252
100 4 10 1258
100 5 3 1238
100 5 4 1232
100 5 5 1233
100 5 6 1240
100 5 7 1234
100 5 8 1239
100 5 9 1250
100 5 10 1126
100 6 3 1247
100 6 4 1248
100 6 5 1226
100 6 6 1282
100 6 7 1246
100 6 8 1251
100 6 9 1216
100 6 10 1266
100 7 3 1238
100 7 4 1221
100 7 5 1195
100 7 6 1250
100 7 7 1236
100 7 8 1142
100 7 9 1254
100 7 10 1231
100 8 3 1236
100 8 4 1258
100 8 5 1264
100 8 6 1231
100 8 7 1248
100 8 8 1206
100 8 9 1226
100 8 10 1258
100 9 3 1227
100 9 4 1226
100 9 5 1286
100 9 6 1233
100 9 7 1247
100 9 8 1228
100 9 9 1259
100 9 10 1229
