60 0 0 146
60 0 1 311
60 0 2 65
60 0 3 29
60 0 4 94
60 0 5 340
60 0 6 120
60 0 7 94
60 0 8 292
60 0 9 120
60 1 0 392
60 1 1 64
60 1 2 113
60 1 3 270
60 1 4 239
60 1 5 128
60 1 6 89
60 1 7 273
60 1 8 140
60 1 9 121
60 2 0 289
60 2 1 88
60 2 2 58
60 2 3 118
60 2 4 88
60 2 5 157
60 2 6 88
60 2 7 88
60 2 8 147
60 2 9 147
60 3 0 341
60 3 1 106
60 3 2 155
60 3 3 159
60 3 4 345
60 3 5 134
60 3 6 185
60 3 7 312
60 3 8 82
60 3 9 332
60 4 0 63
60 4 1 135
60 4 2 88
60 4 3 139
60 4 4 88
60 4 5 252
60 4 6 114
60 4 7 114
60 4 8 88
60 4 9 159
60 5 0 342
60 5 1 398
60 5 2 188
60 5 3 115
60 5 4 117
60 5 5 184
60 5 6 377
60 5 7 184
60 5 8 184
60 5 9 294
60 6 0 62
60 6 1 140
60 6 2 62
60 6 3 236
60 6 4 88
60 6 5 88
60 6 6 62
60 6 7 88
60 6 8 88
60 6 9 88
60 7 0 143
60 7 1 238
60 7 2 255
60 7 3 118
60 7 4 118
60 7 5 88
60 7 6 162
60 7 7 118
60 7 8 118
60 7 9 385
60 8 0 116
60 8 1 133
60 8 2 269
60 8 3 56
60 8 4 286
60 8 5 228
60 8 6 56
60 8 7 286
60 8 8 123
60 8 9 123
60 9 0 85
60 9 1 119
60 9 2 165
60 9 3 142
60 9 4 142
60 9 5 94
60 9 6 93
60 9 7 89
60 9 8 114
60 9 9 192
80 0 0 79
80 0 1 754
80 0 2 79
80 0 3 79
80 0 4 180
80 0 5 79
80 0 6 763
80 0 7 389
80 0 8 716
80 0 9 737
80 1 0 609
80 1 1 104
80 1 2 138
80 1 3 183
80 1 4 105
80 1 5 457
80 1 6 218
80 1 7 536
80 1 8 104
80 1 9 138
80 2 0 159
80 2 1 349
80 2 2 123
80 2 3 120
80 2 4 165
80 2 5 186
80 2 6 130
80 2 7 461
80 2 8 349
80 2 9 505
80 3 0 249
80 3 1 318
80 3 2 124
80 3 3 157
80 3 4 775
80 3 5 121
80 3 6 667
80 3 7 225
80 3 8 218
80 3 9 475
80 4 0 286
80 4 1 156
80 4 2 230
80 4 3 190
80 4 4 227
80 4 5 223
80 4 6 190
80 4 7 110
80 4 8 117
80 4 9 448
80 5 0 147
80 5 1 750
80 5 2 217
80 5 3 456
80 5 4 176
80 5 5 181
80 5 6 106
80 5 7 245
80 5 8 217
80 5 9 147
80 6 0 780
80 6 1 165
80 6 2 553
80 6 3 515
80 6 4 126
80 6 5 85
80 6 6 648
80 6 7 199
80 6 8 126
80 6 9 418
80 7 0 247
80 7 1 122
80 7 2 663
80 7 3 462
80 7 4 79
80 7 5 367
80 7 6 570
80 7 7 155
80 7 8 141
80 7 9 78
80 8 0 677
80 8 1 781
80 8 2 80
80 8 3 80
80 8 4 193
80 8 5 173
80 8 6 80
80 8 7 526
80 8 8 142
80 8 9 80
80 9 0 681
80 9 1 706
80 9 2 734
80 9 3 252
80 9 4 753
80 9 5 173
80 9 6 738
80 9 7 496
80 9 8 742
80 9 9 672
100 0 0 89
100 0 1 226
100 0 2 528
100 0 3 89
100 0 4 1149
100 0 5 184
100 0 6 637
100 0 7 1183
100 0 8 183
100 0 9 1257
100 1 0 286
100 1 1 273
100 1 2 280
100 1 3 429
100 1 4 356
100 1 5 478
100 1 6 824
100 1 7 196
100 1 8 220
100 1 9 480
100 2 0 152
100 2 1 152
100 2 2 152
100 2 3 95
100 2 4 314
100 2 5 152
100 2 6 152
100 2 7 152
100 2 8 152
100 2 9 152
100 3 0 141
100 3 1 141
100 3 2 136
100 3 3 322
100 3 4 141
100 3 5 141
100 3 6 236
100 3 7 141
100 3 8 236
100 3 9 141
100 4 0 425
100 4 1 718
100 4 2 415
100 4 3 272
100 4 4 226
100 4 5 193
100 4 6 241
100 4 7 241
100 4 8 241
100 4 9 1201
100 5 0 397
100 5 1 337
100 5 2 318
100 5 3 113
100 5 4 165
100 5 5 169
100 5 6 165
100 5 7 169
100 5 8 1248
100 5 9 221
100 6 0 181
100 6 1 100
100 6 2 100
100 6 3 647
100 6 4 100
100 6 5 142
100 6 6 100
100 6 7 1031
100 6 8 100
100 6 9 100
100 7 0 812
100 7 1 1005
100 7 2 204
100 7 3 154
100 7 4 204
100 7 5 154
100 7 6 1057
100 7 7 204
100 7 8 200
100 7 9 250
100 8 0 98
100 8 1 956
100 8 2 211
100 8 3 98
100 8 4 152
100 8 5 888
100 8 6 1210
100 8 7 1071
100 8 8 211
100 8 9 1225
100 9 0 309
100 9 1 418
100 9 2 271
100 9 3 418
100 9 4 1117
100 9 5 281
100 9 6 322
100 9 7 413
100 9 8 462
100 9 9 373
