60 0 0 438
60 0 1 454
60 0 2 427
60 1 0 454
60 1 1 439
60 1 2 410
60 2 0 462
60 2 1 417
60 2 2 445
60 3 0 449
60 3 1 462
60 3 2 436
60 4 0 457
60 4 1 427
60 4 2 445
60 5 0 433
60 5 1 436
60 5 2 436
60 6 0 434
60 6 1 459
60 6 2 441
60 7 0 460
60 7 1 377
60 7 2 447
60 8 0 460
60 8 1 434
60 8 2 435
60 9 0 449
60 9 1 427
60 9 2 429
80 0 0 796
80 0 1 806
80 0 2 790
80 1 0 776
80 1 1 786
80 1 2 785
80 2 0 794
80 2 1 811
80 2 2 794
80 3 0 814
80 3 1 776
80 3 2 782
80 4 0 784
80 4 1 796
80 4 2 797
80 5 0 767
80 5 1 800
80 5 2 796
80 6 0 796
80 6 1 799
80 6 2 790
80 7 0 755
80 7 1 773
80 7 2 724
80 8 0 788
80 8 1 755
80 8 2 790
80 9 0 768
80 9 1 786
80 9 2 758
100 0 0 1256
100 0 1 1149
100 0 2 1206
100 1 0 1234
100 1 1 1258
100 1 2 1212
100 2 0 1262
100 2 1 1243
100 2 2 1260
100 3 0 1248
100 3 1 1261
100 3 2 1235
100 4 0 1227
100 4 1 1191
100 4 2 1242
100 5 0 1222
100 5 1 1199
100 5 2 1120
100 6 0 1230
100 6 1 1218
100 6 2 1206
100 7 0 1228
100 7 1 1239
100 7 2 1230
100 8 0 1253
100 8 1 1170
100 8 2 1110
100 9 0 1222
100 9 1 1267
100 9 2 1222
