60 0 0 429
60 0 1 321
60 0 2 352
60 1 0 401
60 1 1 429
60 1 2 436
60 2 0 437
60 2 1 428
60 2 2 410
60 3 0 395
60 3 1 406
60 3 2 460
60 4 0 434
60 4 1 439
60 4 2 432
60 5 0 435
60 5 1 440
60 5 2 452
60 6 0 413
60 6 1 436
60 6 2 441
60 7 0 441
60 7 1 450
60 7 2 447
60 8 0 347
60 8 1 416
60 8 2 429
60 9 0 393
60 9 1 445
60 9 2 420
80 0 0 807
80 0 1 772
80 0 2 789
80 1 0 704
80 1 1 791
80 1 2 735
80 2 0 783
80 2 1 712
80 2 2 790
80 3 0 731
80 3 1 796
80 3 2 813
80 4 0 785
80 4 1 788
80 4 2 786
80 5 0 794
80 5 1 777
80 5 2 789
80 6 0 746
80 6 1 732
80 6 2 790
80 7 0 618
80 7 1 719
80 7 2 779
80 8 0 742
80 8 1 653
80 8 2 773
80 9 0 736
80 9 1 728
80 9 2 800
100 0 0 1267
100 0 1 1258
100 0 2 1232
100 1 0 1210
100 1 1 1233
100 1 2 1236
100 2 0 1170
100 2 1 1222
100 2 2 1243
100 3 0 1073
100 3 1 1215
100 3 2 1229
100 4 0 1229
100 4 1 1266
100 4 2 1205
100 5 0 837
100 5 1 1208
100 5 2 1146
100 6 0 1238
100 6 1 1118
100 6 2 1185
100 7 0 1196
100 7 1 1209
100 7 2 1199
100 8 0 1215
100 8 1 1197
100 8 2 1186
100 9 0 1223
100 9 1 1243
100 9 2 1251
60 0 3 384
60 0 4 446
60 0 5 391
60 0 6 450
60 0 7 445
60 0 8 395
60 0 9 407
60 0 10 412
60 1 3 419
60 1 4 445
60 1 5 457
60 1 6 443
60 1 7 441
60 1 8 447
60 1 9 423
60 1 10 454
60 2 3 427
60 2 4 445
60 2 5 374
60 2 6 427
60 2 7 441
60 2 8 424
60 2 9 434
60 2 10 461
60 3 3 427
60 3 4 446
60 3 5 436
60 3 6 408
60 3 7 437
60 3 8 444
60 3 9 424
60 3 10 459
60 4 3 432
60 4 4 406
60 4 5 439
60 4 6 450
60 4 7 397
60 4 8 409
60 4 9 451
60 4 10 379
60 5 3 418
60 5 4 424
60 5 5 443
60 5 6 446
60 5 7 430
60 5 8 407
60 5 9 412
60 5 10 442
60 6 3 443
60 6 4 294
60 6 5 433
60 6 6 427
60 6 7 411
60 6 8 438
60 6 9 431
60 6 10 440
60 7 3 347
60 7 4 443
60 7 5 415
60 7 6 429
60 7 7 433
60 7 8 459
60 7 9 378
60 7 10 437
60 8 3 416
60 8 4 447
60 8 5 423
60 8 6 391
60 8 7 440
60 8 8 443
60 8 9 444
60 8 10 441
60 9 3 446
60 9 4 436
60 9 5 356
60 9 6 430
60 9 7 431
60 9 8 321
60 9 9 423
60 9 10 435
80 0 3 760
80 0 4 773
80 0 5 732
80 0 6 747
80 0 7 596
80 0 8 795
80 0 9 715
80 0 10 749
80 1 3 822
80 1 4 769
80 1 5 772
80 1 6 803
80 1 7 725
80 1 8 761
80 1 9 803
80 1 10 789
80 2 3 793
80 2 4 735
80 2 5 771
80 2 6 755
80 2 7 803
80 2 8 778
80 2 9 768
80 2 10 768
80 3 3 807
80 3 4 749
80 3 5 803
80 3 6 763
80 3 7 772
80 3 8 771
80 3 9 819
80 3 10 791
80 4 3 744
80 4 4 678
80 4 5 784
80 4 6 526
80 4 7 799
80 4 8 777
80 4 9 797
80 4 10 786
80 5 3 772
80 5 4 806
80 5 5 793
80 5 6 778
80 5 7 781
80 5 8 798
80 5 9 765
80 5 10 785
80 6 3 790
80 6 4 699
80 6 5 726
80 6 6 768
80 6 7 790
80 6 8 803
80 6 9 784
80 6 10 830
80 7 3 779
80 7 4 751
80 7 5 750
80 7 6 724
80 7 7 788
80 7 8 779
80 7 9 748
80 7 10 750
80 8 3 760
80 8 4 776
80 8 5 781
80 8 6 757
80 8 7 795
80 8 8 779
80 8 9 775
80 8 10 764
80 9 3 782
80 9 4 798
80 9 5 781
80 9 6 808
80 9 7 763
80 9 8 725
80 9 9 795
80 9 10 648
100 0 3 1241
100 0 4 1190
100 0 5 1195
100 0 6 1214
100 0 7 1081
100 0 8 1211
100 0 9 1176
100 0 10 1234
100 1 3 1188
100 1 4 1100
100 1 5 1209
100 1 6 1183
100 1 7 1115
100 1 8 1211
100 1 9 1207
100 1 10 1116
100 2 3 1162
100 2 4 1214
100 2 5 1225
100 2 6 1243
100 2 7 1117
100 2 8 1200
100 2 9 1209
100 2 10 1212
100 3 3 1214
100 3 4 1239
100 3 5 1173
100 3 6 1231
100 3 7 1169
100 3 8 1227
100 3 9 1150
100 3 10 1268
100 4 3 1161
100 4 4 1050
100 4 5 1224
100 4 6 1114
100 4 7 1230
100 4 8 1078
100 4 9 1254
100 4 10 1150
100 5 3 1246
100 5 4 1193
100 5 5 1203
100 5 6 1114
100 5 7 1219
100 5 8 1221
100 5 9 1243
100 5 10 1251
100 6 3 1177
100 6 4 1229
100 6 5 1194
100 6 6 1045
100 6 7 1171
100 6 8 1229
100 6 9 1245
100 6 10 1249
100 7 3 1227
100 7 4 1259
100 7 5 1191
100 7 6 1017
100 7 7 1230
100 7 8 1254
100 7 9 1011
100 7 10 1170
100 8 3 1228
100 8 4 1194
100 8 5 1236
100 8 6 1222
100 8 7 1239
100 8 8 1254
100 8 9 1080
100 8 10 1243
100 9 3 1202
100 9 4 1269
100 9 5 1250
100 9 6 1211
100 9 7 1267
100 9 8 1128
100 9 9 1251
100 9 10 1244
