60 0 0 435
60 0 1 434
60 0 2 412
60 1 0 422
60 1 1 459
60 1 2 432
60 2 0 384
60 2 1 437
60 2 2 451
60 3 0 437
60 3 1 428
60 3 2 450
60 4 0 446
60 4 1 419
60 4 2 435
60 5 0 421
60 5 1 389
60 5 2 458
60 6 0 435
60 6 1 450
60 6 2 461
60 7 0 449
60 7 1 421
60 7 2 446
60 8 0 447
60 8 1 438
60 8 2 423
60 9 0 461
60 9 1 434
60 9 2 446
80 0 0 801
80 0 1 780
80 0 2 778
80 1 0 759
80 1 1 791
80 1 2 774
80 2 0 797
80 2 1 749
80 2 2 835
80 3 0 781
80 3 1 728
80 3 2 760
80 4 0 774
80 4 1 800
80 4 2 784
80 5 0 813
80 5 1 810
80 5 2 764
80 6 0 733
80 6 1 809
80 6 2 783
80 7 0 770
80 7 1 793
80 7 2 794
80 8 0 796
80 8 1 762
80 8 2 761
80 9 0 782
80 9 1 776
80 9 2 776
100 0 0 1250
100 0 1 1232
100 0 2 1243
100 1 0 1253
100 1 1 1238
100 1 2 1221
100 2 0 1178
100 2 1 1193
100 2 2 1249
100 3 0 1087
100 3 1 1214
100 3 2 1262
100 4 0 1240
100 4 1 1269
100 4 2 1185
100 5 0 1229
100 5 1 1196
100 5 2 1244
100 6 0 1240
100 6 1 1257
100 6 2 1224
100 7 0 1233
100 7 1 1208
100 7 2 1264
100 8 0 1264
100 8 1 1256
100 8 2 1250
100 9 0 1218
100 9 1 1143
100 9 2 1270
60 0 3 444
60 0 4 439
60 0 5 433
60 0 6 404
60 0 7 442
60 0 8 431
60 0 9 440
60 0 10 427
60 1 3 445
60 1 4 430
60 1 5 439
60 1 6 412
60 1 7 441
60 1 8 434
60 1 9 414
60 1 10 427
60 2 3 434
60 2 4 453
60 2 5 428
60 2 6 451
60 2 7 431
60 2 8 447
60 2 9 428
60 2 10 435
60 3 3 430
60 3 4 429
60 3 5 435
60 3 6 451
60 3 7 441
60 3 8 468
60 3 9 429
60 3 10 451
60 4 3 416
60 4 4 454
60 4 5 445
60 4 6 372
60 4 7 463
60 4 8 448
60 4 9 444
60 4 10 452
60 5 3 427
60 5 4 413
60 5 5 451
60 5 6 449
60 5 7 440
60 5 8 435
60 5 9 439
60 5 10 441
60 6 3 462
60 6 4 428
60 6 5 402
60 6 6 429
60 6 7 455
60 6 8 463
60 6 9 440
60 6 10 401
60 7 3 396
60 7 4 433
60 7 5 438
60 7 6 454
60 7 7 445
60 7 8 430
60 7 9 442
60 7 10 439
60 8 3 424
60 8 4 457
60 8 5 442
60 8 6 424
60 8 7 438
60 8 8 450
60 8 9 445
60 8 10 455
60 9 3 443
60 9 4 433
60 9 5 441
60 9 6 435
60 9 7 472
60 9 8 436
60 9 9 435
60 9 10 428
80 0 3 802
80 0 4 813
80 0 5 757
80 0 6 834
80 0 7 781
80 0 8 798
80 0 9 783
80 0 10 825
80 1 3 764
80 1 4 787
80 1 5 744
80 1 6 752
80 1 7 751
80 1 8 764
80 1 9 764
80 1 10 779
80 2 3 771
80 2 4 784
80 2 5 808
80 2 6 798
80 2 7 776
80 2 8 771
80 2 9 800
80 2 10 768
80 3 3 795
80 3 4 806
80 3 5 747
80 3 6 807
80 3 7 791
80 3 8 798
80 3 9 804
80 3 10 783
80 4 3 770
80 4 4 740
80 4 5 830
80 4 6 786
80 4 7 781
80 4 8 786
80 4 9 789
80 4 10 778
80 5 3 770
80 5 4 783
80 5 5 833
80 5 6 752
80 5 7 810
80 5 8 804
80 5 9 794
80 5 10 796
80 6 3 817
80 6 4 760
80 6 5 809
80 6 6 782
80 6 7 776
80 6 8 808
80 6 9 775
80 6 10 771
80 7 3 740
80 7 4 707
80 7 5 735
80 7 6 694
80 7 7 777
80 7 8 800
80 7 9 780
80 7 10 809
80 8 3 783
80 8 4 817
80 8 5 797
80 8 6 770
80 8 7 585
80 8 8 771
80 8 9 789
80 8 10 763
80 9 3 798
80 9 4 755
80 9 5 785
80 9 6 775
80 9 7 814
80 9 8 786
80 9 9 774
80 9 10 769
100 0 3 1216
100 0 4 1248
100 0 5 1235
100 0 6 1247
100 0 7 1262
100 0 8 1234
100 0 9 1246
100 0 10 1265
100 1 3 1251
100 1 4 1263
100 1 5 1239
100 1 6 1225
100 1 7 1223
100 1 8 1127
100 1 9 1266
100 1 10 1227
100 2 3 1255
100 2 4 1181
100 2 5 1256
100 2 6 1247
100 2 7 1204
100 2 8 1188
100 2 9 1132
100 2 10 1241
100 3 3 1262
100 3 4 1264
100 3 5 1243
100 3 6 1251
100 3 7 1197
100 3 8 1236
100 3 9 1230
100 3 10 1185
100 4 3 1226
100 4 4 1178
100 4 5 1237
100 4 6 1230
100 4 7 1233
100 4 8 1268
100 4 9 1185
100 4 10 1241
100 5 3 1252
100 5 4 1231
100 5 5 1205
100 5 6 1237
100 5 7 1268
100 5 8 1232
100 5 9 1259
100 5 10 1203
100 6 3 1245
100 6 4 1237
100 6 5 1264
100 6 6 1237
100 6 7 1250
100 6 8 1245
100 6 9 1215
100 6 10 1231
100 7 3 1208
100 7 4 1241
100 7 5 1206
100 7 6 1201
100 7 7 1243
100 7 8 1228
100 7 9 1211
100 7 10 1221
100 8 3 1218
100 8 4 1229
100 8 5 1206
100 8 6 1248
100 8 7 1263
100 8 8 1198
100 8 9 1217
100 8 10 1242
100 9 3 1208
100 9 4 1231
100 9 5 1230
100 9 6 1197
100 9 7 1214
100 9 8 1213
100 9 9 1266
100 9 10 1230
