60 0 0 399
60 0 1 410
60 0 2 441
60 1 0 445
60 1 1 431
60 1 2 453
60 2 0 446
60 2 1 401
60 2 2 376
60 3 0 424
60 3 1 400
60 3 2 448
60 4 0 449
60 4 1 445
60 4 2 460
60 5 0 452
60 5 1 451
60 5 2 417
60 6 0 455
60 6 1 447
60 6 2 447
60 7 0 431
60 7 1 446
60 7 2 429
60 8 0 443
60 8 1 437
60 8 2 439
60 9 0 451
60 9 1 459
60 9 2 418
80 0 0 733
80 0 1 819
80 0 2 772
80 1 0 803
80 1 1 780
80 1 2 789
80 2 0 786
80 2 1 783
80 2 2 789
80 3 0 742
80 3 1 785
80 3 2 707
80 4 0 748
80 4 1 794
80 4 2 782
80 5 0 690
80 5 1 786
80 5 2 805
80 6 0 779
80 6 1 788
80 6 2 809
80 7 0 814
80 7 1 790
80 7 2 734
80 8 0 791
80 8 1 745
80 8 2 796
80 9 0 807
80 9 1 803
80 9 2 790
100 0 0 1209
100 0 1 1220
100 0 2 1199
100 1 0 1222
100 1 1 1219
100 1 2 1244
100 2 0 1240
100 2 1 1217
100 2 2 1204
100 3 0 1240
100 3 1 1140
100 3 2 1221
100 4 0 1258
100 4 1 1199
100 4 2 1228
100 5 0 1255
100 5 1 1262
100 5 2 1182
100 6 0 1249
100 6 1 1228
100 6 2 1238
100 7 0 1258
100 7 1 1215
100 7 2 1230
100 8 0 1226
100 8 1 1195
100 8 2 1222
100 9 0 1252
100 9 1 1105
100 9 2 1202
60 0 3 376
60 0 4 428
60 0 5 387
60 0 6 451
60 0 7 422
60 0 8 393
60 0 9 398
60 0 10 442
60 1 3 460
60 1 4 445
60 1 5 434
60 1 6 419
60 1 7 436
60 1 8 445
60 1 9 433
60 1 10 437
60 2 3 454
60 2 4 453
60 2 5 437
60 2 6 435
60 2 7 436
60 2 8 444
60 2 9 457
60 2 10 442
60 3 3 449
60 3 4 438
60 3 5 425
60 3 6 392
60 3 7 354
60 3 8 401
60 3 9 439
60 3 10 446
60 4 3 446
60 4 4 406
60 4 5 400
60 4 6 441
60 4 7 417
60 4 8 436
60 4 9 445
60 4 10 460
60 5 3 452
60 5 4 437
60 5 5 430
60 5 6 434
60 5 7 430
60 5 8 448
60 5 9 406
60 5 10 423
60 6 3 444
60 6 4 461
60 6 5 377
60 6 6 448
60 6 7 430
60 6 8 447
60 6 9 439
60 6 10 450
60 7 3 427
60 7 4 379
60 7 5 425
60 7 6 416
60 7 7 432
60 7 8 428
60 7 9 361
60 7 10 443
60 8 3 450
60 8 4 443
60 8 5 435
60 8 6 428
60 8 7 427
60 8 8 456
60 8 9 413
60 8 10 437
60 9 3 434
60 9 4 456
60 9 5 441
60 9 6 441
60 9 7 433
60 9 8 448
60 9 9 420
60 9 10 449
80 0 3 804
80 0 4 787
80 0 5 789
80 0 6 775
80 0 7 801
80 0 8 792
80 0 9 802
80 0 10 751
80 1 3 779
80 1 4 733
80 1 5 776
80 1 6 795
80 1 7 819
80 1 8 766
80 1 9 795
80 1 10 781
80 2 3 777
80 2 4 777
80 2 5 799
80 2 6 783
80 2 7 785
80 2 8 790
80 2 9 771
80 2 10 766
80 3 3 788
80 3 4 812
80 3 5 769
80 3 6 720
80 3 7 779
80 3 8 787
80 3 9 782
80 3 10 804
80 4 3 813
80 4 4 797
80 4 5 763
80 4 6 786
80 4 7 782
80 4 8 786
80 4 9 771
80 4 10 815
80 5 3 756
80 5 4 794
80 5 5 793
80 5 6 800
80 5 7 764
80 5 8 785
80 5 9 748
80 5 10 750
80 6 3 794
80 6 4 792
80 6 5 787
80 6 6 720
80 6 7 787
80 6 8 780
80 6 9 797
80 6 10 809
80 7 3 804
80 7 4 655
80 7 5 704
80 7 6 770
80 7 7 770
80 7 8 820
80 7 9 795
80 7 10 779
80 8 3 734
80 8 4 806
80 8 5 759
80 8 6 804
80 8 7 781
80 8 8 804
80 8 9 799
80 8 10 776
80 9 3 778
80 9 4 805
80 9 5 775
80 9 6 784
80 9 7 790
80 9 8 807
80 9 9 764
80 9 10 756
100 0 3 1231
100 0 4 1222
100 0 5 1266
100 0 6 1237
100 0 7 1200
100 0 8 1203
100 0 9 1205
100 0 10 1220
100 1 3 1178
100 1 4 1214
100 1 5 1236
100 1 6 1258
100 1 7 1235
100 1 8 1244
100 1 9 1249
100 1 10 1241
100 2 3 1179
100 2 4 1283
100 2 5 1235
100 2 6 1254
100 2 7 1257
100 2 8 1230
100 2 9 1224
100 2 10 1222
100 3 3 1214
100 3 4 1177
100 3 5 1239
100 3 6 1164
100 3 7 1239
100 3 8 1208
100 3 9 1250
100 3 10 1260
100 4 3 1246
100 4 4 1233
100 4 5 1270
100 4 6 1273
100 4 7 1237
100 4 8 1262
100 4 9 1152
100 4 10 1206
100 5 3 1217
100 5 4 1217
100 5 5 1234
100 5 6 1194
100 5 7 1239
100 5 8 1277
100 5 9 1268
100 5 10 1266
100 6 3 1236
100 6 4 1246
100 6 5 1140
100 6 6 1200
100 6 7 1255
100 6 8 1235
100 6 9 1193
100 6 10 1240
100 7 3 1246
100 7 4 1248
100 7 5 1248
100 7 6 1228
100 7 7 1267
100 7 8 1254
100 7 9 1262
100 7 10 1183
100 8 3 1244
100 8 4 1220
100 8 5 1213
100 8 6 1251
100 8 7 1253
100 8 8 1251
100 8 9 1258
100 8 10 1226
100 9 3 1184
100 9 4 1202
100 9 5 1229
100 9 6 1222
100 9 7 1213
100 9 8 1179
100 9 9 1228
100 9 10 1241
