60 0 0 429
60 0 1 435
60 0 2 425
60 1 0 441
60 1 1 449
60 1 2 452
60 2 0 440
60 2 1 411
60 2 2 442
60 3 0 448
60 3 1 391
60 3 2 436
60 4 0 395
60 4 1 443
60 4 2 425
60 5 0 430
60 5 1 428
60 5 2 416
60 6 0 448
60 6 1 434
60 6 2 413
60 7 0 444
60 7 1 432
60 7 2 430
60 8 0 438
60 8 1 435
60 8 2 429
60 9 0 414
60 9 1 415
60 9 2 442
80 0 0 805
80 0 1 776
80 0 2 800
80 1 0 661
80 1 1 776
80 1 2 815
80 2 0 750
80 2 1 807
80 2 2 791
80 3 0 780
80 3 1 793
80 3 2 736
80 4 0 602
80 4 1 778
80 4 2 773
80 5 0 781
80 5 1 799
80 5 2 775
80 6 0 788
80 6 1 785
80 6 2 804
80 7 0 781
80 7 1 772
80 7 2 727
80 8 0 800
80 8 1 795
80 8 2 750
80 9 0 787
80 9 1 792
80 9 2 807
100 0 0 1226
100 0 1 1252
100 0 2 1214
100 1 0 1150
100 1 1 1222
100 1 2 1231
100 2 0 1237
100 2 1 1211
100 2 2 1255
100 3 0 1205
100 3 1 1265
100 3 2 1251
100 4 0 1219
100 4 1 1225
100 4 2 1235
100 5 0 1227
100 5 1 1223
100 5 2 1242
100 6 0 1230
100 6 1 1250
100 6 2 1238
100 7 0 1215
100 7 1 1255
100 7 2 1233
100 8 0 1232
100 8 1 1185
100 8 2 1243
100 9 0 1254
100 9 1 1213
100 9 2 1155
60 0 3 438
60 0 4 405
60 0 5 439
60 0 6 422
60 0 7 440
60 0 8 399
60 0 9 383
60 0 10 427
60 1 3 460
60 1 4 449
60 1 5 435
60 1 6 447
60 1 7 452
60 1 8 453
60 1 9 441
60 1 10 428
60 2 3 439
60 2 4 432
60 2 5 446
60 2 6 437
60 2 7 390
60 2 8 427
60 2 9 445
60 2 10 440
60 3 3 427
60 3 4 428
60 3 5 427
60 3 6 439
60 3 7 463
60 3 8 447
60 3 9 415
60 3 10 432
60 4 3 438
60 4 4 459
60 4 5 387
60 4 6 338
60 4 7 449
60 4 8 428
60 4 9 366
60 4 10 428
60 5 3 430
60 5 4 433
60 5 5 461
60 5 6 449
60 5 7 421
60 5 8 443
60 5 9 440
60 5 10 426
60 6 3 456
60 6 4 435
60 6 5 421
60 6 6 448
60 6 7 445
60 6 8 453
60 6 9 455
60 6 10 403
60 7 3 422
60 7 4 432
60 7 5 419
60 7 6 450
60 7 7 423
60 7 8 450
60 7 9 418
60 7 10 441
60 8 3 462
60 8 4 432
60 8 5 453
60 8 6 440
60 8 7 444
60 8 8 445
60 8 9 439
60 8 10 441
60 9 3 444
60 9 4 422
60 9 5 435
60 9 6 449
60 9 7 445
60 9 8 446
60 9 9 440
60 9 10 440
80 0 3 809
80 0 4 764
80 0 5 794
80 0 6 786
80 0 7 765
80 0 8 742
80 0 9 782
80 0 10 812
80 1 3 772
80 1 4 815
80 1 5 792
80 1 6 775
80 1 7 774
80 1 8 795
80 1 9 777
80 1 10 804
80 2 3 755
80 2 4 781
80 2 5 773
80 2 6 754
80 2 7 702
80 2 8 774
80 2 9 794
80 2 10 774
80 3 3 789
80 3 4 760
80 3 5 781
80 3 6 789
80 3 7 790
80 3 8 697
80 3 9 754
80 3 10 730
80 4 3 776
80 4 4 784
80 4 5 788
80 4 6 757
80 4 7 780
80 4 8 803
80 4 9 783
80 4 10 780
80 5 3 789
80 5 4 772
80 5 5 803
80 5 6 781
80 5 7 809
80 5 8 791
80 5 9 776
80 5 10 739
80 6 3 805
80 6 4 790
80 6 5 817
80 6 6 764
80 6 7 782
80 6 8 799
80 6 9 746
80 6 10 776
80 7 3 722
80 7 4 761
80 7 5 807
80 7 6 753
80 7 7 812
80 7 8 709
80 7 9 820
80 7 10 757
80 8 3 755
80 8 4 755
80 8 5 768
80 8 6 786
80 8 7 784
80 8 8 778
80 8 9 788
80 8 10 765
80 9 3 789
80 9 4 766
80 9 5 715
80 9 6 778
80 9 7 793
80 9 8 814
80 9 9 798
80 9 10 776
100 0 3 1187
100 0 4 1252
100 0 5 1253
100 0 6 1254
100 0 7 1245
100 0 8 1228
100 0 9 1228
100 0 10 1242
100 1 3 1214
100 1 4 1221
100 1 5 1227
100 1 6 1088
100 1 7 1251
100 1 8 1202
100 1 9 1230
100 1 10 1239
100 2 3 1235
100 2 4 1211
100 2 5 1245
100 2 6 1221
100 2 7 1206
100 2 8 1203
100 2 9 1212
100 2 10 1236
100 3 3 1214
100 3 4 1250
100 3 5 1205
100 3 6 1238
100 3 7 1228
100 3 8 1220
100 3 9 1233
100 3 10 1249
100 4 3 1239
100 4 4 1222
100 4 5 1160
100 4 6 1224
100 4 7 1243
100 4 8 1186
100 4 9 1223
100 4 10 1223
100 5 3 1261
100 5 4 1241
100 5 5 1246
100 5 6 1215
100 5 7 1202
100 5 8 1211
100 5 9 1261
100 5 10 1265
100 6 3 1218
100 6 4 1241
100 6 5 1227
100 6 6 1250
100 6 7 1216
100 6 8 1214
100 6 9 1253
100 6 10 1219
100 7 3 1205
100 7 4 1252
100 7 5 1236
100 7 6 1224
100 7 7 1219
100 7 8 1189
100 7 9 1244
100 7 10 1170
100 8 3 1221
100 8 4 1247
100 8 5 1245
100 8 6 1141
100 8 7 1213
100 8 8 1272
100 8 9 1250
100 8 10 1226
100 9 3 1254
100 9 4 1239
100 9 5 1201
100 9 6 1222
100 9 7 1203
100 9 8 1249
100 9 9 1134
100 9 10 1250
