60 0 0 437
60 0 1 421
60 0 2 454
60 1 0 440
60 1 1 445
60 1 2 436
60 2 0 431
60 2 1 442
60 2 2 444
60 3 0 407
60 3 1 446
60 3 2 445
60 4 0 393
60 4 1 454
60 4 2 451
60 5 0 448
60 5 1 401
60 5 2 442
60 6 0 425
60 6 1 437
60 6 2 428
60 7 0 410
60 7 1 427
60 7 2 357
60 8 0 448
60 8 1 431
60 8 2 443
60 9 0 415
60 9 1 444
60 9 2 402
80 0 0 733
80 0 1 718
80 0 2 654
80 1 0 818
80 1 1 805
80 1 2 771
80 2 0 802
80 2 1 746
80 2 2 782
80 3 0 795
80 3 1 748
80 3 2 783
80 4 0 782
80 4 1 778
80 4 2 802
80 5 0 786
80 5 1 788
80 5 2 793
80 6 0 795
80 6 1 800
80 6 2 752
80 7 0 772
80 7 1 778
80 7 2 812
80 8 0 786
80 8 1 764
80 8 2 781
80 9 0 758
80 9 1 813
80 9 2 754
100 0 0 1204
100 0 1 1231
100 0 2 1201
100 1 0 1210
100 1 1 1199
100 1 2 1236
100 2 0 1201
100 2 1 1256
100 2 2 1202
100 3 0 1254
100 3 1 1230
100 3 2 1234
100 4 0 1216
100 4 1 1247
100 4 2 1242
100 5 0 1252
100 5 1 1224
100 5 2 1220
100 6 0 1234
100 6 1 1156
100 6 2 1227
100 7 0 1236
100 7 1 1244
100 7 2 1158
100 8 0 1231
100 8 1 1243
100 8 2 1234
100 9 0 1213
100 9 1 1256
100 9 2 1243
60 0 3 425
60 0 4 435
60 0 5 435
60 0 6 416
60 0 7 429
60 0 8 349
60 0 9 436
60 0 10 447
60 1 3 453
60 1 4 431
60 1 5 445
60 1 6 422
60 1 7 397
60 1 8 410
60 1 9 457
60 1 10 447
60 2 3 417
60 2 4 428
60 2 5 436
60 2 6 437
60 2 7 383
60 2 8 439
60 2 9 444
60 2 10 471
60 3 3 450
60 3 4 438
60 3 5 415
60 3 6 401
60 3 7 429
60 3 8 454
60 3 9 431
60 3 10 440
60 4 3 424
60 4 4 432
60 4 5 437
60 4 6 420
60 4 7 448
60 4 8 440
60 4 9 441
60 4 10 458
60 5 3 416
60 5 4 438
60 5 5 435
60 5 6 451
60 5 7 443
60 5 8 429
60 5 9 378
60 5 10 417
60 6 3 427
60 6 4 418
60 6 5 418
60 6 6 423
60 6 7 431
60 6 8 432
60 6 9 427
60 6 10 416
60 7 3 392
60 7 4 432
60 7 5 439
60 7 6 444
60 7 7 451
60 7 8 422
60 7 9 456
60 7 10 396
60 8 3 424
60 8 4 453
60 8 5 439
60 8 6 442
60 8 7 435
60 8 8 433
60 8 9 454
60 8 10 444
60 9 3 455
60 9 4 434
60 9 5 446
60 9 6 453
60 9 7 424
60 9 8 427
60 9 9 444
60 9 10 452
80 0 3 765
80 0 4 735
80 0 5 773
80 0 6 783
80 0 7 775
80 0 8 774
80 0 9 803
80 0 10 750
80 1 3 757
80 1 4 692
80 1 5 798
80 1 6 773
80 1 7 765
80 1 8 800
80 1 9 799
80 1 10 743
80 2 3 794
80 2 4 707
80 2 5 814
80 2 6 796
80 2 7 782
80 2 8 814
80 2 9 797
80 2 10 758
80 3 3 790
80 3 4 801
80 3 5 793
80 3 6 779
80 3 7 802
80 3 8 805
80 3 9 772
80 3 10 823
80 4 3 632
80 4 4 774
80 4 5 704
80 4 6 766
80 4 7 802
80 4 8 797
80 4 9 805
80 4 10 779
80 5 3 765
80 5 4 794
80 5 5 742
80 5 6 759
80 5 7 796
80 5 8 775
80 5 9 750
80 5 10 779
80 6 3 783
80 6 4 805
80 6 5 770
80 6 6 798
80 6 7 733
80 6 8 772
80 6 9 817
80 6 10 819
80 7 3 749
80 7 4 723
80 7 5 780
80 7 6 796
80 7 7 801
80 7 8 762
80 7 9 769
80 7 10 777
80 8 3 802
80 8 4 787
80 8 5 811
80 8 6 671
80 8 7 767
80 8 8 764
80 8 9 782
80 8 10 786
80 9 3 732
80 9 4 810
80 9 5 787
80 9 6 798
80 9 7 786
80 9 8 770
80 9 9 752
80 9 10 805
100 0 3 1214
100 0 4 1224
100 0 5 1282
100 0 6 1238
100 0 7 1161
100 0 8 1221
100 0 9 1235
100 0 10 1210
100 1 3 1250
100 1 4 1263
100 1 5 1242
100 1 6 1233
100 1 7 1257
100 1 8 1253
100 1 9 1224
100 1 10 1223
100 2 3 1220
100 2 4 1166
100 2 5 1220
100 2 6 1222
100 2 7 1018
100 2 8 1204
100 2 9 1257
100 2 10 1253
100 3 3 1232
100 3 4 1151
100 3 5 1237
100 3 6 1227
100 3 7 1213
100 3 8 1286
100 3 9 1239
100 3 10 1255
100 4 3 1195
100 4 4 1263
100 4 5 1186
100 4 6 1235
100 4 7 1240
100 4 8 1227
100 4 9 1210
100 4 10 1194
100 5 3 1227
100 5 4 1241
100 5 5 1238
100 5 6 1215
100 5 7 1236
100 5 8 1249
100 5 9 1223
100 5 10 1195
100 6 3 1210
100 6 4 1243
100 6 5 1233
100 6 6 1205
100 6 7 1056
100 6 8 1235
100 6 9 1241
100 6 10 1240
100 7 3 1207
100 7 4 1193
100 7 5 1206
100 7 6 1207
100 7 7 1238
100 7 8 1248
100 7 9 1229
100 7 10 1229
100 8 3 1246
100 8 4 1147
100 8 5 1231
100 8 6 1198
100 8 7 1269
100 8 8 1260
100 8 9 1225
100 8 10 1261
100 9 3 1234
100 9 4 1205
100 9 5 1232
100 9 6 1247
100 9 7 1198
100 9 8 1255
100 9 9 1215
100 9 10 1175
