60 0 0 430
60 0 1 403
60 0 2 438
60 1 0 461
60 1 1 397
60 1 2 335
60 2 0 422
60 2 1 417
60 2 2 445
60 3 0 433
60 3 1 427
60 3 2 446
60 4 0 464
60 4 1 361
60 4 2 447
60 5 0 407
60 5 1 431
60 5 2 413
60 6 0 418
60 6 1 446
60 6 2 434
60 7 0 390
60 7 1 457
60 7 2 464
60 8 0 407
60 8 1 465
60 8 2 448
60 9 0 441
60 9 1 397
60 9 2 433
80 0 0 791
80 0 1 755
80 0 2 797
80 1 0 776
80 1 1 759
80 1 2 784
80 2 0 790
80 2 1 733
80 2 2 823
80 3 0 797
80 3 1 787
80 3 2 759
80 4 0 808
80 4 1 763
80 4 2 796
80 5 0 793
80 5 1 735
80 5 2 644
80 6 0 804
80 6 1 771
80 6 2 783
80 7 0 759
80 7 1 803
80 7 2 781
80 8 0 786
80 8 1 813
80 8 2 742
80 9 0 763
80 9 1 774
80 9 2 782
100 0 0 1192
100 0 1 1244
100 0 2 1202
100 1 0 1226
100 1 1 1231
100 1 2 1254
100 2 0 1210
100 2 1 1205
100 2 2 1245
100 3 0 1241
100 3 1 1179
100 3 2 1205
100 4 0 1124
100 4 1 1159
100 4 2 1262
100 5 0 1264
100 5 1 1248
100 5 2 1161
100 6 0 1211
100 6 1 1248
100 6 2 1246
100 7 0 1227
100 7 1 1225
100 7 2 1236
100 8 0 1247
100 8 1 1193
100 8 2 1224
100 9 0 1161
100 9 1 1218
100 9 2 1197
60 0 3 460
60 0 4 449
60 0 5 424
60 0 6 451
60 0 7 452
60 0 8 442
60 0 9 444
60 0 10 413
60 1 3 419
60 1 4 440
60 1 5 423
60 1 6 432
60 1 7 451
60 1 8 440
60 1 9 451
60 1 10 446
60 2 3 448
60 2 4 450
60 2 5 435
60 2 6 438
60 2 7 430
60 2 8 431
60 2 9 434
60 2 10 463
60 3 3 453
60 3 4 445
60 3 5 444
60 3 6 420
60 3 7 458
60 3 8 437
60 3 9 448
60 3 10 446
60 4 3 428
60 4 4 427
60 4 5 443
60 4 6 449
60 4 7 461
60 4 8 442
60 4 9 451
60 4 10 402
60 5 3 451
60 5 4 432
60 5 5 465
60 5 6 446
60 5 7 439
60 5 8 424
60 5 9 433
60 5 10 449
60 6 3 428
60 6 4 455
60 6 5 340
60 6 6 396
60 6 7 438
60 6 8 450
60 6 9 433
60 6 10 419
60 7 3 440
60 7 4 426
60 7 5 380
60 7 6 378
60 7 7 455
60 7 8 420
60 7 9 396
60 7 10 418
60 8 3 423
60 8 4 430
60 8 5 443
60 8 6 452
60 8 7 431
60 8 8 437
60 8 9 400
60 8 10 448
60 9 3 372
60 9 4 437
60 9 5 443
60 9 6 447
60 9 7 452
60 9 8 420
60 9 9 421
60 9 10 410
80 0 3 725
80 0 4 785
80 0 5 774
80 0 6 756
80 0 7 731
80 0 8 789
80 0 9 779
80 0 10 745
80 1 3 802
80 1 4 798
80 1 5 719
80 1 6 783
80 1 7 768
80 1 8 821
80 1 9 819
80 1 10 759
80 2 3 805
80 2 4 814
80 2 5 806
80 2 6 787
80 2 7 788
80 2 8 759
80 2 9 788
80 2 10 800
80 3 3 776
80 3 4 792
80 3 5 768
80 3 6 790
80 3 7 809
80 3 8 715
80 3 9 656
80 3 10 788
80 4 3 784
80 4 4 793
80 4 5 784
80 4 6 790
80 4 7 759
80 4 8 788
80 4 9 791
80 4 10 784
80 5 3 784
80 5 4 763
80 5 5 787
80 5 6 739
80 5 7 813
80 5 8 701
80 5 9 703
80 5 10 762
80 6 3 780
80 6 4 778
80 6 5 769
80 6 6 716
80 6 7 759
80 6 8 781
80 6 9 789
80 6 10 810
80 7 3 779
80 7 4 786
80 7 5 777
80 7 6 746
80 7 7 772
80 7 8 768
80 7 9 781
80 7 10 738
80 8 3 785
80 8 4 641
80 8 5 807
80 8 6 771
80 8 7 790
80 8 8 756
80 8 9 779
80 8 10 785
80 9 3 806
80 9 4 802
80 9 5 774
80 9 6 771
80 9 7 761
80 9 8 777
80 9 9 751
80 9 10 772
100 0 3 1246
100 0 4 1210
100 0 5 1138
100 0 6 1213
100 0 7 1241
100 0 8 1245
100 0 9 1223
100 0 10 1247
100 1 3 1237
100 1 4 1228
100 1 5 1191
100 1 6 1205
100 1 7 1236
100 1 8 1198
100 1 9 1236
100 1 10 1262
100 2 3 1241
100 2 4 1239
100 2 5 1166
100 2 6 1238
100 2 7 1204
100 2 8 1263
100 2 9 1229
100 2 10 1244
100 3 3 1158
100 3 4 1169
100 3 5 1233
100 3 6 1236
100 3 7 1156
100 3 8 1256
100 3 9 1208
100 3 10 1131
100 4 3 1233
100 4 4 1251
100 4 5 1201
100 4 6 1204
100 4 7 1227
100 4 8 1242
100 4 9 1210
100 4 10 1154
100 5 3 1239
100 5 4 1089
100 5 5 927
100 5 6 1258
100 5 7 1238
100 5 8 1234
100 5 9 1255
100 5 10 1165
100 6 3 1197
100 6 4 1219
100 6 5 1237
100 6 6 1278
100 6 7 1223
100 6 8 1239
100 6 9 1192
100 6 10 1210
100 7 3 1235
100 7 4 1216
100 7 5 1232
100 7 6 1231
100 7 7 1188
100 7 8 1127
100 7 9 1222
100 7 10 1245
100 8 3 1190
100 8 4 1237
100 8 5 1229
100 8 6 1219
100 8 7 1192
100 8 8 1146
100 8 9 1216
100 8 10 1224
100 9 3 1071
100 9 4 1077
100 9 5 1039
100 9 6 1175
100 9 7 1180
100 9 8 935
100 9 9 1234
100 9 10 1173
