60 0 0 450
60 0 1 411
60 0 2 449
60 1 0 438
60 1 1 422
60 1 2 453
60 2 0 453
60 2 1 449
60 2 2 442
60 3 0 406
60 3 1 441
60 3 2 435
60 4 0 453
60 4 1 436
60 4 2 430
60 5 0 442
60 5 1 362
60 5 2 426
60 6 0 450
60 6 1 457
60 6 2 447
60 7 0 401
60 7 1 381
60 7 2 464
60 8 0 431
60 8 1 450
60 8 2 412
60 9 0 435
60 9 1 435
60 9 2 422
80 0 0 720
80 0 1 774
80 0 2 710
80 1 0 775
80 1 1 777
80 1 2 767
80 2 0 763
80 2 1 802
80 2 2 739
80 3 0 776
80 3 1 724
80 3 2 784
80 4 0 716
80 4 1 769
80 4 2 763
80 5 0 782
80 5 1 795
80 5 2 797
80 6 0 795
80 6 1 772
80 6 2 746
80 7 0 788
80 7 1 773
80 7 2 786
80 8 0 745
80 8 1 815
80 8 2 792
80 9 0 787
80 9 1 696
80 9 2 831
100 0 0 1210
100 0 1 1248
100 0 2 1218
100 1 0 1229
100 1 1 1184
100 1 2 1214
100 2 0 1231
100 2 1 1195
100 2 2 1105
100 3 0 1244
100 3 1 1168
100 3 2 1211
100 4 0 1238
100 4 1 1146
100 4 2 1229
100 5 0 1227
100 5 1 1194
100 5 2 1206
100 6 0 1178
100 6 1 1245
100 6 2 1258
100 7 0 1242
100 7 1 1190
100 7 2 1231
100 8 0 1228
100 8 1 1206
100 8 2 1266
100 9 0 1250
100 9 1 1203
100 9 2 1246
60 0 3 412
60 0 4 417
60 0 5 453
60 0 6 421
60 0 7 431
60 0 8 326
60 0 9 439
60 0 10 447
60 1 3 437
60 1 4 380
60 1 5 452
60 1 6 432
60 1 7 431
60 1 8 419
60 1 9 433
60 1 10 421
60 2 3 435
60 2 4 432
60 2 5 426
60 2 6 453
60 2 7 441
60 2 8 454
60 2 9 439
60 2 10 428
60 3 3 442
60 3 4 456
60 3 5 445
60 3 6 460
60 3 7 318
60 3 8 432
60 3 9 430
60 3 10 372
60 4 3 428
60 4 4 385
60 4 5 430
60 4 6 428
60 4 7 445
60 4 8 386
60 4 9 434
60 4 10 437
60 5 3 418
60 5 4 451
60 5 5 402
60 5 6 437
60 5 7 423
60 5 8 393
60 5 9 467
60 5 10 438
60 6 3 450
60 6 4 430
60 6 5 458
60 6 6 452
60 6 7 397
60 6 8 446
60 6 9 402
60 6 10 421
60 7 3 388
60 7 4 453
60 7 5 438
60 7 6 432
60 7 7 419
60 7 8 429
60 7 9 451
60 7 10 418
60 8 3 413
60 8 4 454
60 8 5 430
60 8 6 403
60 8 7 440
60 8 8 385
60 8 9 389
60 8 10 448
60 9 3 434
60 9 4 409
60 9 5 468
60 9 6 458
60 9 7 443
60 9 8 453
60 9 9 433
60 9 10 437
80 0 3 752
80 0 4 776
80 0 5 790
80 0 6 753
80 0 7 788
80 0 8 782
80 0 9 814
80 0 10 779
80 1 3 736
80 1 4 757
80 1 5 768
80 1 6 756
80 1 7 811
80 1 8 769
80 1 9 775
80 1 10 774
80 2 3 803
80 2 4 801
80 2 5 780
80 2 6 788
80 2 7 796
80 2 8 779
80 2 9 781
80 2 10 790
80 3 3 790
80 3 4 762
80 3 5 793
80 3 6 756
80 3 7 785
80 3 8 811
80 3 9 744
80 3 10 788
80 4 3 793
80 4 4 751
80 4 5 770
80 4 6 794
80 4 7 769
80 4 8 776
80 4 9 782
80 4 10 799
80 5 3 758
80 5 4 795
80 5 5 759
80 5 6 764
80 5 7 764
80 5 8 794
80 5 9 807
80 5 10 798
80 6 3 766
80 6 4 792
80 6 5 779
80 6 6 771
80 6 7 765
80 6 8 758
80 6 9 792
80 6 10 785
80 7 3 726
80 7 4 775
80 7 5 779
80 7 6 799
80 7 7 776
80 7 8 803
80 7 9 793
80 7 10 824
80 8 3 748
80 8 4 788
80 8 5 636
80 8 6 787
80 8 7 810
80 8 8 769
80 8 9 795
80 8 10 796
80 9 3 783
80 9 4 792
80 9 5 792
80 9 6 766
80 9 7 788
80 9 8 798
80 9 9 759
80 9 10 795
100 0 3 1232
100 0 4 1232
100 0 5 1146
100 0 6 1216
100 0 7 1269
100 0 8 1203
100 0 9 1213
100 0 10 1016
100 1 3 1285
100 1 4 1223
100 1 5 1238
100 1 6 1233
100 1 7 1260
100 1 8 1215
100 1 9 1216
100 1 10 1237
100 2 3 1179
100 2 4 1252
100 2 5 1137
100 2 6 1234
100 2 7 1224
100 2 8 1220
100 2 9 1232
100 2 10 1248
100 3 3 1246
100 3 4 1252
100 3 5 1217
100 3 6 1240
100 3 7 1263
100 3 8 1248
100 3 9 1197
100 3 10 1197
100 4 3 1251
100 4 4 1236
100 4 5 1264
100 4 6 1211
100 4 7 1214
100 4 8 1252
100 4 9 1244
100 4 10 1240
100 5 3 1212
100 5 4 1227
100 5 5 1218
100 5 6 1259
100 5 7 1246
100 5 8 1263
100 5 9 1249
100 5 10 1223
100 6 3 1240
100 6 4 1199
100 6 5 1112
100 6 6 1093
100 6 7 1261
100 6 8 1205
100 6 9 1229
100 6 10 1247
100 7 3 1232
100 7 4 1234
100 7 5 1210
100 7 6 1245
100 7 7 1167
100 7 8 1262
100 7 9 1197
100 7 10 1065
100 8 3 1237
100 8 4 1218
100 8 5 1219
100 8 6 1214
100 8 7 1158
100 8 8 1134
100 8 9 1240
100 8 10 1262
100 9 3 1203
100 9 4 1251
100 9 5 1214
100 9 6 1219
100 9 7 1234
100 9 8 1235
100 9 9 1208
100 9 10 1265
