60 0 0 459
60 0 1 441
60 0 2 450
60 1 0 420
60 1 1 451
60 1 2 434
60 2 0 429
60 2 1 420
60 2 2 466
60 3 0 429
60 3 1 386
60 3 2 432
60 4 0 429
60 4 1 414
60 4 2 450
60 5 0 441
60 5 1 410
60 5 2 431
60 6 0 450
60 6 1 412
60 6 2 417
60 7 0 425
60 7 1 438
60 7 2 333
60 8 0 440
60 8 1 433
60 8 2 432
60 9 0 439
60 9 1 454
60 9 2 442
80 0 0 794
80 0 1 765
80 0 2 796
80 1 0 666
80 1 1 791
80 1 2 775
80 2 0 787
80 2 1 809
80 2 2 779
80 3 0 768
80 3 1 801
80 3 2 796
80 4 0 754
80 4 1 729
80 4 2 778
80 5 0 769
80 5 1 778
80 5 2 795
80 6 0 758
80 6 1 791
80 6 2 788
80 7 0 789
80 7 1 807
80 7 2 762
80 8 0 773
80 8 1 772
80 8 2 772
80 9 0 810
80 9 1 811
80 9 2 742
100 0 0 1238
100 0 1 1235
100 0 2 1229
100 1 0 1247
100 1 1 1189
100 1 2 1239
100 2 0 1207
100 2 1 1238
100 2 2 1205
100 3 0 1246
100 3 1 1209
100 3 2 1235
100 4 0 1174
100 4 1 1211
100 4 2 1228
100 5 0 1237
100 5 1 1144
100 5 2 1225
100 6 0 1259
100 6 1 1187
100 6 2 1232
100 7 0 1196
100 7 1 1185
100 7 2 1216
100 8 0 1195
100 8 1 1174
100 8 2 1199
100 9 0 1175
100 9 1 1242
100 9 2 1233
