60 0 0 312
60 0 1 320
60 0 2 395
60 1 0 419
60 1 1 388
60 1 2 347
60 2 0 433
60 2 1 372
60 2 2 432
60 3 0 407
60 3 1 436
60 3 2 446
60 4 0 399
60 4 1 409
60 4 2 359
60 5 0 419
60 5 1 397
60 5 2 455
60 6 0 432
60 6 1 383
60 6 2 379
60 7 0 384
60 7 1 427
60 7 2 421
60 8 0 439
60 8 1 437
60 8 2 453
60 9 0 440
60 9 1 422
60 9 2 418
80 0 0 787
80 0 1 702
80 0 2 786
80 1 0 726
80 1 1 808
80 1 2 792
80 2 0 805
80 2 1 709
80 2 2 779
80 3 0 724
80 3 1 767
80 3 2 778
80 4 0 783
80 4 1 712
80 4 2 797
80 5 0 808
80 5 1 764
80 5 2 784
80 6 0 697
80 6 1 754
80 6 2 791
80 7 0 739
80 7 1 753
80 7 2 781
80 8 0 806
80 8 1 798
80 8 2 773
80 9 0 774
80 9 1 757
80 9 2 765
100 0 0 1237
100 0 1 1139
100 0 2 1265
100 1 0 1218
100 1 1 1204
100 1 2 1200
100 2 0 1215
100 2 1 1216
100 2 2 1209
100 3 0 1239
100 3 1 1218
100 3 2 1231
100 4 0 962
100 4 1 1156
100 4 2 1219
100 5 0 1013
100 5 1 1195
100 5 2 1164
100 6 0 1235
100 6 1 1211
100 6 2 1210
100 7 0 1263
100 7 1 1118
100 7 2 1242
100 8 0 1257
100 8 1 1103
100 8 2 1269
100 9 0 1163
100 9 1 1228
100 9 2 1130
60 0 3 398
60 0 4 299
60 0 5 450
60 0 6 365
60 0 7 369
60 0 8 371
60 0 9 420
60 0 10 401
60 1 3 440
60 1 4 436
60 1 5 428
60 1 6 428
60 1 7 453
60 1 8 450
60 1 9 433
60 1 10 361
60 2 3 457
60 2 4 413
60 2 5 369
60 2 6 434
60 2 7 378
60 2 8 456
60 2 9 443
60 2 10 439
60 3 3 438
60 3 4 445
60 3 5 359
60 3 6 443
60 3 7 439
60 3 8 426
60 3 9 420
60 3 10 447
60 4 3 432
60 4 4 427
60 4 5 417
60 4 6 452
60 4 7 411
60 4 8 437
60 4 9 452
60 4 10 467
60 5 3 449
60 5 4 425
60 5 5 453
60 5 6 426
60 5 7 430
60 5 8 441
60 5 9 420
60 5 10 369
60 6 3 442
60 6 4 451
60 6 5 427
60 6 6 462
60 6 7 401
60 6 8 432
60 6 9 442
60 6 10 450
60 7 3 444
60 7 4 429
60 7 5 422
60 7 6 424
60 7 7 402
60 7 8 395
60 7 9 428
60 7 10 411
60 8 3 450
60 8 4 430
60 8 5 454
60 8 6 422
60 8 7 454
60 8 8 444
60 8 9 440
60 8 10 436
60 9 3 335
60 9 4 442
60 9 5 432
60 9 6 409
60 9 7 422
60 9 8 428
60 9 9 425
60 9 10 430
80 0 3 786
80 0 4 774
80 0 5 719
80 0 6 769
80 0 7 774
80 0 8 738
80 0 9 656
80 0 10 773
80 1 3 718
80 1 4 778
80 1 5 801
80 1 6 801
80 1 7 790
80 1 8 776
80 1 9 804
80 1 10 731
80 2 3 798
80 2 4 739
80 2 5 798
80 2 6 805
80 2 7 775
80 2 8 758
80 2 9 797
80 2 10 794
80 3 3 702
80 3 4 786
80 3 5 787
80 3 6 768
80 3 7 767
80 3 8 755
80 3 9 769
80 3 10 794
80 4 3 799
80 4 4 795
80 4 5 798
80 4 6 783
80 4 7 767
80 4 8 736
80 4 9 752
80 4 10 789
80 5 3 736
80 5 4 762
80 5 5 730
80 5 6 759
80 5 7 778
80 5 8 794
80 5 9 775
80 5 10 668
80 6 3 716
80 6 4 791
80 6 5 736
80 6 6 788
80 6 7 790
80 6 8 801
80 6 9 726
80 6 10 757
80 7 3 806
80 7 4 760
80 7 5 783
80 7 6 804
80 7 7 721
80 7 8 790
80 7 9 770
80 7 10 771
80 8 3 809
80 8 4 758
80 8 5 792
80 8 6 754
80 8 7 797
80 8 8 782
80 8 9 832
80 8 10 781
80 9 3 748
80 9 4 749
80 9 5 656
80 9 6 807
80 9 7 738
80 9 8 800
80 9 9 770
80 9 10 778
100 0 3 1168
100 0 4 1262
100 0 5 1236
100 0 6 1228
100 0 7 1194
100 0 8 1240
100 0 9 1231
100 0 10 1217
100 1 3 1229
100 1 4 1230
100 1 5 1238
100 1 6 1238
100 1 7 1207
100 1 8 1153
100 1 9 1237
100 1 10 1259
100 2 3 1217
100 2 4 1244
100 2 5 1209
100 2 6 1254
100 2 7 1242
100 2 8 1274
100 2 9 1260
100 2 10 1268
100 3 3 1165
100 3 4 1231
100 3 5 1205
100 3 6 1210
100 3 7 1227
100 3 8 1210
100 3 9 1222
100 3 10 1213
100 4 3 1262
100 4 4 1222
100 4 5 1266
100 4 6 1198
100 4 7 1205
100 4 8 1234
100 4 9 1207
100 4 10 1182
100 5 3 1203
100 5 4 1260
100 5 5 1249
100 5 6 1183
100 5 7 1065
100 5 8 1206
100 5 9 1245
100 5 10 1222
100 6 3 1211
100 6 4 1174
100 6 5 1104
100 6 6 1231
100 6 7 867
100 6 8 1232
100 6 9 1174
100 6 10 1179
100 7 3 1227
100 7 4 1145
100 7 5 1235
100 7 6 1196
100 7 7 1199
100 7 8 1020
100 7 9 1237
100 7 10 1208
100 8 3 1218
100 8 4 1211
100 8 5 1199
100 8 6 1234
100 8 7 1208
100 8 8 1218
100 8 9 1153
100 8 10 1246
100 9 3 1248
100 9 4 1261
100 9 5 1236
100 9 6 1201
100 9 7 1238
100 9 8 1255
100 9 9 1176
100 9 10 1232
