60 0 0 445
60 0 1 437
60 0 2 447
60 1 0 460
60 1 1 445
60 1 2 417
60 2 0 403
60 2 1 438
60 2 2 416
60 3 0 454
60 3 1 416
60 3 2 425
60 4 0 446
60 4 1 397
60 4 2 389
60 5 0 442
60 5 1 445
60 5 2 428
60 6 0 442
60 6 1 441
60 6 2 455
60 7 0 428
60 7 1 444
60 7 2 454
60 8 0 423
60 8 1 385
60 8 2 435
60 9 0 446
60 9 1 435
60 9 2 428
80 0 0 790
80 0 1 781
80 0 2 731
80 1 0 815
80 1 1 726
80 1 2 575
80 2 0 770
80 2 1 783
80 2 2 762
80 3 0 774
80 3 1 787
80 3 2 787
80 4 0 759
80 4 1 778
80 4 2 745
80 5 0 800
80 5 1 739
80 5 2 762
80 6 0 776
80 6 1 795
80 6 2 750
80 7 0 698
80 7 1 648
80 7 2 777
80 8 0 797
80 8 1 809
80 8 2 758
80 9 0 738
80 9 1 718
80 9 2 737
100 0 0 1262
100 0 1 1215
100 0 2 1258
100 1 0 1225
100 1 1 1214
100 1 2 1256
100 2 0 1272
100 2 1 1178
100 2 2 1262
100 3 0 1227
100 3 1 1240
100 3 2 1220
100 4 0 1250
100 4 1 1256
100 4 2 1253
100 5 0 1203
100 5 1 1250
100 5 2 1200
100 6 0 1188
100 6 1 1234
100 6 2 1200
100 7 0 1260
100 7 1 1212
100 7 2 1240
100 8 0 1222
100 8 1 1233
100 8 2 1283
100 9 0 1249
100 9 1 1190
100 9 2 1259
60 0 3 419
60 0 4 444
60 0 5 380
60 0 6 429
60 0 7 439
60 0 8 430
60 0 9 376
60 0 10 436
60 1 3 430
60 1 4 443
60 1 5 448
60 1 6 443
60 1 7 431
60 1 8 431
60 1 9 440
60 1 10 440
60 2 3 419
60 2 4 430
60 2 5 430
60 2 6 428
60 2 7 432
60 2 8 403
60 2 9 377
60 2 10 459
60 3 3 437
60 3 4 427
60 3 5 419
60 3 6 391
60 3 7 455
60 3 8 416
60 3 9 443
60 3 10 450
60 4 3 458
60 4 4 425
60 4 5 425
60 4 6 433
60 4 7 422
60 4 8 422
60 4 9 380
60 4 10 446
60 5 3 432
60 5 4 459
60 5 5 407
60 5 6 412
60 5 7 443
60 5 8 449
60 5 9 396
60 5 10 442
60 6 3 453
60 6 4 443
60 6 5 431
60 6 6 422
60 6 7 436
60 6 8 444
60 6 9 427
60 6 10 433
60 7 3 398
60 7 4 446
60 7 5 426
60 7 6 318
60 7 7 450
60 7 8 438
60 7 9 443
60 7 10 426
60 8 3 403
60 8 4 445
60 8 5 440
60 8 6 412
60 8 7 429
60 8 8 449
60 8 9 405
60 8 10 434
60 9 3 412
60 9 4 376
60 9 5 454
60 9 6 433
60 9 7 454
60 9 8 421
60 9 9 442
60 9 10 442
80 0 3 779
80 0 4 782
80 0 5 782
80 0 6 815
80 0 7 790
80 0 8 769
80 0 9 801
80 0 10 797
80 1 3 751
80 1 4 804
80 1 5 755
80 1 6 762
80 1 7 776
80 1 8 765
80 1 9 769
80 1 10 711
80 2 3 761
80 2 4 774
80 2 5 809
80 2 6 746
80 2 7 785
80 2 8 790
80 2 9 806
80 2 10 791
80 3 3 813
80 3 4 776
80 3 5 792
80 3 6 776
80 3 7 810
80 3 8 789
80 3 9 778
80 3 10 804
80 4 3 746
80 4 4 806
80 4 5 768
80 4 6 766
80 4 7 782
80 4 8 762
80 4 9 772
80 4 10 788
80 5 3 818
80 5 4 778
80 5 5 784
80 5 6 785
80 5 7 779
80 5 8 782
80 5 9 786
80 5 10 771
80 6 3 805
80 6 4 745
80 6 5 779
80 6 6 749
80 6 7 784
80 6 8 714
80 6 9 803
80 6 10 793
80 7 3 786
80 7 4 767
80 7 5 824
80 7 6 787
80 7 7 777
80 7 8 789
80 7 9 775
80 7 10 792
80 8 3 811
80 8 4 764
80 8 5 802
80 8 6 720
80 8 7 726
80 8 8 793
80 8 9 789
80 8 10 774
80 9 3 822
80 9 4 801
80 9 5 790
80 9 6 770
80 9 7 737
80 9 8 797
80 9 9 735
80 9 10 798
100 0 3 1247
100 0 4 1219
100 0 5 1248
100 0 6 1225
100 0 7 1253
100 0 8 1268
100 0 9 1246
100 0 10 1250
100 1 3 1246
100 1 4 1238
100 1 5 1077
100 1 6 1213
100 1 7 1245
100 1 8 1249
100 1 9 1255
100 1 10 1232
100 2 3 1272
100 2 4 1192
100 2 5 1245
100 2 6 1169
100 2 7 1144
100 2 8 1226
100 2 9 1215
100 2 10 1227
100 3 3 1257
100 3 4 1118
100 3 5 1234
100 3 6 1241
100 3 7 1225
100 3 8 1039
100 3 9 1230
100 3 10 1247
100 4 3 1207
100 4 4 1246
100 4 5 1225
100 4 6 1212
100 4 7 1234
100 4 8 1230
100 4 9 1223
100 4 10 1227
100 5 3 1299
100 5 4 1219
100 5 5 1207
100 5 6 1210
100 5 7 1268
100 5 8 1202
100 5 9 1048
100 5 10 1178
100 6 3 1172
100 6 4 1186
100 6 5 1246
100 6 6 1213
100 6 7 1236
100 6 8 1242
100 6 9 1227
100 6 10 1228
100 7 3 1150
100 7 4 1126
100 7 5 1216
100 7 6 1154
100 7 7 1253
100 7 8 1221
100 7 9 1212
100 7 10 1176
100 8 3 1235
100 8 4 1238
100 8 5 1159
100 8 6 1181
100 8 7 1240
100 8 8 1218
100 8 9 1247
100 8 10 1213
100 9 3 1173
100 9 4 1162
100 9 5 1269
100 9 6 1185
100 9 7 1230
100 9 8 1210
100 9 9 1209
100 9 10 1244
