60 0 0 435
60 0 1 421
60 0 2 403
60 1 0 437
60 1 1 442
60 1 2 418
60 2 0 437
60 2 1 404
60 2 2 418
60 3 0 390
60 3 1 441
60 3 2 446
60 4 0 451
60 4 1 451
60 4 2 413
60 5 0 450
60 5 1 454
60 5 2 363
60 6 0 434
60 6 1 414
60 6 2 451
60 7 0 409
60 7 1 460
60 7 2 441
60 8 0 409
60 8 1 432
60 8 2 439
60 9 0 443
60 9 1 452
60 9 2 377
80 0 0 777
80 0 1 790
80 0 2 763
80 1 0 729
80 1 1 800
80 1 2 735
80 2 0 791
80 2 1 792
80 2 2 789
80 3 0 791
80 3 1 782
80 3 2 808
80 4 0 776
80 4 1 790
80 4 2 755
80 5 0 760
80 5 1 783
80 5 2 768
80 6 0 527
80 6 1 782
80 6 2 777
80 7 0 785
80 7 1 782
80 7 2 775
80 8 0 755
80 8 1 822
80 8 2 701
80 9 0 810
80 9 1 700
80 9 2 721
100 0 0 1189
100 0 1 1228
100 0 2 1221
100 1 0 1226
100 1 1 1129
100 1 2 1232
100 2 0 1228
100 2 1 1209
100 2 2 1233
100 3 0 1223
100 3 1 1230
100 3 2 1220
100 4 0 1213
100 4 1 1240
100 4 2 1187
100 5 0 1207
100 5 1 1272
100 5 2 1014
100 6 0 1212
100 6 1 1238
100 6 2 1254
100 7 0 1189
100 7 1 1239
100 7 2 1245
100 8 0 1226
100 8 1 1224
100 8 2 1175
100 9 0 1236
100 9 1 1251
100 9 2 1243
60 0 3 391
60 0 4 430
60 0 5 457
60 0 6 418
60 0 7 448
60 0 8 422
60 0 9 454
60 0 10 433
60 1 3 327
60 1 4 408
60 1 5 417
60 1 6 448
60 1 7 440
60 1 8 417
60 1 9 418
60 1 10 436
60 2 3 453
60 2 4 408
60 2 5 455
60 2 6 401
60 2 7 415
60 2 8 428
60 2 9 448
60 2 10 437
60 3 3 425
60 3 4 440
60 3 5 455
60 3 6 414
60 3 7 426
60 3 8 451
60 3 9 445
60 3 10 408
60 4 3 427
60 4 4 434
60 4 5 440
60 4 6 404
60 4 7 420
60 4 8 459
60 4 9 471
60 4 10 410
60 5 3 416
60 5 4 442
60 5 5 433
60 5 6 458
60 5 7 451
60 5 8 383
60 5 9 439
60 5 10 459
60 6 3 432
60 6 4 456
60 6 5 452
60 6 6 455
60 6 7 448
60 6 8 454
60 6 9 439
60 6 10 420
60 7 3 431
60 7 4 429
60 7 5 446
60 7 6 449
60 7 7 437
60 7 8 395
60 7 9 412
60 7 10 380
60 8 3 450
60 8 4 442
60 8 5 445
60 8 6 431
60 8 7 407
60 8 8 412
60 8 9 433
60 8 10 404
60 9 3 454
60 9 4 461
60 9 5 399
60 9 6 440
60 9 7 434
60 9 8 452
60 9 9 433
60 9 10 454
80 0 3 751
80 0 4 762
80 0 5 777
80 0 6 770
80 0 7 676
80 0 8 783
80 0 9 792
80 0 10 769
80 1 3 816
80 1 4 765
80 1 5 752
80 1 6 769
80 1 7 786
80 1 8 738
80 1 9 765
80 1 10 743
80 2 3 770
80 2 4 800
80 2 5 788
80 2 6 812
80 2 7 822
80 2 8 690
80 2 9 797
80 2 10 792
80 3 3 780
80 3 4 755
80 3 5 816
80 3 6 819
80 3 7 788
80 3 8 784
80 3 9 786
80 3 10 791
80 4 3 788
80 4 4 769
80 4 5 794
80 4 6 707
80 4 7 676
80 4 8 742
80 4 9 780
80 4 10 799
80 5 3 791
80 5 4 745
80 5 5 801
80 5 6 740
80 5 7 729
80 5 8 733
80 5 9 795
80 5 10 797
80 6 3 789
80 6 4 743
80 6 5 763
80 6 6 703
80 6 7 781
80 6 8 759
80 6 9 757
80 6 10 795
80 7 3 777
80 7 4 765
80 7 5 788
80 7 6 722
80 7 7 784
80 7 8 783
80 7 9 790
80 7 10 746
80 8 3 815
80 8 4 757
80 8 5 811
80 8 6 784
80 8 7 760
80 8 8 775
80 8 9 762
80 8 10 774
80 9 3 743
80 9 4 790
80 9 5 772
80 9 6 790
80 9 7 783
80 9 8 795
80 9 9 763
80 9 10 746
100 0 3 1229
100 0 4 1235
100 0 5 1121
100 0 6 1250
100 0 7 1176
100 0 8 1228
100 0 9 1145
100 0 10 1255
100 1 3 1246
100 1 4 1237
100 1 5 1219
100 1 6 1238
100 1 7 1203
100 1 8 1144
100 1 9 1233
100 1 10 1220
100 2 3 1175
100 2 4 1218
100 2 5 1264
100 2 6 1246
100 2 7 1082
100 2 8 1216
100 2 9 1241
100 2 10 1221
100 3 3 1190
100 3 4 1228
100 3 5 1228
100 3 6 1239
100 3 7 1193
100 3 8 1254
100 3 9 1196
100 3 10 1265
100 4 3 747
100 4 4 1227
100 4 5 1245
100 4 6 1201
100 4 7 1226
100 4 8 1217
100 4 9 1230
100 4 10 1228
100 5 3 1225
100 5 4 1231
100 5 5 1272
100 5 6 1244
100 5 7 1230
100 5 8 1247
100 5 9 1259
100 5 10 1215
100 6 3 1231
100 6 4 1244
100 6 5 1228
100 6 6 1259
100 6 7 1211
100 6 8 1112
100 6 9 1251
100 6 10 1244
100 7 3 1249
100 7 4 1234
100 7 5 1167
100 7 6 1268
100 7 7 1207
100 7 8 1252
100 7 9 1224
100 7 10 1247
100 8 3 1258
100 8 4 1217
100 8 5 1231
100 8 6 1254
100 8 7 1213
100 8 8 1223
100 8 9 1207
100 8 10 1212
100 9 3 1248
100 9 4 1177
100 9 5 1253
100 9 6 1242
100 9 7 1221
100 9 8 1231
100 9 9 1266
100 9 10 1221
