60 0 0 442
60 0 1 445
60 0 2 409
60 1 0 424
60 1 1 430
60 1 2 458
60 2 0 429
60 2 1 395
60 2 2 460
60 3 0 440
60 3 1 433
60 3 2 443
60 4 0 384
60 4 1 457
60 4 2 456
60 5 0 451
60 5 1 429
60 5 2 440
60 6 0 394
60 6 1 417
60 6 2 434
60 7 0 456
60 7 1 430
60 7 2 461
60 8 0 441
60 8 1 446
60 8 2 298
60 9 0 431
60 9 1 434
60 9 2 397
80 0 0 574
80 0 1 773
80 0 2 795
80 1 0 708
80 1 1 808
80 1 2 789
80 2 0 790
80 2 1 801
80 2 2 801
80 3 0 778
80 3 1 805
80 3 2 763
80 4 0 780
80 4 1 766
80 4 2 794
80 5 0 802
80 5 1 783
80 5 2 802
80 6 0 790
80 6 1 821
80 6 2 800
80 7 0 782
80 7 1 796
80 7 2 805
80 8 0 791
80 8 1 785
80 8 2 788
80 9 0 785
80 9 1 774
80 9 2 764
100 0 0 1227
100 0 1 1164
100 0 2 1223
100 1 0 1226
100 1 1 1202
100 1 2 1236
100 2 0 1217
100 2 1 1250
100 2 2 1228
100 3 0 1153
100 3 1 1221
100 3 2 1156
100 4 0 1203
100 4 1 1152
100 4 2 1181
100 5 0 1217
100 5 1 1241
100 5 2 1172
100 6 0 1234
100 6 1 1259
100 6 2 1206
100 7 0 1235
100 7 1 1272
100 7 2 1255
100 8 0 1251
100 8 1 1235
100 8 2 1085
100 9 0 1169
100 9 1 1218
100 9 2 1235
60 0 3 428
60 0 4 469
60 0 5 390
60 0 6 391
60 0 7 439
60 0 8 446
60 0 9 427
60 0 10 441
60 1 3 420
60 1 4 462
60 1 5 434
60 1 6 409
60 1 7 442
60 1 8 422
60 1 9 432
60 1 10 466
60 2 3 451
60 2 4 428
60 2 5 442
60 2 6 443
60 2 7 449
60 2 8 465
60 2 9 432
60 2 10 450
60 3 3 432
60 3 4 431
60 3 5 438
60 3 6 422
60 3 7 316
60 3 8 433
60 3 9 418
60 3 10 443
60 4 3 448
60 4 4 423
60 4 5 399
60 4 6 366
60 4 7 461
60 4 8 442
60 4 9 454
60 4 10 403
60 5 3 417
60 5 4 448
60 5 5 454
60 5 6 442
60 5 7 424
60 5 8 462
60 5 9 444
60 5 10 463
60 6 3 381
60 6 4 437
60 6 5 442
60 6 6 421
60 6 7 412
60 6 8 439
60 6 9 444
60 6 10 412
60 7 3 437
60 7 4 445
60 7 5 454
60 7 6 367
60 7 7 440
60 7 8 422
60 7 9 450
60 7 10 406
60 8 3 421
60 8 4 429
60 8 5 441
60 8 6 465
60 8 7 450
60 8 8 454
60 8 9 394
60 8 10 456
60 9 3 416
60 9 4 367
60 9 5 407
60 9 6 453
60 9 7 428
60 9 8 460
60 9 9 449
60 9 10 426
80 0 3 820
80 0 4 751
80 0 5 797
80 0 6 777
80 0 7 736
80 0 8 766
80 0 9 780
80 0 10 783
80 1 3 778
80 1 4 677
80 1 5 759
80 1 6 804
80 1 7 748
80 1 8 773
80 1 9 750
80 1 10 819
80 2 3 818
80 2 4 747
80 2 5 805
80 2 6 773
80 2 7 785
80 2 8 817
80 2 9 782
80 2 10 785
80 3 3 794
80 3 4 772
80 3 5 795
80 3 6 777
80 3 7 777
80 3 8 774
80 3 9 774
80 3 10 819
80 4 3 752
80 4 4 771
80 4 5 766
80 4 6 787
80 4 7 792
80 4 8 776
80 4 9 804
80 4 10 723
80 5 3 798
80 5 4 801
80 5 5 790
80 5 6 808
80 5 7 773
80 5 8 793
80 5 9 773
80 5 10 787
80 6 3 832
80 6 4 735
80 6 5 747
80 6 6 794
80 6 7 767
80 6 8 785
80 6 9 762
80 6 10 752
80 7 3 727
80 7 4 783
80 7 5 763
80 7 6 790
80 7 7 795
80 7 8 810
80 7 9 770
80 7 10 795
80 8 3 804
80 8 4 796
80 8 5 761
80 8 6 782
80 8 7 795
80 8 8 769
80 8 9 787
80 8 10 786
80 9 3 717
80 9 4 781
80 9 5 768
80 9 6 805
80 9 7 775
80 9 8 754
80 9 9 749
80 9 10 774
100 0 3 1242
100 0 4 1279
100 0 5 1220
100 0 6 1197
100 0 7 1221
100 0 8 1244
100 0 9 1237
100 0 10 1170
100 1 3 1238
100 1 4 1244
100 1 5 1225
100 1 6 1200
100 1 7 1263
100 1 8 1199
100 1 9 1253
100 1 10 1217
100 2 3 1250
100 2 4 1244
100 2 5 1264
100 2 6 1250
100 2 7 1232
100 2 8 1292
100 2 9 1179
100 2 10 1216
100 3 3 1254
100 3 4 1258
100 3 5 1208
100 3 6 1224
100 3 7 1248
100 3 8 1223
100 3 9 1250
100 3 10 1230
100 4 3 1142
100 4 4 1222
100 4 5 1173
100 4 6 1238
100 4 7 1261
100 4 8 1238
100 4 9 1231
100 4 10 1213
100 5 3 1237
100 5 4 1148
100 5 5 1209
100 5 6 1154
100 5 7 1178
100 5 8 1195
100 5 9 1259
100 5 10 1224
100 6 3 1211
100 6 4 1232
100 6 5 1244
100 6 6 1215
100 6 7 1259
100 6 8 1215
100 6 9 1233
100 6 10 1224
100 7 3 1201
100 7 4 1116
100 7 5 1245
100 7 6 1245
100 7 7 1138
100 7 8 1243
100 7 9 1239
100 7 10 1244
100 8 3 1149
100 8 4 1223
100 8 5 1225
100 8 6 1185
100 8 7 1254
100 8 8 1140
100 8 9 1258
100 8 10 1231
100 9 3 1170
100 9 4 1254
100 9 5 1300
100 9 6 1163
100 9 7 1188
100 9 8 1149
100 9 9 1227
100 9 10 1154
