60 0 0 429
60 0 1 412
60 0 2 440
60 1 0 390
60 1 1 401
60 1 2 434
60 2 0 423
60 2 1 444
60 2 2 447
60 3 0 397
60 3 1 428
60 3 2 417
60 4 0 425
60 4 1 440
60 4 2 432
60 5 0 440
60 5 1 443
60 5 2 444
60 6 0 444
60 6 1 440
60 6 2 404
60 7 0 447
60 7 1 420
60 7 2 431
60 8 0 426
60 8 1 429
60 8 2 430
60 9 0 426
60 9 1 433
60 9 2 452
80 0 0 782
80 0 1 806
80 0 2 682
80 1 0 794
80 1 1 754
80 1 2 789
80 2 0 804
80 2 1 748
80 2 2 796
80 3 0 785
80 3 1 745
80 3 2 818
80 4 0 789
80 4 1 806
80 4 2 725
80 5 0 733
80 5 1 797
80 5 2 789
80 6 0 808
80 6 1 766
80 6 2 792
80 7 0 802
80 7 1 775
80 7 2 722
80 8 0 785
80 8 1 809
80 8 2 775
80 9 0 783
80 9 1 737
80 9 2 752
100 0 0 1243
100 0 1 1119
100 0 2 1262
100 1 0 1219
100 1 1 1257
100 1 2 1257
100 2 0 1231
100 2 1 1237
100 2 2 1201
100 3 0 1197
100 3 1 1105
100 3 2 1249
100 4 0 1141
100 4 1 1169
100 4 2 1238
100 5 0 1248
100 5 1 1209
100 5 2 1255
100 6 0 1217
100 6 1 1223
100 6 2 1257
100 7 0 1238
100 7 1 1235
100 7 2 1196
100 8 0 1179
100 8 1 1197
100 8 2 1230
100 9 0 1249
100 9 1 1191
100 9 2 1227
60 0 3 462
60 0 4 431
60 0 5 456
60 0 6 442
60 0 7 413
60 0 8 440
60 0 9 450
60 0 10 412
60 1 3 433
60 1 4 446
60 1 5 453
60 1 6 443
60 1 7 407
60 1 8 444
60 1 9 420
60 1 10 445
60 2 3 412
60 2 4 423
60 2 5 450
60 2 6 415
60 2 7 467
60 2 8 449
60 2 9 428
60 2 10 442
60 3 3 384
60 3 4 426
60 3 5 440
60 3 6 440
60 3 7 444
60 3 8 431
60 3 9 447
60 3 10 436
60 4 3 448
60 4 4 455
60 4 5 430
60 4 6 425
60 4 7 436
60 4 8 440
60 4 9 444
60 4 10 465
60 5 3 430
60 5 4 431
60 5 5 440
60 5 6 427
60 5 7 449
60 5 8 449
60 5 9 431
60 5 10 463
60 6 3 423
60 6 4 438
60 6 5 427
60 6 6 429
60 6 7 427
60 6 8 404
60 6 9 435
60 6 10 416
60 7 3 448
60 7 4 451
60 7 5 427
60 7 6 443
60 7 7 431
60 7 8 450
60 7 9 455
60 7 10 437
60 8 3 439
60 8 4 433
60 8 5 433
60 8 6 429
60 8 7 418
60 8 8 422
60 8 9 437
60 8 10 427
60 9 3 420
60 9 4 440
60 9 5 429
60 9 6 424
60 9 7 428
60 9 8 423
60 9 9 449
60 9 10 445
80 0 3 806
80 0 4 775
80 0 5 791
80 0 6 810
80 0 7 776
80 0 8 767
80 0 9 783
80 0 10 762
80 1 3 773
80 1 4 774
80 1 5 783
80 1 6 648
80 1 7 806
80 1 8 770
80 1 9 788
80 1 10 815
80 2 3 598
80 2 4 799
80 2 5 774
80 2 6 777
80 2 7 773
80 2 8 794
80 2 9 768
80 2 10 780
80 3 3 770
80 3 4 785
80 3 5 779
80 3 6 794
80 3 7 767
80 3 8 732
80 3 9 760
80 3 10 815
80 4 3 783
80 4 4 698
80 4 5 792
80 4 6 773
80 4 7 741
80 4 8 767
80 4 9 749
80 4 10 790
80 5 3 732
80 5 4 732
80 5 5 806
80 5 6 815
80 5 7 820
80 5 8 788
80 5 9 774
80 5 10 782
80 6 3 729
80 6 4 727
80 6 5 772
80 6 6 786
80 6 7 756
80 6 8 781
80 6 9 795
80 6 10 752
80 7 3 792
80 7 4 786
80 7 5 818
80 7 6 747
80 7 7 810
80 7 8 774
80 7 9 802
80 7 10 765
80 8 3 776
80 8 4 782
80 8 5 820
80 8 6 655
80 8 7 809
80 8 8 784
80 8 9 771
80 8 10 783
80 9 3 778
80 9 4 767
80 9 5 794
80 9 6 775
80 9 7 790
80 9 8 788
80 9 9 790
80 9 10 817
100 0 3 1224
100 0 4 1232
100 0 5 1196
100 0 6 1204
100 0 7 1206
100 0 8 1226
100 0 9 1244
100 0 10 1243
100 1 3 1234
100 1 4 1190
100 1 5 1240
100 1 6 1248
100 1 7 1244
100 1 8 1228
100 1 9 1118
100 1 10 1224
100 2 3 1215
100 2 4 1222
100 2 5 1236
100 2 6 1154
100 2 7 1160
100 2 8 1152
100 2 9 1253
100 2 10 1264
100 3 3 1244
100 3 4 1178
100 3 5 1254
100 3 6 1237
100 3 7 1263
100 3 8 1213
100 3 9 1243
100 3 10 1272
100 4 3 1241
100 4 4 1066
100 4 5 1248
100 4 6 1263
100 4 7 1251
100 4 8 1239
100 4 9 1255
100 4 10 1246
100 5 3 1229
100 5 4 1251
100 5 5 1248
100 5 6 1242
100 5 7 1250
100 5 8 1242
100 5 9 1214
100 5 10 1226
100 6 3 1259
100 6 4 1223
100 6 5 1249
100 6 6 1240
100 6 7 1202
100 6 8 1237
100 6 9 1176
100 6 10 1209
100 7 3 1212
100 7 4 1231
100 7 5 1209
100 7 6 1192
100 7 7 1110
100 7 8 1237
100 7 9 1235
100 7 10 1286
100 8 3 1250
100 8 4 1242
100 8 5 1198
100 8 6 1223
100 8 7 1247
100 8 8 1255
100 8 9 1234
100 8 10 1250
100 9 3 1225
100 9 4 1214
100 9 5 1259
100 9 6 1223
100 9 7 1254
100 9 8 1230
100 9 9 1260
100 9 10 1250
