60 0 0 421
60 0 1 441
60 0 2 394
60 1 0 433
60 1 1 455
60 1 2 452
60 2 0 373
60 2 1 441
60 2 2 457
60 3 0 443
60 3 1 440
60 3 2 428
60 4 0 420
60 4 1 433
60 4 2 443
60 5 0 426
60 5 1 435
60 5 2 425
60 6 0 447
60 6 1 438
60 6 2 417
60 7 0 420
60 7 1 415
60 7 2 429
60 8 0 449
60 8 1 450
60 8 2 435
60 9 0 432
60 9 1 425
60 9 2 416
80 0 0 741
80 0 1 801
80 0 2 785
80 1 0 782
80 1 1 811
80 1 2 828
80 2 0 802
80 2 1 781
80 2 2 787
80 3 0 710
80 3 1 810
80 3 2 771
80 4 0 705
80 4 1 769
80 4 2 761
80 5 0 798
80 5 1 751
80 5 2 779
80 6 0 751
80 6 1 805
80 6 2 810
80 7 0 819
80 7 1 776
80 7 2 780
80 8 0 795
80 8 1 769
80 8 2 810
80 9 0 771
80 9 1 752
80 9 2 795
100 0 0 1227
100 0 1 1239
100 0 2 1273
100 1 0 1240
100 1 1 1233
100 1 2 1237
100 2 0 1208
100 2 1 1214
100 2 2 1230
100 3 0 1241
100 3 1 1236
100 3 2 1154
100 4 0 1197
100 4 1 1239
100 4 2 1229
100 5 0 1255
100 5 1 1227
100 5 2 1232
100 6 0 1210
100 6 1 1257
100 6 2 1226
100 7 0 1213
100 7 1 1216
100 7 2 1270
100 8 0 1253
100 8 1 1211
100 8 2 1223
100 9 0 1227
100 9 1 1220
100 9 2 1255
60 0 3 388
60 0 4 427
60 0 5 439
60 0 6 399
60 0 7 447
60 0 8 421
60 0 9 391
60 0 10 400
60 1 3 428
60 1 4 429
60 1 5 313
60 1 6 452
60 1 7 447
60 1 8 435
60 1 9 357
60 1 10 461
60 2 3 427
60 2 4 440
60 2 5 446
60 2 6 431
60 2 7 420
60 2 8 451
60 2 9 455
60 2 10 459
60 3 3 451
60 3 4 424
60 3 5 401
60 3 6 442
60 3 7 462
60 3 8 405
60 3 9 433
60 3 10 396
60 4 3 412
60 4 4 411
60 4 5 436
60 4 6 452
60 4 7 438
60 4 8 449
60 4 9 381
60 4 10 456
60 5 3 428
60 5 4 435
60 5 5 433
60 5 6 443
60 5 7 448
60 5 8 446
60 5 9 453
60 5 10 443
60 6 3 438
60 6 4 422
60 6 5 417
60 6 6 418
60 6 7 433
60 6 8 436
60 6 9 451
60 6 10 410
60 7 3 408
60 7 4 452
60 7 5 444
60 7 6 450
60 7 7 460
60 7 8 444
60 7 9 437
60 7 10 410
60 8 3 436
60 8 4 418
60 8 5 423
60 8 6 442
60 8 7 454
60 8 8 419
60 8 9 444
60 8 10 443
60 9 3 438
60 9 4 441
60 9 5 432
60 9 6 425
60 9 7 441
60 9 8 442
60 9 9 451
60 9 10 404
80 0 3 816
80 0 4 744
80 0 5 785
80 0 6 727
80 0 7 773
80 0 8 761
80 0 9 766
80 0 10 688
80 1 3 785
80 1 4 715
80 1 5 752
80 1 6 766
80 1 7 766
80 1 8 774
80 1 9 766
80 1 10 754
80 2 3 742
80 2 4 778
80 2 5 773
80 2 6 794
80 2 7 791
80 2 8 815
80 2 9 759
80 2 10 785
80 3 3 768
80 3 4 819
80 3 5 729
80 3 6 733
80 3 7 785
80 3 8 792
80 3 9 813
80 3 10 788
80 4 3 789
80 4 4 753
80 4 5 793
80 4 6 762
80 4 7 778
80 4 8 756
80 4 9 758
80 4 10 742
80 5 3 799
80 5 4 780
80 5 5 795
80 5 6 812
80 5 7 803
80 5 8 779
80 5 9 791
80 5 10 783
80 6 3 731
80 6 4 788
80 6 5 785
80 6 6 784
80 6 7 770
80 6 8 806
80 6 9 769
80 6 10 820
80 7 3 792
80 7 4 789
80 7 5 739
80 7 6 746
80 7 7 742
80 7 8 757
80 7 9 795
80 7 10 770
80 8 3 807
80 8 4 780
80 8 5 730
80 8 6 790
80 8 7 765
80 8 8 787
80 8 9 783
80 8 10 742
80 9 3 735
80 9 4 795
80 9 5 792
80 9 6 777
80 9 7 806
80 9 8 794
80 9 9 804
80 9 10 798
100 0 3 1210
100 0 4 1231
100 0 5 1207
100 0 6 1232
100 0 7 1173
100 0 8 1239
100 0 9 1206
100 0 10 1205
100 1 3 1252
100 1 4 1237
100 1 5 1243
100 1 6 1192
100 1 7 1227
100 1 8 1225
100 1 9 1233
100 1 10 1214
100 2 3 1156
100 2 4 1205
100 2 5 1151
100 2 6 1240
100 2 7 1264
100 2 8 1208
100 2 9 1238
100 2 10 1225
100 3 3 1252
100 3 4 1235
100 3 5 1191
100 3 6 1241
100 3 7 1245
100 3 8 1239
100 3 9 1218
100 3 10 1242
100 4 3 1218
100 4 4 1197
100 4 5 1231
100 4 6 1202
100 4 7 1160
100 4 8 1196
100 4 9 1206
100 4 10 1205
100 5 3 1198
100 5 4 1197
100 5 5 1236
100 5 6 1192
100 5 7 1239
100 5 8 1254
100 5 9 1207
100 5 10 1221
100 6 3 1167
100 6 4 1238
100 6 5 1225
100 6 6 1220
100 6 7 1180
100 6 8 1231
100 6 9 1230
100 6 10 1238
100 7 3 1153
100 7 4 1235
100 7 5 1235
100 7 6 1132
100 7 7 1247
100 7 8 1186
100 7 9 955
100 7 10 1197
100 8 3 1250
100 8 4 1259
100 8 5 1226
100 8 6 1196
100 8 7 1268
100 8 8 1244
100 8 9 1177
100 8 10 1245
100 9 3 1217
100 9 4 1225
100 9 5 1245
100 9 6 1240
100 9 7 1228
100 9 8 1248
100 9 9 1228
100 9 10 1209
