60 0 0 470
60 0 1 458
60 0 2 429
60 1 0 445
60 1 1 432
60 1 2 458
60 2 0 450
60 2 1 443
60 2 2 424
60 3 0 451
60 3 1 444
60 3 2 436
60 4 0 442
60 4 1 440
60 4 2 366
60 5 0 435
60 5 1 421
60 5 2 457
60 6 0 426
60 6 1 462
60 6 2 433
60 7 0 439
60 7 1 435
60 7 2 445
60 8 0 416
60 8 1 388
60 8 2 434
60 9 0 445
60 9 1 413
60 9 2 436
80 0 0 797
80 0 1 768
80 0 2 785
80 1 0 737
80 1 1 793
80 1 2 809
80 2 0 805
80 2 1 776
80 2 2 728
80 3 0 788
80 3 1 775
80 3 2 678
80 4 0 779
80 4 1 795
80 4 2 797
80 5 0 780
80 5 1 760
80 5 2 787
80 6 0 757
80 6 1 747
80 6 2 778
80 7 0 804
80 7 1 781
80 7 2 786
80 8 0 775
80 8 1 783
80 8 2 781
80 9 0 764
80 9 1 803
80 9 2 737
100 0 0 1261
100 0 1 1223
100 0 2 1219
100 1 0 1233
100 1 1 1235
100 1 2 1254
100 2 0 1231
100 2 1 1150
100 2 2 1226
100 3 0 1248
100 3 1 1194
100 3 2 1168
100 4 0 1196
100 4 1 1214
100 4 2 1242
100 5 0 1212
100 5 1 1274
100 5 2 1237
100 6 0 1180
100 6 1 1256
100 6 2 1234
100 7 0 1187
100 7 1 1229
100 7 2 1232
100 8 0 1247
100 8 1 1261
100 8 2 1262
100 9 0 1228
100 9 1 1270
100 9 2 1071
60 0 3 397
60 0 4 369
60 0 5 427
60 0 6 412
60 0 7 448
60 0 8 438
60 0 9 437
60 0 10 429
60 1 3 410
60 1 4 455
60 1 5 423
60 1 6 458
60 1 7 441
60 1 8 427
60 1 9 415
60 1 10 426
60 2 3 444
60 2 4 452
60 2 5 408
60 2 6 392
60 2 7 418
60 2 8 448
60 2 9 452
60 2 10 425
60 3 3 441
60 3 4 346
60 3 5 421
60 3 6 454
60 3 7 446
60 3 8 384
60 3 9 433
60 3 10 434
60 4 3 421
60 4 4 437
60 4 5 463
60 4 6 439
60 4 7 372
60 4 8 440
60 4 9 446
60 4 10 404
60 5 3 453
60 5 4 439
60 5 5 432
60 5 6 425
60 5 7 435
60 5 8 451
60 5 9 446
60 5 10 416
60 6 3 447
60 6 4 443
60 6 5 444
60 6 6 430
60 6 7 423
60 6 8 446
60 6 9 430
60 6 10 433
60 7 3 427
60 7 4 442
60 7 5 422
60 7 6 438
60 7 7 439
60 7 8 443
60 7 9 441
60 7 10 444
60 8 3 459
60 8 4 437
60 8 5 435
60 8 6 432
60 8 7 436
60 8 8 458
60 8 9 412
60 8 10 421
60 9 3 432
60 9 4 429
60 9 5 426
60 9 6 446
60 9 7 442
60 9 8 425
60 9 9 438
60 9 10 428
80 0 3 815
80 0 4 781
80 0 5 814
80 0 6 682
80 0 7 750
80 0 8 770
80 0 9 796
80 0 10 755
80 1 3 784
80 1 4 811
80 1 5 785
80 1 6 785
80 1 7 802
80 1 8 774
80 1 9 765
80 1 10 787
80 2 3 796
80 2 4 801
80 2 5 784
80 2 6 799
80 2 7 783
80 2 8 762
80 2 9 787
80 2 10 804
80 3 3 773
80 3 4 768
80 3 5 789
80 3 6 784
80 3 7 752
80 3 8 755
80 3 9 801
80 3 10 795
80 4 3 788
80 4 4 814
80 4 5 770
80 4 6 795
80 4 7 768
80 4 8 783
80 4 9 700
80 4 10 795
80 5 3 776
80 5 4 792
80 5 5 784
80 5 6 787
80 5 7 773
80 5 8 768
80 5 9 795
80 5 10 750
80 6 3 752
80 6 4 758
80 6 5 778
80 6 6 744
80 6 7 783
80 6 8 791
80 6 9 792
80 6 10 824
80 7 3 779
80 7 4 785
80 7 5 774
80 7 6 809
80 7 7 737
80 7 8 729
80 7 9 789
80 7 10 796
80 8 3 794
80 8 4 787
80 8 5 750
80 8 6 806
80 8 7 786
80 8 8 815
80 8 9 816
80 8 10 742
80 9 3 800
80 9 4 718
80 9 5 769
80 9 6 737
80 9 7 781
80 9 8 804
80 9 9 785
80 9 10 790
100 0 3 1187
100 0 4 1253
100 0 5 1236
100 0 6 1227
100 0 7 1193
100 0 8 1227
100 0 9 1203
100 0 10 1222
100 1 3 1228
100 1 4 1235
100 1 5 1215
100 1 6 1227
100 1 7 1273
100 1 8 1136
100 1 9 1228
100 1 10 1165
100 2 3 1206
100 2 4 1253
100 2 5 1209
100 2 6 1249
100 2 7 1240
100 2 8 1260
100 2 9 1225
100 2 10 1165
100 3 3 1151
100 3 4 1242
100 3 5 1229
100 3 6 1232
100 3 7 1248
100 3 8 1223
100 3 9 1155
100 3 10 1177
100 4 3 1238
100 4 4 1220
100 4 5 1227
100 4 6 1244
100 4 7 1248
100 4 8 1185
100 4 9 1266
100 4 10 1185
100 5 3 1247
100 5 4 1227
100 5 5 1201
100 5 6 1163
100 5 7 1213
100 5 8 1227
100 5 9 1223
100 5 10 1243
100 6 3 1018
100 6 4 1212
100 6 5 1238
100 6 6 1203
100 6 7 1161
100 6 8 1204
100 6 9 1246
100 6 10 1213
100 7 3 1275
100 7 4 1210
100 7 5 1242
100 7 6 1219
100 7 7 1161
100 7 8 1249
100 7 9 1261
100 7 10 1253
100 8 3 1188
100 8 4 1222
100 8 5 1114
100 8 6 1217
100 8 7 1253
100 8 8 1239
100 8 9 1155
100 8 10 1199
100 9 3 1250
100 9 4 1225
100 9 5 1137
100 9 6 1232
100 9 7 1202
100 9 8 1083
100 9 9 1235
100 9 10 1247
