60 0 0 436
60 0 1 442
60 0 2 422
60 1 0 390
60 1 1 437
60 1 2 397
60 2 0 425
60 2 1 430
60 2 2 360
60 3 0 437
60 3 1 429
60 3 2 469
60 4 0 436
60 4 1 364
60 4 2 419
60 5 0 445
60 5 1 419
60 5 2 447
60 6 0 443
60 6 1 449
60 6 2 426
60 7 0 431
60 7 1 378
60 7 2 468
60 8 0 426
60 8 1 351
60 8 2 433
60 9 0 435
60 9 1 458
60 9 2 375
80 0 0 756
80 0 1 795
80 0 2 775
80 1 0 777
80 1 1 782
80 1 2 780
80 2 0 765
80 2 1 790
80 2 2 717
80 3 0 793
80 3 1 805
80 3 2 659
80 4 0 717
80 4 1 735
80 4 2 778
80 5 0 793
80 5 1 820
80 5 2 781
80 6 0 781
80 6 1 776
80 6 2 781
80 7 0 801
80 7 1 766
80 7 2 826
80 8 0 747
80 8 1 679
80 8 2 716
80 9 0 784
80 9 1 790
80 9 2 761
100 0 0 1258
100 0 1 1231
100 0 2 1231
100 1 0 1232
100 1 1 1257
100 1 2 1207
100 2 0 1248
100 2 1 1217
100 2 2 1176
100 3 0 1132
100 3 1 1054
100 3 2 1245
100 4 0 1095
100 4 1 1205
100 4 2 1201
100 5 0 1242
100 5 1 1068
100 5 2 1270
100 6 0 1252
100 6 1 1216
100 6 2 1237
100 7 0 1217
100 7 1 1179
100 7 2 1216
100 8 0 1229
100 8 1 1213
100 8 2 1233
100 9 0 1166
100 9 1 1265
100 9 2 1239
60 0 3 452
60 0 4 435
60 0 5 423
60 0 6 440
60 0 7 431
60 0 8 429
60 0 9 405
60 0 10 429
60 1 3 455
60 1 4 422
60 1 5 439
60 1 6 425
60 1 7 441
60 1 8 413
60 1 9 441
60 1 10 416
60 2 3 430
60 2 4 442
60 2 5 452
60 2 6 448
60 2 7 350
60 2 8 433
60 2 9 428
60 2 10 406
60 3 3 448
60 3 4 358
60 3 5 428
60 3 6 445
60 3 7 344
60 3 8 434
60 3 9 430
60 3 10 432
60 4 3 433
60 4 4 443
60 4 5 434
60 4 6 442
60 4 7 358
60 4 8 464
60 4 9 448
60 4 10 454
60 5 3 426
60 5 4 433
60 5 5 418
60 5 6 442
60 5 7 437
60 5 8 417
60 5 9 424
60 5 10 412
60 6 3 425
60 6 4 438
60 6 5 365
60 6 6 446
60 6 7 437
60 6 8 419
60 6 9 438
60 6 10 421
60 7 3 445
60 7 4 449
60 7 5 416
60 7 6 428
60 7 7 378
60 7 8 440
60 7 9 439
60 7 10 450
60 8 3 437
60 8 4 439
60 8 5 428
60 8 6 430
60 8 7 439
60 8 8 428
60 8 9 431
60 8 10 410
60 9 3 414
60 9 4 446
60 9 5 417
60 9 6 318
60 9 7 443
60 9 8 443
60 9 9 420
60 9 10 427
80 0 3 799
80 0 4 769
80 0 5 778
80 0 6 443
80 0 7 794
80 0 8 796
80 0 9 800
80 0 10 750
80 1 3 760
80 1 4 806
80 1 5 627
80 1 6 719
80 1 7 777
80 1 8 741
80 1 9 775
80 1 10 784
80 2 3 786
80 2 4 819
80 2 5 765
80 2 6 751
80 2 7 788
80 2 8 800
80 2 9 795
80 2 10 780
80 3 3 785
80 3 4 759
80 3 5 802
80 3 6 797
80 3 7 648
80 3 8 674
80 3 9 700
80 3 10 804
80 4 3 785
80 4 4 766
80 4 5 787
80 4 6 762
80 4 7 799
80 4 8 785
80 4 9 753
80 4 10 794
80 5 3 713
80 5 4 785
80 5 5 723
80 5 6 778
80 5 7 767
80 5 8 780
80 5 9 791
80 5 10 770
80 6 3 785
80 6 4 745
80 6 5 785
80 6 6 758
80 6 7 823
80 6 8 785
80 6 9 770
80 6 10 793
80 7 3 746
80 7 4 743
80 7 5 806
80 7 6 792
80 7 7 700
80 7 8 772
80 7 9 808
80 7 10 775
80 8 3 793
80 8 4 780
80 8 5 793
80 8 6 796
80 8 7 821
80 8 8 661
80 8 9 757
80 8 10 790
80 9 3 664
80 9 4 788
80 9 5 791
80 9 6 751
80 9 7 790
80 9 8 801
80 9 9 773
80 9 10 784
100 0 3 1251
100 0 4 1195
100 0 5 1061
100 0 6 1258
100 0 7 1185
100 0 8 1200
100 0 9 1269
100 0 10 1251
100 1 3 1277
100 1 4 1230
100 1 5 1213
100 1 6 1216
100 1 7 1188
100 1 8 1262
100 1 9 1199
100 1 10 1079
100 2 3 1237
100 2 4 1185
100 2 5 1207
100 2 6 1259
100 2 7 1209
100 2 8 1225
100 2 9 1206
100 2 10 1207
100 3 3 1176
100 3 4 1245
100 3 5 1181
100 3 6 1254
100 3 7 1208
100 3 8 1236
100 3 9 1220
100 3 10 1228
100 4 3 1201
100 4 4 1208
100 4 5 1194
100 4 6 1226
100 4 7 1236
100 4 8 1240
100 4 9 1221
100 4 10 1156
100 5 3 1205
100 5 4 1013
100 5 5 1209
100 5 6 1160
100 5 7 1240
100 5 8 1228
100 5 9 1203
100 5 10 1192
100 6 3 1040
100 6 4 1216
100 6 5 1233
100 6 6 1258
100 6 7 1165
100 6 8 1240
100 6 9 1217
100 6 10 1209
100 7 3 1226
100 7 4 1227
100 7 5 1230
100 7 6 1228
100 7 7 1216
100 7 8 1205
100 7 9 1169
100 7 10 1250
100 8 3 1255
100 8 4 1123
100 8 5 1211
100 8 6 1242
100 8 7 1228
100 8 8 1187
100 8 9 1236
100 8 10 1177
100 9 3 976
100 9 4 1185
100 9 5 1183
100 9 6 1227
100 9 7 1225
100 9 8 1205
100 9 9 1240
100 9 10 1122
