60 0 0 425
60 0 1 376
60 0 2 434
60 1 0 457
60 1 1 415
60 1 2 447
60 2 0 407
60 2 1 444
60 2 2 434
60 3 0 456
60 3 1 438
60 3 2 462
60 4 0 409
60 4 1 425
60 4 2 460
60 5 0 439
60 5 1 458
60 5 2 452
60 6 0 453
60 6 1 433
60 6 2 448
60 7 0 395
60 7 1 417
60 7 2 390
60 8 0 421
60 8 1 444
60 8 2 423
60 9 0 422
60 9 1 429
60 9 2 428
80 0 0 816
80 0 1 728
80 0 2 785
80 1 0 805
80 1 1 794
80 1 2 775
80 2 0 693
80 2 1 821
80 2 2 731
80 3 0 741
80 3 1 783
80 3 2 700
80 4 0 792
80 4 1 794
80 4 2 743
80 5 0 792
80 5 1 794
80 5 2 776
80 6 0 779
80 6 1 796
80 6 2 780
80 7 0 800
80 7 1 800
80 7 2 767
80 8 0 772
80 8 1 801
80 8 2 810
80 9 0 806
80 9 1 774
80 9 2 795
100 0 0 1212
100 0 1 1221
100 0 2 1261
100 1 0 1199
100 1 1 1211
100 1 2 1206
100 2 0 1211
100 2 1 1189
100 2 2 1262
100 3 0 1230
100 3 1 1264
100 3 2 1235
100 4 0 1215
100 4 1 1205
100 4 2 1264
100 5 0 1207
100 5 1 1224
100 5 2 1243
100 6 0 1227
100 6 1 1221
100 6 2 1237
100 7 0 1206
100 7 1 1255
100 7 2 1223
100 8 0 1262
100 8 1 1239
100 8 2 1225
100 9 0 1191
100 9 1 1192
100 9 2 1217
