60 0 0 412
60 0 1 377
60 0 2 433
60 1 0 447
60 1 1 465
60 1 2 398
60 2 0 453
60 2 1 448
60 2 2 431
60 3 0 443
60 3 1 441
60 3 2 437
60 4 0 428
60 4 1 441
60 4 2 438
60 5 0 449
60 5 1 429
60 5 2 455
60 6 0 459
60 6 1 437
60 6 2 430
60 7 0 437
60 7 1 443
60 7 2 424
60 8 0 404
60 8 1 440
60 8 2 434
60 9 0 411
60 9 1 422
60 9 2 458
80 0 0 785
80 0 1 779
80 0 2 795
80 1 0 834
80 1 1 760
80 1 2 779
80 2 0 793
80 2 1 785
80 2 2 782
80 3 0 774
80 3 1 777
80 3 2 806
80 4 0 757
80 4 1 771
80 4 2 752
80 5 0 792
80 5 1 773
80 5 2 773
80 6 0 758
80 6 1 780
80 6 2 742
80 7 0 791
80 7 1 813
80 7 2 804
80 8 0 749
80 8 1 781
80 8 2 775
80 9 0 799
80 9 1 824
80 9 2 778
100 0 0 1181
100 0 1 1253
100 0 2 1219
100 1 0 1223
100 1 1 1218
100 1 2 1259
100 2 0 1145
100 2 1 1260
100 2 2 1176
100 3 0 1235
100 3 1 1230
100 3 2 1150
100 4 0 1178
100 4 1 1244
100 4 2 1234
100 5 0 1183
100 5 1 1221
100 5 2 1210
100 6 0 1223
100 6 1 1232
100 6 2 1268
100 7 0 1197
100 7 1 1191
100 7 2 1268
100 8 0 1226
100 8 1 1215
100 8 2 1251
100 9 0 1201
100 9 1 1240
100 9 2 1256
60 0 3 451
60 0 4 450
60 0 5 448
60 0 6 442
60 0 7 435
60 0 8 463
60 0 9 429
60 0 10 432
60 1 3 441
60 1 4 444
60 1 5 460
60 1 6 459
60 1 7 445
60 1 8 426
60 1 9 420
60 1 10 438
60 2 3 434
60 2 4 457
60 2 5 448
60 2 6 438
60 2 7 429
60 2 8 418
60 2 9 458
60 2 10 449
60 3 3 443
60 3 4 436
60 3 5 448
60 3 6 432
60 3 7 445
60 3 8 420
60 3 9 447
60 3 10 442
60 4 3 456
60 4 4 401
60 4 5 449
60 4 6 445
60 4 7 448
60 4 8 439
60 4 9 450
60 4 10 449
60 5 3 399
60 5 4 439
60 5 5 437
60 5 6 448
60 5 7 436
60 5 8 439
60 5 9 420
60 5 10 410
60 6 3 403
60 6 4 443
60 6 5 439
60 6 6 432
60 6 7 448
60 6 8 412
60 6 9 434
60 6 10 438
60 7 3 451
60 7 4 436
60 7 5 448
60 7 6 437
60 7 7 435
60 7 8 427
60 7 9 427
60 7 10 447
60 8 3 452
60 8 4 441
60 8 5 403
60 8 6 440
60 8 7 445
60 8 8 440
60 8 9 449
60 8 10 450
60 9 3 444
60 9 4 439
60 9 5 430
60 9 6 440
60 9 7 439
60 9 8 388
60 9 9 434
60 9 10 445
80 0 3 803
80 0 4 802
80 0 5 800
80 0 6 808
80 0 7 784
80 0 8 773
80 0 9 770
80 0 10 727
80 1 3 776
80 1 4 804
80 1 5 793
80 1 6 802
80 1 7 819
80 1 8 789
80 1 9 790
80 1 10 798
80 2 3 781
80 2 4 770
80 2 5 770
80 2 6 797
80 2 7 789
80 2 8 781
80 2 9 789
80 2 10 828
80 3 3 834
80 3 4 817
80 3 5 815
80 3 6 809
80 3 7 800
80 3 8 809
80 3 9 801
80 3 10 770
80 4 3 824
80 4 4 763
80 4 5 751
80 4 6 789
80 4 7 804
80 4 8 788
80 4 9 790
80 4 10 746
80 5 3 796
80 5 4 765
80 5 5 775
80 5 6 792
80 5 7 803
80 5 8 800
80 5 9 794
80 5 10 766
80 6 3 767
80 6 4 794
80 6 5 798
80 6 6 795
80 6 7 790
80 6 8 754
80 6 9 814
80 6 10 813
80 7 3 767
80 7 4 798
80 7 5 799
80 7 6 777
80 7 7 769
80 7 8 782
80 7 9 813
80 7 10 798
80 8 3 759
80 8 4 750
80 8 5 763
80 8 6 780
80 8 7 710
80 8 8 806
80 8 9 782
80 8 10 786
80 9 3 784
80 9 4 763
80 9 5 786
80 9 6 794
80 9 7 747
80 9 8 774
80 9 9 759
80 9 10 753
100 0 3 1232
100 0 4 1256
100 0 5 1125
100 0 6 1218
100 0 7 1251
100 0 8 1247
100 0 9 1246
100 0 10 1215
100 1 3 1255
100 1 4 1228
100 1 5 1228
100 1 6 1233
100 1 7 1262
100 1 8 1248
100 1 9 1184
100 1 10 1204
100 2 3 1225
100 2 4 1247
100 2 5 1231
100 2 6 1172
100 2 7 1221
100 2 8 1247
100 2 9 1192
100 2 10 1217
100 3 3 1272
100 3 4 1226
100 3 5 1244
100 3 6 1232
100 3 7 1262
100 3 8 1261
100 3 9 1217
100 3 10 1268
100 4 3 1255
100 4 4 1228
100 4 5 1291
100 4 6 1222
100 4 7 1236
100 4 8 1216
100 4 9 1249
100 4 10 1234
100 5 3 1193
100 5 4 1245
100 5 5 1228
100 5 6 1236
100 5 7 1247
100 5 8 1238
100 5 9 1201
100 5 10 1243
100 6 3 1219
100 6 4 1198
100 6 5 1231
100 6 6 1214
100 6 7 1245
100 6 8 1217
100 6 9 802
100 6 10 1230
100 7 3 1238
100 7 4 1240
100 7 5 1243
100 7 6 1221
100 7 7 1267
100 7 8 1222
100 7 9 1248
100 7 10 1188
100 8 3 1242
100 8 4 1219
100 8 5 1254
100 8 6 1216
100 8 7 1216
100 8 8 1216
100 8 9 1230
100 8 10 1253
100 9 3 1229
100 9 4 1236
100 9 5 1205
100 9 6 1248
100 9 7 1239
100 9 8 1241
100 9 9 1269
100 9 10 1243
