60 0 0 31
60 0 1 0
60 0 2 29
60 0 3 29
60 0 4 329
60 0 5 329
60 0 6 329
60 0 7 329
60 0 8 31
60 0 9 329
60 1 0 0
60 1 1 32
60 1 2 32
60 1 3 274
60 1 4 274
60 1 5 274
60 1 6 274
60 1 7 27
60 1 8 274
60 1 9 83
60 2 0 356
60 2 1 356
60 2 2 356
60 2 3 356
60 2 4 356
60 2 5 356
60 2 6 356
60 2 7 356
60 2 8 356
60 2 9 356
60 3 0 0
60 3 1 81
60 3 2 163
60 3 3 163
60 3 4 55
60 3 5 411
60 3 6 55
60 3 7 26
60 3 8 163
60 3 9 0
60 4 0 436
60 4 1 436
60 4 2 436
60 4 3 436
60 4 4 436
60 4 5 436
60 4 6 436
60 4 7 436
60 4 8 436
60 4 9 436
60 5 0 249
60 5 1 249
60 5 2 249
60 5 3 29
60 5 4 126
60 5 5 383
60 5 6 233
60 5 7 383
60 5 8 0
60 5 9 29
60 6 0 240
60 6 1 240
60 6 2 240
60 6 3 240
60 6 4 240
60 6 5 240
60 6 6 240
60 6 7 240
60 6 8 240
60 6 9 240
60 7 0 434
60 7 1 434
60 7 2 434
60 7 3 434
60 7 4 434
60 7 5 434
60 7 6 434
60 7 7 434
60 7 8 434
60 7 9 434
60 8 0 411
60 8 1 447
60 8 2 0
60 8 3 447
60 8 4 0
60 8 5 0
60 8 6 411
60 8 7 0
60 8 8 411
60 8 9 411
60 9 0 0
60 9 1 137
60 9 2 0
60 9 3 0
60 9 4 25
60 9 5 137
60 9 6 137
60 9 7 137
60 9 8 25
60 9 9 137
80 0 0 468
80 0 1 468
80 0 2 468
80 0 3 468
80 0 4 468
80 0 5 468
80 0 6 468
80 0 7 468
80 0 8 468
80 0 9 468
80 1 0 655
80 1 1 655
80 1 2 681
80 1 3 655
80 1 4 681
80 1 5 681
80 1 6 681
80 1 7 655
80 1 8 655
80 1 9 681
80 2 0 44
80 2 1 780
80 2 2 346
80 2 3 780
80 2 4 0
80 2 5 780
80 2 6 303
80 2 7 44
80 2 8 780
80 2 9 303
80 3 0 0
80 3 1 513
80 3 2 0
80 3 3 0
80 3 4 0
80 3 5 137
80 3 6 137
80 3 7 0
80 3 8 137
80 3 9 137
80 4 0 712
80 4 1 44
80 4 2 0
80 4 3 44
80 4 4 744
80 4 5 369
80 4 6 79
80 4 7 744
80 4 8 712
80 4 9 0
80 5 0 0
80 5 1 0
80 5 2 0
80 5 3 244
80 5 4 381
80 5 5 0
80 5 6 244
80 5 7 381
80 5 8 0
80 5 9 0
80 6 0 701
80 6 1 701
80 6 2 355
80 6 3 355
80 6 4 701
80 6 5 355
80 6 6 355
80 6 7 701
80 6 8 701
80 6 9 355
80 7 0 0
80 7 1 37
80 7 2 141
80 7 3 0
80 7 4 37
80 7 5 116
80 7 6 0
80 7 7 0
80 7 8 668
80 7 9 37
80 8 0 718
80 8 1 718
80 8 2 718
80 8 3 718
80 8 4 718
80 8 5 718
80 8 6 718
80 8 7 718
80 8 8 718
80 8 9 718
80 9 0 105
80 9 1 383
80 9 2 246
80 9 3 105
80 9 4 794
80 9 5 383
80 9 6 246
80 9 7 246
80 9 8 105
80 9 9 246
100 0 0 272
100 0 1 0
100 0 2 0
100 0 3 272
100 0 4 272
100 0 5 272
100 0 6 272
100 0 7 272
100 0 8 1160
100 0 9 1160
100 1 0 0
100 1 1 695
100 1 2 958
100 1 3 1007
100 1 4 958
100 1 5 1007
100 1 6 958
100 1 7 958
100 1 8 1007
100 1 9 0
100 2 0 1132
100 2 1 1132
100 2 2 1132
100 2 3 1132
100 2 4 1132
100 2 5 1132
100 2 6 1132
100 2 7 1132
100 2 8 1132
100 2 9 1132
100 3 0 800
100 3 1 800
100 3 2 800
100 3 3 0
100 3 4 800
100 3 5 800
100 3 6 0
100 3 7 800
100 3 8 0
100 3 9 800
100 4 0 0
100 4 1 1236
100 4 2 0
100 4 3 1236
100 4 4 1236
100 4 5 48
100 4 6 0
100 4 7 0
100 4 8 0
100 4 9 48
100 5 0 407
100 5 1 1142
100 5 2 407
100 5 3 407
100 5 4 1142
100 5 5 1077
100 5 6 1142
100 5 7 1077
100 5 8 407
100 5 9 0
100 6 0 532
100 6 1 532
100 6 2 532
100 6 3 532
100 6 4 532
100 6 5 532
100 6 6 532
100 6 7 532
100 6 8 532
100 6 9 532
100 7 0 193
100 7 1 193
100 7 2 0
100 7 3 895
100 7 4 0
100 7 5 895
100 7 6 895
100 7 7 0
100 7 8 895
100 7 9 0
100 8 0 334
100 8 1 334
100 8 2 1186
100 8 3 334
100 8 4 1186
100 8 5 334
100 8 6 1186
100 8 7 334
100 8 8 1186
100 8 9 1186
100 9 0 187
100 9 1 0
100 9 2 58
100 9 3 0
100 9 4 1231
100 9 5 0
100 9 6 1231
100 9 7 0
100 9 8 0
100 9 9 1220
