60 0 0 428
60 0 1 454
60 0 2 428
60 1 0 447
60 1 1 448
60 1 2 428
60 2 0 413
60 2 1 460
60 2 2 430
60 3 0 445
60 3 1 429
60 3 2 440
60 4 0 458
60 4 1 442
60 4 2 457
60 5 0 427
60 5 1 441
60 5 2 431
60 6 0 460
60 6 1 406
60 6 2 434
60 7 0 458
60 7 1 467
60 7 2 450
60 8 0 459
60 8 1 444
60 8 2 428
60 9 0 439
60 9 1 435
60 9 2 451
80 0 0 770
80 0 1 813
80 0 2 803
80 1 0 788
80 1 1 774
80 1 2 809
80 2 0 778
80 2 1 783
80 2 2 809
80 3 0 803
80 3 1 768
80 3 2 804
80 4 0 766
80 4 1 766
80 4 2 773
80 5 0 778
80 5 1 745
80 5 2 787
80 6 0 791
80 6 1 805
80 6 2 726
80 7 0 772
80 7 1 776
80 7 2 772
80 8 0 789
80 8 1 771
80 8 2 756
80 9 0 795
80 9 1 801
80 9 2 799
100 0 0 1238
100 0 1 1247
100 0 2 1207
100 1 0 1232
100 1 1 1238
100 1 2 1225
100 2 0 1231
100 2 1 1221
100 2 2 1232
100 3 0 1257
100 3 1 1249
100 3 2 1228
100 4 0 1214
100 4 1 1215
100 4 2 1175
100 5 0 1215
100 5 1 1229
100 5 2 1208
100 6 0 1238
100 6 1 1225
100 6 2 1218
100 7 0 1186
100 7 1 1225
100 7 2 1222
100 8 0 1212
100 8 1 1228
100 8 2 1243
100 9 0 1241
100 9 1 1218
100 9 2 1276
60 0 3 450
60 0 4 442
60 0 5 436
60 0 6 435
60 0 7 406
60 0 8 437
60 0 9 426
60 0 10 421
60 1 3 426
60 1 4 424
60 1 5 454
60 1 6 443
60 1 7 435
60 1 8 419
60 1 9 439
60 1 10 405
60 2 3 435
60 2 4 391
60 2 5 448
60 2 6 438
60 2 7 432
60 2 8 443
60 2 9 439
60 2 10 428
60 3 3 438
60 3 4 439
60 3 5 456
60 3 6 421
60 3 7 443
60 3 8 469
60 3 9 454
60 3 10 445
60 4 3 463
60 4 4 410
60 4 5 433
60 4 6 453
60 4 7 406
60 4 8 434
60 4 9 455
60 4 10 426
60 5 3 451
60 5 4 436
60 5 5 434
60 5 6 439
60 5 7 420
60 5 8 427
60 5 9 458
60 5 10 435
60 6 3 429
60 6 4 451
60 6 5 466
60 6 6 438
60 6 7 432
60 6 8 467
60 6 9 458
60 6 10 439
60 7 3 430
60 7 4 443
60 7 5 445
60 7 6 414
60 7 7 425
60 7 8 408
60 7 9 446
60 7 10 455
60 8 3 443
60 8 4 422
60 8 5 439
60 8 6 446
60 8 7 358
60 8 8 457
60 8 9 443
60 8 10 435
60 9 3 460
60 9 4 430
60 9 5 432
60 9 6 460
60 9 7 408
60 9 8 454
60 9 9 425
60 9 10 454
80 0 3 798
80 0 4 800
80 0 5 815
80 0 6 813
80 0 7 793
80 0 8 743
80 0 9 791
80 0 10 814
80 1 3 792
80 1 4 814
80 1 5 786
80 1 6 772
80 1 7 815
80 1 8 774
80 1 9 803
80 1 10 784
80 2 3 782
80 2 4 721
80 2 5 772
80 2 6 792
80 2 7 769
80 2 8 748
80 2 9 759
80 2 10 780
80 3 3 792
80 3 4 768
80 3 5 791
80 3 6 775
80 3 7 807
80 3 8 755
80 3 9 823
80 3 10 785
80 4 3 733
80 4 4 728
80 4 5 801
80 4 6 796
80 4 7 776
80 4 8 770
80 4 9 810
80 4 10 766
80 5 3 776
80 5 4 752
80 5 5 790
80 5 6 807
80 5 7 768
80 5 8 805
80 5 9 791
80 5 10 738
80 6 3 769
80 6 4 803
80 6 5 797
80 6 6 795
80 6 7 793
80 6 8 761
80 6 9 770
80 6 10 799
80 7 3 800
80 7 4 754
80 7 5 802
80 7 6 798
80 7 7 792
80 7 8 780
80 7 9 774
80 7 10 813
80 8 3 763
80 8 4 811
80 8 5 783
80 8 6 809
80 8 7 763
80 8 8 726
80 8 9 794
80 8 10 761
80 9 3 767
80 9 4 768
80 9 5 808
80 9 6 759
80 9 7 782
80 9 8 771
80 9 9 792
80 9 10 780
100 0 3 1140
100 0 4 1209
100 0 5 1257
100 0 6 1252
100 0 7 1238
100 0 8 1188
100 0 9 1228
100 0 10 1236
100 1 3 1252
100 1 4 1241
100 1 5 1231
100 1 6 1197
100 1 7 1221
100 1 8 1223
100 1 9 1265
100 1 10 1236
100 2 3 1230
100 2 4 1217
100 2 5 1224
100 2 6 1272
100 2 7 1149
100 2 8 1219
100 2 9 1228
100 2 10 1237
100 3 3 1254
100 3 4 1245
100 3 5 1242
100 3 6 1241
100 3 7 1229
100 3 8 1267
100 3 9 1214
100 3 10 1233
100 4 3 1225
100 4 4 1201
100 4 5 1232
100 4 6 1273
100 4 7 1204
100 4 8 1208
100 4 9 1236
100 4 10 1215
100 5 3 1256
100 5 4 1221
100 5 5 1233
100 5 6 1097
100 5 7 1188
100 5 8 1208
100 5 9 1216
100 5 10 1200
100 6 3 1257
100 6 4 1235
100 6 5 1259
100 6 6 1185
100 6 7 1268
100 6 8 1188
100 6 9 1244
100 6 10 1219
100 7 3 1230
100 7 4 1252
100 7 5 1213
100 7 6 1247
100 7 7 1275
100 7 8 1245
100 7 9 1038
100 7 10 1238
100 8 3 1235
100 8 4 1266
100 8 5 1231
100 8 6 1214
100 8 7 1246
100 8 8 1242
100 8 9 1261
100 8 10 1239
100 9 3 1215
100 9 4 1231
100 9 5 1230
100 9 6 1132
100 9 7 1218
100 9 8 1246
100 9 9 1219
100 9 10 1230
