60 0 0 459
60 0 1 386
60 0 2 412
60 1 0 359
60 1 1 448
60 1 2 416
60 2 0 432
60 2 1 440
60 2 2 460
60 3 0 434
60 3 1 424
60 3 2 398
60 4 0 456
60 4 1 386
60 4 2 421
60 5 0 439
60 5 1 429
60 5 2 377
60 6 0 444
60 6 1 357
60 6 2 438
60 7 0 398
60 7 1 446
60 7 2 466
60 8 0 453
60 8 1 424
60 8 2 436
60 9 0 429
60 9 1 431
60 9 2 435
80 0 0 805
80 0 1 791
80 0 2 807
80 1 0 781
80 1 1 784
80 1 2 780
80 2 0 791
80 2 1 751
80 2 2 796
80 3 0 816
80 3 1 766
80 3 2 809
80 4 0 781
80 4 1 711
80 4 2 769
80 5 0 795
80 5 1 755
80 5 2 744
80 6 0 792
80 6 1 743
80 6 2 788
80 7 0 769
80 7 1 798
80 7 2 788
80 8 0 797
80 8 1 804
80 8 2 779
80 9 0 761
80 9 1 768
80 9 2 804
100 0 0 1247
100 0 1 1116
100 0 2 1275
100 1 0 1240
100 1 1 1248
100 1 2 1218
100 2 0 1248
100 2 1 1194
100 2 2 1225
100 3 0 1223
100 3 1 1251
100 3 2 1211
100 4 0 1206
100 4 1 1240
100 4 2 1220
100 5 0 1231
100 5 1 1168
100 5 2 1179
100 6 0 1179
100 6 1 1229
100 6 2 1230
100 7 0 1251
100 7 1 1204
100 7 2 1227
100 8 0 1252
100 8 1 1230
100 8 2 1213
100 9 0 1183
100 9 1 1228
100 9 2 1227
60 0 3 436
60 0 4 439
60 0 5 442
60 0 6 437
60 0 7 439
60 0 8 433
60 0 9 429
60 0 10 432
60 1 3 431
60 1 4 438
60 1 5 453
60 1 6 405
60 1 7 414
60 1 8 409
60 1 9 430
60 1 10 455
60 2 3 454
60 2 4 435
60 2 5 438
60 2 6 437
60 2 7 445
60 2 8 450
60 2 9 442
60 2 10 415
60 3 3 456
60 3 4 440
60 3 5 427
60 3 6 434
60 3 7 459
60 3 8 435
60 3 9 431
60 3 10 457
60 4 3 387
60 4 4 441
60 4 5 422
60 4 6 410
60 4 7 453
60 4 8 429
60 4 9 437
60 4 10 442
60 5 3 443
60 5 4 445
60 5 5 412
60 5 6 427
60 5 7 435
60 5 8 437
60 5 9 474
60 5 10 438
60 6 3 455
60 6 4 445
60 6 5 455
60 6 6 439
60 6 7 448
60 6 8 444
60 6 9 438
60 6 10 450
60 7 3 460
60 7 4 463
60 7 5 362
60 7 6 350
60 7 7 426
60 7 8 367
60 7 9 437
60 7 10 431
60 8 3 428
60 8 4 351
60 8 5 352
60 8 6 461
60 8 7 387
60 8 8 352
60 8 9 430
60 8 10 455
60 9 3 438
60 9 4 448
60 9 5 436
60 9 6 440
60 9 7 436
60 9 8 408
60 9 9 447
60 9 10 444
80 0 3 765
80 0 4 808
80 0 5 790
80 0 6 713
80 0 7 789
80 0 8 781
80 0 9 789
80 0 10 788
80 1 3 748
80 1 4 798
80 1 5 805
80 1 6 782
80 1 7 813
80 1 8 758
80 1 9 774
80 1 10 768
80 2 3 785
80 2 4 754
80 2 5 786
80 2 6 787
80 2 7 790
80 2 8 766
80 2 9 774
80 2 10 804
80 3 3 812
80 3 4 817
80 3 5 777
80 3 6 777
80 3 7 801
80 3 8 783
80 3 9 798
80 3 10 774
80 4 3 757
80 4 4 795
80 4 5 781
80 4 6 756
80 4 7 815
80 4 8 798
80 4 9 794
80 4 10 800
80 5 3 779
80 5 4 776
80 5 5 778
80 5 6 782
80 5 7 792
80 5 8 757
80 5 9 778
80 5 10 755
80 6 3 814
80 6 4 697
80 6 5 805
80 6 6 773
80 6 7 777
80 6 8 780
80 6 9 792
80 6 10 779
80 7 3 759
80 7 4 795
80 7 5 750
80 7 6 730
80 7 7 775
80 7 8 779
80 7 9 811
80 7 10 817
80 8 3 772
80 8 4 760
80 8 5 707
80 8 6 746
80 8 7 784
80 8 8 786
80 8 9 715
80 8 10 809
80 9 3 780
80 9 4 763
80 9 5 801
80 9 6 788
80 9 7 762
80 9 8 774
80 9 9 769
80 9 10 743
100 0 3 1217
100 0 4 1165
100 0 5 1250
100 0 6 1194
100 0 7 1245
100 0 8 1237
100 0 9 1132
100 0 10 1206
100 1 3 1235
100 1 4 1261
100 1 5 1273
100 1 6 1259
100 1 7 1221
100 1 8 1227
100 1 9 1222
100 1 10 1257
100 2 3 1228
100 2 4 1209
100 2 5 1211
100 2 6 1220
100 2 7 1266
100 2 8 1218
100 2 9 1127
100 2 10 1189
100 3 3 1221
100 3 4 1262
100 3 5 1187
100 3 6 1187
100 3 7 1194
100 3 8 1153
100 3 9 1254
100 3 10 1246
100 4 3 1213
100 4 4 1206
100 4 5 1270
100 4 6 1289
100 4 7 1215
100 4 8 1193
100 4 9 1248
100 4 10 1210
100 5 3 1232
100 5 4 1234
100 5 5 1219
100 5 6 1238
100 5 7 1205
100 5 8 1226
100 5 9 1283
100 5 10 1245
100 6 3 1238
100 6 4 1227
100 6 5 1257
100 6 6 1206
100 6 7 1206
100 6 8 1229
100 6 9 1206
100 6 10 1199
100 7 3 1199
100 7 4 1218
100 7 5 1231
100 7 6 1230
100 7 7 1262
100 7 8 1232
100 7 9 1252
100 7 10 1230
100 8 3 1254
100 8 4 1208
100 8 5 1227
100 8 6 1223
100 8 7 1228
100 8 8 1232
100 8 9 1234
100 8 10 1206
100 9 3 1229
100 9 4 1224
100 9 5 1173
100 9 6 1173
100 9 7 1224
100 9 8 1226
100 9 9 1153
100 9 10 1171
