60 0 0 439
60 0 1 443
60 0 2 394
60 1 0 404
60 1 1 389
60 1 2 387
60 2 0 447
60 2 1 449
60 2 2 416
60 3 0 352
60 3 1 421
60 3 2 452
60 4 0 432
60 4 1 454
60 4 2 370
60 5 0 434
60 5 1 437
60 5 2 441
60 6 0 395
60 6 1 447
60 6 2 442
60 7 0 359
60 7 1 405
60 7 2 421
60 8 0 365
60 8 1 445
60 8 2 444
60 9 0 375
60 9 1 424
60 9 2 458
80 0 0 787
80 0 1 768
80 0 2 784
80 1 0 784
80 1 1 777
80 1 2 795
80 2 0 783
80 2 1 785
80 2 2 744
80 3 0 810
80 3 1 786
80 3 2 758
80 4 0 800
80 4 1 782
80 4 2 782
80 5 0 803
80 5 1 768
80 5 2 789
80 6 0 761
80 6 1 780
80 6 2 787
80 7 0 787
80 7 1 813
80 7 2 747
80 8 0 787
80 8 1 773
80 8 2 801
80 9 0 794
80 9 1 800
80 9 2 755
100 0 0 1251
100 0 1 1258
100 0 2 1214
100 1 0 1227
100 1 1 1288
100 1 2 1190
100 2 0 1234
100 2 1 1256
100 2 2 1230
100 3 0 1243
100 3 1 1178
100 3 2 1187
100 4 0 1224
100 4 1 1251
100 4 2 1241
100 5 0 1238
100 5 1 1232
100 5 2 1260
100 6 0 1186
100 6 1 1215
100 6 2 1237
100 7 0 1207
100 7 1 1238
100 7 2 1256
100 8 0 1236
100 8 1 1230
100 8 2 1190
100 9 0 1203
100 9 1 1249
100 9 2 1213
60 0 3 433
60 0 4 456
60 0 5 426
60 0 6 437
60 0 7 453
60 0 8 427
60 0 9 448
60 0 10 386
60 1 3 409
60 1 4 445
60 1 5 429
60 1 6 415
60 1 7 410
60 1 8 457
60 1 9 434
60 1 10 416
60 2 3 432
60 2 4 424
60 2 5 453
60 2 6 420
60 2 7 451
60 2 8 402
60 2 9 443
60 2 10 424
60 3 3 424
60 3 4 458
60 3 5 443
60 3 6 450
60 3 7 440
60 3 8 446
60 3 9 450
60 3 10 435
60 4 3 405
60 4 4 437
60 4 5 444
60 4 6 429
60 4 7 437
60 4 8 440
60 4 9 442
60 4 10 436
60 5 3 411
60 5 4 426
60 5 5 447
60 5 6 443
60 5 7 450
60 5 8 440
60 5 9 412
60 5 10 334
60 6 3 373
60 6 4 452
60 6 5 451
60 6 6 440
60 6 7 453
60 6 8 430
60 6 9 434
60 6 10 428
60 7 3 475
60 7 4 449
60 7 5 457
60 7 6 433
60 7 7 436
60 7 8 436
60 7 9 434
60 7 10 417
60 8 3 432
60 8 4 471
60 8 5 425
60 8 6 425
60 8 7 444
60 8 8 447
60 8 9 433
60 8 10 449
60 9 3 450
60 9 4 433
60 9 5 400
60 9 6 426
60 9 7 463
60 9 8 419
60 9 9 435
60 9 10 449
80 0 3 811
80 0 4 784
80 0 5 800
80 0 6 791
80 0 7 752
80 0 8 817
80 0 9 796
80 0 10 795
80 1 3 794
80 1 4 809
80 1 5 813
80 1 6 788
80 1 7 797
80 1 8 789
80 1 9 779
80 1 10 750
80 2 3 719
80 2 4 730
80 2 5 780
80 2 6 779
80 2 7 776
80 2 8 803
80 2 9 792
80 2 10 791
80 3 3 769
80 3 4 738
80 3 5 796
80 3 6 800
80 3 7 760
80 3 8 786
80 3 9 811
80 3 10 763
80 4 3 789
80 4 4 780
80 4 5 782
80 4 6 771
80 4 7 796
80 4 8 769
80 4 9 792
80 4 10 786
80 5 3 773
80 5 4 758
80 5 5 795
80 5 6 792
80 5 7 764
80 5 8 722
80 5 9 757
80 5 10 772
80 6 3 785
80 6 4 743
80 6 5 786
80 6 6 781
80 6 7 756
80 6 8 788
80 6 9 760
80 6 10 793
80 7 3 780
80 7 4 745
80 7 5 787
80 7 6 791
80 7 7 786
80 7 8 789
80 7 9 794
80 7 10 783
80 8 3 783
80 8 4 781
80 8 5 774
80 8 6 763
80 8 7 781
80 8 8 754
80 8 9 755
80 8 10 803
80 9 3 761
80 9 4 726
80 9 5 804
80 9 6 773
80 9 7 782
80 9 8 756
80 9 9 802
80 9 10 790
100 0 3 1243
100 0 4 1268
100 0 5 1262
100 0 6 1251
100 0 7 1211
100 0 8 1235
100 0 9 1206
100 0 10 1257
100 1 3 1252
100 1 4 1231
100 1 5 1151
100 1 6 1217
100 1 7 1234
100 1 8 1231
100 1 9 1171
100 1 10 1176
100 2 3 1268
100 2 4 1229
100 2 5 1079
100 2 6 1241
100 2 7 1123
100 2 8 1130
100 2 9 1227
100 2 10 1186
100 3 3 1203
100 3 4 1107
100 3 5 1250
100 3 6 1220
100 3 7 1270
100 3 8 1260
100 3 9 1222
100 3 10 1244
100 4 3 1284
100 4 4 1186
100 4 5 1238
100 4 6 1254
100 4 7 1235
100 4 8 1232
100 4 9 1233
100 4 10 1234
100 5 3 1221
100 5 4 1214
100 5 5 1246
100 5 6 1237
100 5 7 1259
100 5 8 1171
100 5 9 1233
100 5 10 1260
100 6 3 1239
100 6 4 1191
100 6 5 1251
100 6 6 1246
100 6 7 1228
100 6 8 1194
100 6 9 1192
100 6 10 1207
100 7 3 1244
100 7 4 1243
100 7 5 1208
100 7 6 1260
100 7 7 1257
100 7 8 1228
100 7 9 1184
100 7 10 1213
100 8 3 1205
100 8 4 1221
100 8 5 1223
100 8 6 1141
100 8 7 1172
100 8 8 1226
100 8 9 1171
100 8 10 1221
100 9 3 1281
100 9 4 1204
100 9 5 1251
100 9 6 1228
100 9 7 1236
100 9 8 1186
100 9 9 1237
100 9 10 1215
