60 0 0 414
60 0 1 437
60 0 2 428
60 1 0 421
60 1 1 434
60 1 2 447
60 2 0 422
60 2 1 436
60 2 2 436
60 3 0 436
60 3 1 452
60 3 2 434
60 4 0 443
60 4 1 441
60 4 2 458
60 5 0 417
60 5 1 436
60 5 2 426
60 6 0 440
60 6 1 388
60 6 2 440
60 7 0 439
60 7 1 407
60 7 2 438
60 8 0 408
60 8 1 442
60 8 2 449
60 9 0 454
60 9 1 439
60 9 2 454
80 0 0 757
80 0 1 795
80 0 2 771
80 1 0 787
80 1 1 794
80 1 2 750
80 2 0 717
80 2 1 762
80 2 2 712
80 3 0 778
80 3 1 792
80 3 2 809
80 4 0 770
80 4 1 797
80 4 2 803
80 5 0 765
80 5 1 748
80 5 2 770
80 6 0 771
80 6 1 798
80 6 2 777
80 7 0 787
80 7 1 757
80 7 2 811
80 8 0 789
80 8 1 761
80 8 2 796
80 9 0 782
80 9 1 784
80 9 2 817
100 0 0 1205
100 0 1 1253
100 0 2 1244
100 1 0 1247
100 1 1 1246
100 1 2 1269
100 2 0 1233
100 2 1 1046
100 2 2 1204
100 3 0 1207
100 3 1 1243
100 3 2 1155
100 4 0 1217
100 4 1 1233
100 4 2 1230
100 5 0 1249
100 5 1 1237
100 5 2 1223
100 6 0 1237
100 6 1 1242
100 6 2 1218
100 7 0 1248
100 7 1 1262
100 7 2 1224
100 8 0 1193
100 8 1 1194
100 8 2 1194
100 9 0 1204
100 9 1 1220
100 9 2 1245
60 0 3 454
60 0 4 453
60 0 5 452
60 0 6 414
60 0 7 451
60 0 8 431
60 0 9 444
60 0 10 464
60 1 3 390
60 1 4 407
60 1 5 429
60 1 6 445
60 1 7 449
60 1 8 417
60 1 9 433
60 1 10 445
60 2 3 461
60 2 4 433
60 2 5 435
60 2 6 390
60 2 7 420
60 2 8 440
60 2 9 430
60 2 10 433
60 3 3 422
60 3 4 443
60 3 5 443
60 3 6 433
60 3 7 450
60 3 8 447
60 3 9 411
60 3 10 453
60 4 3 424
60 4 4 431
60 4 5 434
60 4 6 450
60 4 7 444
60 4 8 431
60 4 9 449
60 4 10 437
60 5 3 439
60 5 4 427
60 5 5 417
60 5 6 421
60 5 7 443
60 5 8 432
60 5 9 421
60 5 10 445
60 6 3 414
60 6 4 417
60 6 5 450
60 6 6 455
60 6 7 454
60 6 8 413
60 6 9 422
60 6 10 414
60 7 3 443
60 7 4 446
60 7 5 440
60 7 6 391
60 7 7 453
60 7 8 430
60 7 9 436
60 7 10 424
60 8 3 435
60 8 4 432
60 8 5 393
60 8 6 395
60 8 7 445
60 8 8 398
60 8 9 359
60 8 10 416
60 9 3 444
60 9 4 422
60 9 5 440
60 9 6 435
60 9 7 412
60 9 8 431
60 9 9 446
60 9 10 417
80 0 3 789
80 0 4 807
80 0 5 767
80 0 6 732
80 0 7 788
80 0 8 802
80 0 9 800
80 0 10 811
80 1 3 717
80 1 4 601
80 1 5 779
80 1 6 728
80 1 7 762
80 1 8 803
80 1 9 776
80 1 10 800
80 2 3 765
80 2 4 754
80 2 5 794
80 2 6 790
80 2 7 805
80 2 8 788
80 2 9 760
80 2 10 793
80 3 3 824
80 3 4 783
80 3 5 763
80 3 6 800
80 3 7 773
80 3 8 806
80 3 9 802
80 3 10 791
80 4 3 807
80 4 4 781
80 4 5 798
80 4 6 778
80 4 7 806
80 4 8 790
80 4 9 786
80 4 10 710
80 5 3 798
80 5 4 756
80 5 5 770
80 5 6 768
80 5 7 797
80 5 8 791
80 5 9 803
80 5 10 791
80 6 3 750
80 6 4 750
80 6 5 799
80 6 6 767
80 6 7 773
80 6 8 806
80 6 9 761
80 6 10 780
80 7 3 800
80 7 4 787
80 7 5 800
80 7 6 766
80 7 7 808
80 7 8 717
80 7 9 784
80 7 10 775
80 8 3 811
80 8 4 814
80 8 5 784
80 8 6 775
80 8 7 802
80 8 8 783
80 8 9 768
80 8 10 779
80 9 3 751
80 9 4 792
80 9 5 754
80 9 6 791
80 9 7 732
80 9 8 744
80 9 9 769
80 9 10 842
100 0 3 1218
100 0 4 1248
100 0 5 1245
100 0 6 1210
100 0 7 1157
100 0 8 1202
100 0 9 1218
100 0 10 1238
100 1 3 1230
100 1 4 1253
100 1 5 1262
100 1 6 1236
100 1 7 1255
100 1 8 1229
100 1 9 1208
100 1 10 1248
100 2 3 1222
100 2 4 1216
100 2 5 1246
100 2 6 1237
100 2 7 1243
100 2 8 1284
100 2 9 1259
100 2 10 1221
100 3 3 1240
100 3 4 1254
100 3 5 1236
100 3 6 1196
100 3 7 1238
100 3 8 1247
100 3 9 1249
100 3 10 1250
100 4 3 1223
100 4 4 1217
100 4 5 1238
100 4 6 1235
100 4 7 1176
100 4 8 1241
100 4 9 1211
100 4 10 1208
100 5 3 1241
100 5 4 1230
100 5 5 1163
100 5 6 1222
100 5 7 1198
100 5 8 1234
100 5 9 1225
100 5 10 1233
100 6 3 1245
100 6 4 1236
100 6 5 1212
100 6 6 1223
100 6 7 1237
100 6 8 1245
100 6 9 1216
100 6 10 1230
100 7 3 1197
100 7 4 1199
100 7 5 1139
100 7 6 1242
100 7 7 1209
100 7 8 1193
100 7 9 1280
100 7 10 1232
100 8 3 1195
100 8 4 1254
100 8 5 1189
100 8 6 1225
100 8 7 1235
100 8 8 1267
100 8 9 1244
100 8 10 1198
100 9 3 1224
100 9 4 1236
100 9 5 1253
100 9 6 1165
100 9 7 1258
100 9 8 1215
100 9 9 1264
100 9 10 1250
