60 0 0 426
60 0 1 422
60 0 2 414
60 1 0 424
60 1 1 409
60 1 2 450
60 2 0 418
60 2 1 426
60 2 2 452
60 3 0 411
60 3 1 423
60 3 2 454
60 4 0 458
60 4 1 416
60 4 2 404
60 5 0 434
60 5 1 436
60 5 2 453
60 6 0 463
60 6 1 446
60 6 2 416
60 7 0 453
60 7 1 446
60 7 2 424
60 8 0 442
60 8 1 449
60 8 2 448
60 9 0 452
60 9 1 458
60 9 2 469
80 0 0 798
80 0 1 753
80 0 2 693
80 1 0 822
80 1 1 771
80 1 2 806
80 2 0 808
80 2 1 770
80 2 2 798
80 3 0 800
80 3 1 794
80 3 2 735
80 4 0 803
80 4 1 778
80 4 2 768
80 5 0 712
80 5 1 792
80 5 2 799
80 6 0 798
80 6 1 808
80 6 2 780
80 7 0 796
80 7 1 719
80 7 2 818
80 8 0 770
80 8 1 804
80 8 2 788
80 9 0 812
80 9 1 733
80 9 2 780
100 0 0 1191
100 0 1 1175
100 0 2 1232
100 1 0 1261
100 1 1 1244
100 1 2 1211
100 2 0 1240
100 2 1 1224
100 2 2 1202
100 3 0 1232
100 3 1 1259
100 3 2 1231
100 4 0 1253
100 4 1 1225
100 4 2 1183
100 5 0 1258
100 5 1 1232
100 5 2 1245
100 6 0 1213
100 6 1 1213
100 6 2 1162
100 7 0 1227
100 7 1 1270
100 7 2 1225
100 8 0 1254
100 8 1 1259
100 8 2 1249
100 9 0 1176
100 9 1 1246
100 9 2 1217
60 0 3 443
60 0 4 433
60 0 5 445
60 0 6 445
60 0 7 378
60 0 8 435
60 0 9 405
60 0 10 436
60 1 3 425
60 1 4 415
60 1 5 397
60 1 6 440
60 1 7 433
60 1 8 407
60 1 9 446
60 1 10 439
60 2 3 470
60 2 4 442
60 2 5 430
60 2 6 438
60 2 7 444
60 2 8 428
60 2 9 421
60 2 10 458
60 3 3 432
60 3 4 411
60 3 5 421
60 3 6 422
60 3 7 391
60 3 8 423
60 3 9 426
60 3 10 423
60 4 3 352
60 4 4 454
60 4 5 444
60 4 6 433
60 4 7 445
60 4 8 395
60 4 9 427
60 4 10 434
60 5 3 436
60 5 4 430
60 5 5 435
60 5 6 447
60 5 7 444
60 5 8 436
60 5 9 428
60 5 10 413
60 6 3 458
60 6 4 407
60 6 5 455
60 6 6 455
60 6 7 459
60 6 8 446
60 6 9 443
60 6 10 441
60 7 3 414
60 7 4 437
60 7 5 446
60 7 6 434
60 7 7 414
60 7 8 419
60 7 9 436
60 7 10 443
60 8 3 436
60 8 4 442
60 8 5 402
60 8 6 439
60 8 7 441
60 8 8 452
60 8 9 470
60 8 10 456
60 9 3 425
60 9 4 437
60 9 5 425
60 9 6 429
60 9 7 438
60 9 8 460
60 9 9 431
60 9 10 452
80 0 3 800
80 0 4 797
80 0 5 776
80 0 6 692
80 0 7 785
80 0 8 766
80 0 9 807
80 0 10 756
80 1 3 782
80 1 4 792
80 1 5 759
80 1 6 777
80 1 7 743
80 1 8 755
80 1 9 723
80 1 10 804
80 2 3 801
80 2 4 798
80 2 5 803
80 2 6 809
80 2 7 819
80 2 8 769
80 2 9 725
80 2 10 733
80 3 3 804
80 3 4 798
80 3 5 777
80 3 6 741
80 3 7 728
80 3 8 784
80 3 9 787
80 3 10 817
80 4 3 784
80 4 4 795
80 4 5 708
80 4 6 813
80 4 7 788
80 4 8 756
80 4 9 783
80 4 10 816
80 5 3 726
80 5 4 822
80 5 5 804
80 5 6 785
80 5 7 774
80 5 8 793
80 5 9 781
80 5 10 810
80 6 3 662
80 6 4 734
80 6 5 805
80 6 6 794
80 6 7 685
80 6 8 804
80 6 9 781
80 6 10 724
80 7 3 777
80 7 4 763
80 7 5 773
80 7 6 795
80 7 7 785
80 7 8 803
80 7 9 817
80 7 10 801
80 8 3 620
80 8 4 789
80 8 5 785
80 8 6 814
80 8 7 785
80 8 8 761
80 8 9 816
80 8 10 804
80 9 3 739
80 9 4 820
80 9 5 815
80 9 6 758
80 9 7 784
80 9 8 802
80 9 9 747
80 9 10 776
100 0 3 1248
100 0 4 1244
100 0 5 1221
100 0 6 1232
100 0 7 1236
100 0 8 1207
100 0 9 1219
100 0 10 1193
100 1 3 1232
100 1 4 1234
100 1 5 1204
100 1 6 1281
100 1 7 1230
100 1 8 1233
100 1 9 1243
100 1 10 1237
100 2 3 1251
100 2 4 1224
100 2 5 1154
100 2 6 1231
100 2 7 1243
100 2 8 1222
100 2 9 1255
100 2 10 1215
100 3 3 1258
100 3 4 1229
100 3 5 1265
100 3 6 1237
100 3 7 1162
100 3 8 1202
100 3 9 1224
100 3 10 1228
100 4 3 1234
100 4 4 1240
100 4 5 1230
100 4 6 1253
100 4 7 1214
100 4 8 1217
100 4 9 1185
100 4 10 1240
100 5 3 1229
100 5 4 1217
100 5 5 1133
100 5 6 1225
100 5 7 1171
100 5 8 1211
100 5 9 1259
100 5 10 1238
100 6 3 1240
100 6 4 1227
100 6 5 1242
100 6 6 1209
100 6 7 1237
100 6 8 1222
100 6 9 1173
100 6 10 1268
100 7 3 1240
100 7 4 1180
100 7 5 1255
100 7 6 1236
100 7 7 1243
100 7 8 1236
100 7 9 1235
100 7 10 1188
100 8 3 1176
100 8 4 1198
100 8 5 1202
100 8 6 1250
100 8 7 1233
100 8 8 1274
100 8 9 1234
100 8 10 1249
100 9 3 1231
100 9 4 1186
100 9 5 1229
100 9 6 1193
100 9 7 1222
100 9 8 1241
100 9 9 1113
100 9 10 1252
