60 0 0 230
60 0 1 0
60 0 2 431
60 0 3 65
60 0 4 160
60 0 5 447
60 0 6 30
60 0 7 403
60 0 8 67
60 0 9 30
60 1 0 0
60 1 1 414
60 1 2 121
60 1 3 116
60 1 4 334
60 1 5 384
60 1 6 334
60 1 7 59
60 1 8 32
60 1 9 32
60 2 0 118
60 2 1 124
60 2 2 383
60 2 3 0
60 2 4 424
60 2 5 118
60 2 6 360
60 2 7 170
60 2 8 0
60 2 9 0
60 3 0 0
60 3 1 310
60 3 2 138
60 3 3 138
60 3 4 80
60 3 5 134
60 3 6 80
60 3 7 26
60 3 8 239
60 3 9 0
60 4 0 365
60 4 1 0
60 4 2 418
60 4 3 114
60 4 4 332
60 4 5 114
60 4 6 0
60 4 7 0
60 4 8 197
60 4 9 0
60 5 0 89
60 5 1 89
60 5 2 91
60 5 3 115
60 5 4 334
60 5 5 184
60 5 6 135
60 5 7 265
60 5 8 287
60 5 9 163
60 6 0 179
60 6 1 62
60 6 2 165
60 6 3 62
60 6 4 293
60 6 5 293
60 6 6 262
60 6 7 293
60 6 8 293
60 6 9 293
60 7 0 88
60 7 1 276
60 7 2 88
60 7 3 312
60 7 4 312
60 7 5 438
60 7 6 337
60 7 7 312
60 7 8 312
60 7 9 385
60 8 0 123
60 8 1 67
60 8 2 392
60 8 3 217
60 8 4 392
60 8 5 422
60 8 6 381
60 8 7 392
60 8 8 144
60 8 9 424
60 9 0 317
60 9 1 72
60 9 2 0
60 9 3 126
60 9 4 53
60 9 5 399
60 9 6 260
60 9 7 251
60 9 8 398
60 9 9 53
80 0 0 663
80 0 1 79
80 0 2 468
80 0 3 544
80 0 4 764
80 0 5 209
80 0 6 180
80 0 7 363
80 0 8 79
80 0 9 209
80 1 0 183
80 1 1 743
80 1 2 776
80 1 3 34
80 1 4 252
80 1 5 217
80 1 6 103
80 1 7 104
80 1 8 308
80 1 9 784
80 2 0 319
80 2 1 728
80 2 2 319
80 2 3 349
80 2 4 683
80 2 5 753
80 2 6 384
80 2 7 85
80 2 8 738
80 2 9 148
80 3 0 751
80 3 1 81
80 3 2 249
80 3 3 480
80 3 4 786
80 3 5 458
80 3 6 217
80 3 7 751
80 3 8 81
80 3 9 121
80 4 0 80
80 4 1 317
80 4 2 791
80 4 3 690
80 4 4 70
80 4 5 114
80 4 6 44
80 4 7 732
80 4 8 432
80 4 9 0
80 5 0 252
80 5 1 181
80 5 2 362
80 5 3 112
80 5 4 213
80 5 5 533
80 5 6 272
80 5 7 440
80 5 8 697
80 5 9 440
80 6 0 199
80 6 1 81
80 6 2 85
80 6 3 199
80 6 4 387
80 6 5 294
80 6 6 199
80 6 7 549
80 6 8 361
80 6 9 85
80 7 0 0
80 7 1 752
80 7 2 195
80 7 3 0
80 7 4 218
80 7 5 122
80 7 6 113
80 7 7 0
80 7 8 604
80 7 9 783
80 8 0 80
80 8 1 173
80 8 2 540
80 8 3 446
80 8 4 80
80 8 5 744
80 8 6 477
80 8 7 80
80 8 8 694
80 8 9 540
80 9 0 253
80 9 1 388
80 9 2 102
80 9 3 64
80 9 4 494
80 9 5 134
80 9 6 342
80 9 7 140
80 9 8 253
80 9 9 214
100 0 0 477
100 0 1 586
100 0 2 226
100 0 3 477
100 0 4 272
100 0 5 802
100 0 6 89
100 0 7 135
100 0 8 364
100 0 9 278
100 1 0 1065
100 1 1 188
100 1 2 223
100 1 3 279
100 1 4 52
100 1 5 790
100 1 6 578
100 1 7 940
100 1 8 264
100 1 9 847
100 2 0 933
100 2 1 1021
100 2 2 605
100 2 3 751
100 2 4 0
100 2 5 677
100 2 6 0
100 2 7 811
100 2 8 1214
100 2 9 1181
100 3 0 585
100 3 1 322
100 3 2 681
100 3 3 0
100 3 4 572
100 3 5 764
100 3 6 907
100 3 7 556
100 3 8 0
100 3 9 585
100 4 0 715
100 4 1 746
100 4 2 0
100 4 3 712
100 4 4 219
100 4 5 813
100 4 6 1235
100 4 7 1162
100 4 8 829
100 4 9 275
100 5 0 537
100 5 1 145
100 5 2 537
100 5 3 1210
100 5 4 686
100 5 5 987
100 5 6 1140
100 5 7 1111
100 5 8 197
100 5 9 730
100 6 0 619
100 6 1 286
100 6 2 580
100 6 3 325
100 6 4 377
100 6 5 422
100 6 6 547
100 6 7 181
100 6 8 325
100 6 9 580
100 7 0 274
100 7 1 651
100 7 2 473
100 7 3 619
100 7 4 729
100 7 5 691
100 7 6 200
100 7 7 441
100 7 8 851
100 7 9 338
100 8 0 242
100 8 1 157
100 8 2 257
100 8 3 430
100 8 4 506
100 8 5 157
100 8 6 211
100 8 7 242
100 8 8 789
100 8 9 211
100 9 0 539
100 9 1 0
100 9 2 581
100 9 3 0
100 9 4 243
100 9 5 1089
100 9 6 685
100 9 7 1246
100 9 8 0
100 9 9 418
