60 0 0 446
60 0 1 453
60 0 2 438
60 1 0 453
60 1 1 453
60 1 2 412
60 2 0 381
60 2 1 448
60 2 2 413
60 3 0 447
60 3 1 403
60 3 2 468
60 4 0 430
60 4 1 445
60 4 2 410
60 5 0 449
60 5 1 435
60 5 2 344
60 6 0 401
60 6 1 441
60 6 2 439
60 7 0 430
60 7 1 430
60 7 2 437
60 8 0 444
60 8 1 417
60 8 2 439
60 9 0 433
60 9 1 455
60 9 2 451
80 0 0 771
80 0 1 786
80 0 2 799
80 1 0 785
80 1 1 785
80 1 2 786
80 2 0 707
80 2 1 814
80 2 2 782
80 3 0 762
80 3 1 733
80 3 2 753
80 4 0 818
80 4 1 827
80 4 2 813
80 5 0 802
80 5 1 798
80 5 2 805
80 6 0 725
80 6 1 794
80 6 2 806
80 7 0 799
80 7 1 795
80 7 2 791
80 8 0 810
80 8 1 788
80 8 2 797
80 9 0 811
80 9 1 809
80 9 2 775
100 0 0 1228
100 0 1 1212
100 0 2 1159
100 1 0 1264
100 1 1 1236
100 1 2 1237
100 2 0 1167
100 2 1 1246
100 2 2 1230
100 3 0 1218
100 3 1 1238
100 3 2 1264
100 4 0 1241
100 4 1 1224
100 4 2 1227
100 5 0 1239
100 5 1 1094
100 5 2 1246
100 6 0 1239
100 6 1 1269
100 6 2 1248
100 7 0 1208
100 7 1 1233
100 7 2 1267
100 8 0 1220
100 8 1 1236
100 8 2 1263
100 9 0 1208
100 9 1 1228
100 9 2 1258
60 0 3 427
60 0 4 426
60 0 5 400
60 0 6 415
60 0 7 445
60 0 8 411
60 0 9 406
60 0 10 439
60 1 3 441
60 1 4 441
60 1 5 442
60 1 6 446
60 1 7 451
60 1 8 414
60 1 9 439
60 1 10 433
60 2 3 431
60 2 4 453
60 2 5 434
60 2 6 454
60 2 7 435
60 2 8 375
60 2 9 391
60 2 10 430
60 3 3 453
60 3 4 431
60 3 5 434
60 3 6 455
60 3 7 428
60 3 8 454
60 3 9 394
60 3 10 447
60 4 3 412
60 4 4 425
60 4 5 449
60 4 6 426
60 4 7 433
60 4 8 423
60 4 9 446
60 4 10 439
60 5 3 411
60 5 4 456
60 5 5 445
60 5 6 412
60 5 7 417
60 5 8 433
60 5 9 401
60 5 10 449
60 6 3 434
60 6 4 451
60 6 5 431
60 6 6 434
60 6 7 449
60 6 8 428
60 6 9 437
60 6 10 462
60 7 3 422
60 7 4 449
60 7 5 278
60 7 6 427
60 7 7 396
60 7 8 391
60 7 9 445
60 7 10 366
60 8 3 431
60 8 4 408
60 8 5 408
60 8 6 451
60 8 7 418
60 8 8 443
60 8 9 440
60 8 10 434
60 9 3 452
60 9 4 437
60 9 5 452
60 9 6 455
60 9 7 461
60 9 8 421
60 9 9 453
60 9 10 429
80 0 3 788
80 0 4 798
80 0 5 805
80 0 6 786
80 0 7 787
80 0 8 760
80 0 9 789
80 0 10 776
80 1 3 796
80 1 4 769
80 1 5 779
80 1 6 790
80 1 7 734
80 1 8 776
80 1 9 768
80 1 10 780
80 2 3 789
80 2 4 777
80 2 5 796
80 2 6 773
80 2 7 796
80 2 8 773
80 2 9 785
80 2 10 790
80 3 3 781
80 3 4 774
80 3 5 802
80 3 6 794
80 3 7 786
80 3 8 759
80 3 9 784
80 3 10 773
80 4 3 794
80 4 4 798
80 4 5 784
80 4 6 793
80 4 7 813
80 4 8 784
80 4 9 808
80 4 10 785
80 5 3 761
80 5 4 804
80 5 5 761
80 5 6 788
80 5 7 768
80 5 8 816
80 5 9 787
80 5 10 795
80 6 3 766
80 6 4 742
80 6 5 794
80 6 6 799
80 6 7 776
80 6 8 795
80 6 9 791
80 6 10 761
80 7 3 798
80 7 4 795
80 7 5 781
80 7 6 788
80 7 7 767
80 7 8 770
80 7 9 764
80 7 10 791
80 8 3 763
80 8 4 802
80 8 5 798
80 8 6 776
80 8 7 762
80 8 8 774
80 8 9 804
80 8 10 787
80 9 3 782
80 9 4 800
80 9 5 769
80 9 6 777
80 9 7 770
80 9 8 804
80 9 9 788
80 9 10 790
100 0 3 1196
100 0 4 1223
100 0 5 1255
100 0 6 1195
100 0 7 1144
100 0 8 1240
100 0 9 1244
100 0 10 1257
100 1 3 1266
100 1 4 1271
100 1 5 1239
100 1 6 1218
100 1 7 1217
100 1 8 1200
100 1 9 1249
100 1 10 1223
100 2 3 1275
100 2 4 1224
100 2 5 1234
100 2 6 1238
100 2 7 1250
100 2 8 1204
100 2 9 1192
100 2 10 1268
100 3 3 1246
100 3 4 1203
100 3 5 1191
100 3 6 1228
100 3 7 1153
100 3 8 1232
100 3 9 1237
100 3 10 1208
100 4 3 1238
100 4 4 1219
100 4 5 1242
100 4 6 1233
100 4 7 1180
100 4 8 1154
100 4 9 1183
100 4 10 1225
100 5 3 1250
100 5 4 1246
100 5 5 1262
100 5 6 1223
100 5 7 1217
100 5 8 1230
100 5 9 1246
100 5 10 1241
100 6 3 1186
100 6 4 1230
100 6 5 1254
100 6 6 1272
100 6 7 1205
100 6 8 1203
100 6 9 1208
100 6 10 1217
100 7 3 1264
100 7 4 1208
100 7 5 1234
100 7 6 1237
100 7 7 1266
100 7 8 1202
100 7 9 1238
100 7 10 1239
100 8 3 1206
100 8 4 1241
100 8 5 1186
100 8 6 1273
100 8 7 1234
100 8 8 1220
100 8 9 1216
100 8 10 1198
100 9 3 1228
100 9 4 1212
100 9 5 1211
100 9 6 1211
100 9 7 1241
100 9 8 1230
100 9 9 1243
100 9 10 1250
