60 0 0 31
60 0 1 0
60 0 2 442
60 0 3 442
60 0 4 215
60 0 5 215
60 0 6 215
60 0 7 215
60 0 8 31
60 0 9 215
60 1 0 0
60 1 1 32
60 1 2 32
60 1 3 219
60 1 4 219
60 1 5 219
60 1 6 219
60 1 7 27
60 1 8 219
60 1 9 410
60 2 0 284
60 2 1 284
60 2 2 284
60 2 3 284
60 2 4 284
60 2 5 284
60 2 6 284
60 2 7 284
60 2 8 284
60 2 9 284
60 3 0 0
60 3 1 426
60 3 2 146
60 3 3 146
60 3 4 55
60 3 5 256
60 3 6 55
60 3 7 319
60 3 8 146
60 3 9 0
60 4 0 241
60 4 1 241
60 4 2 241
60 4 3 241
60 4 4 241
60 4 5 241
60 4 6 241
60 4 7 241
60 4 8 241
60 4 9 241
60 5 0 129
60 5 1 129
60 5 2 129
60 5 3 140
60 5 4 101
60 5 5 253
60 5 6 135
60 5 7 253
60 5 8 411
60 5 9 140
60 6 0 88
60 6 1 88
60 6 2 88
60 6 3 88
60 6 4 88
60 6 5 88
60 6 6 88
60 6 7 88
60 6 8 88
60 6 9 88
60 7 0 303
60 7 1 303
60 7 2 303
60 7 3 303
60 7 4 303
60 7 5 303
60 7 6 303
60 7 7 303
60 7 8 303
60 7 9 303
60 8 0 279
60 8 1 238
60 8 2 403
60 8 3 238
60 8 4 403
60 8 5 403
60 8 6 279
60 8 7 403
60 8 8 279
60 8 9 279
60 9 0 391
60 9 1 114
60 9 2 391
60 9 3 391
60 9 4 383
60 9 5 114
60 9 6 114
60 9 7 114
60 9 8 383
60 9 9 114
80 0 0 244
80 0 1 244
80 0 2 244
80 0 3 244
80 0 4 244
80 0 5 244
80 0 6 244
80 0 7 244
80 0 8 244
80 0 9 244
80 1 0 336
80 1 1 336
80 1 2 424
80 1 3 336
80 1 4 424
80 1 5 424
80 1 6 424
80 1 7 336
80 1 8 336
80 1 9 424
80 2 0 79
80 2 1 433
80 2 2 250
80 2 3 433
80 2 4 68
80 2 5 433
80 2 6 226
80 2 7 79
80 2 8 433
80 2 9 226
80 3 0 604
80 3 1 343
80 3 2 604
80 3 3 604
80 3 4 604
80 3 5 109
80 3 6 109
80 3 7 604
80 3 8 109
80 3 9 109
80 4 0 401
80 4 1 44
80 4 2 310
80 4 3 44
80 4 4 468
80 4 5 586
80 4 6 778
80 4 7 468
80 4 8 401
80 4 9 310
80 5 0 522
80 5 1 522
80 5 2 522
80 5 3 149
80 5 4 232
80 5 5 522
80 5 6 149
80 5 7 232
80 5 8 522
80 5 9 522
80 6 0 266
80 6 1 266
80 6 2 199
80 6 3 199
80 6 4 266
80 6 5 199
80 6 6 199
80 6 7 266
80 6 8 266
80 6 9 199
80 7 0 785
80 7 1 699
80 7 2 680
80 7 3 785
80 7 4 699
80 7 5 764
80 7 6 785
80 7 7 785
80 7 8 541
80 7 9 666
80 8 0 310
80 8 1 310
80 8 2 310
80 8 3 310
80 8 4 310
80 8 5 310
80 8 6 310
80 8 7 310
80 8 8 310
80 8 9 310
80 9 0 105
80 9 1 208
80 9 2 143
80 9 3 105
80 9 4 434
80 9 5 208
80 9 6 143
80 9 7 143
80 9 8 105
80 9 9 143
100 0 0 227
100 0 1 1266
100 0 2 1266
100 0 3 227
100 0 4 227
100 0 5 227
100 0 6 227
100 0 7 227
100 0 8 513
100 0 9 513
100 1 0 462
100 1 1 442
100 1 2 748
100 1 3 790
100 1 4 748
100 1 5 790
100 1 6 748
100 1 7 748
100 1 8 790
100 1 9 462
100 2 0 570
100 2 1 570
100 2 2 570
100 2 3 570
100 2 4 570
100 2 5 570
100 2 6 570
100 2 7 570
100 2 8 570
100 2 9 570
100 3 0 368
100 3 1 368
100 3 2 368
100 3 3 1154
100 3 4 368
100 3 5 368
100 3 6 1154
100 3 7 368
100 3 8 1154
100 3 9 368
100 4 0 1235
100 4 1 716
100 4 2 1235
100 4 3 716
100 4 4 716
100 4 5 1043
100 4 6 1235
100 4 7 1235
100 4 8 1235
100 4 9 1043
100 5 0 289
100 5 1 741
100 5 2 289
100 5 3 289
100 5 4 741
100 5 5 588
100 5 6 741
100 5 7 588
100 5 8 289
100 5 9 1240
100 6 0 415
100 6 1 415
100 6 2 415
100 6 3 415
100 6 4 415
100 6 5 415
100 6 6 415
100 6 7 415
100 6 8 415
100 6 9 415
100 7 0 193
100 7 1 193
100 7 2 883
100 7 3 540
100 7 4 883
100 7 5 540
100 7 6 540
100 7 7 883
100 7 8 540
100 7 9 883
100 8 0 242
100 8 1 242
100 8 2 519
100 8 3 242
100 8 4 519
100 8 5 242
100 8 6 519
100 8 7 242
100 8 8 519
100 8 9 519
100 9 0 891
100 9 1 605
100 9 2 1113
100 9 3 605
100 9 4 756
100 9 5 565
100 9 6 756
100 9 7 605
100 9 8 565
100 9 9 694
