60 0 0 454
60 0 1 449
60 0 2 386
60 1 0 421
60 1 1 453
60 1 2 447
60 2 0 409
60 2 1 444
60 2 2 453
60 3 0 447
60 3 1 414
60 3 2 412
60 4 0 454
60 4 1 457
60 4 2 410
60 5 0 431
60 5 1 450
60 5 2 441
60 6 0 444
60 6 1 446
60 6 2 357
60 7 0 443
60 7 1 437
60 7 2 466
60 8 0 410
60 8 1 463
60 8 2 382
60 9 0 418
60 9 1 422
60 9 2 435
80 0 0 788
80 0 1 788
80 0 2 770
80 1 0 823
80 1 1 761
80 1 2 759
80 2 0 789
80 2 1 751
80 2 2 798
80 3 0 803
80 3 1 784
80 3 2 808
80 4 0 811
80 4 1 790
80 4 2 707
80 5 0 803
80 5 1 784
80 5 2 761
80 6 0 816
80 6 1 793
80 6 2 792
80 7 0 720
80 7 1 777
80 7 2 789
80 8 0 805
80 8 1 793
80 8 2 780
80 9 0 791
80 9 1 802
80 9 2 732
100 0 0 1259
100 0 1 1242
100 0 2 1207
100 1 0 1269
100 1 1 1216
100 1 2 1261
100 2 0 1251
100 2 1 1207
100 2 2 1223
100 3 0 1224
100 3 1 1226
100 3 2 1002
100 4 0 1208
100 4 1 1232
100 4 2 1177
100 5 0 1238
100 5 1 1221
100 5 2 1185
100 6 0 1179
100 6 1 1220
100 6 2 1219
100 7 0 1239
100 7 1 1236
100 7 2 1228
100 8 0 1247
100 8 1 1214
100 8 2 1263
100 9 0 1240
100 9 1 1187
100 9 2 1039
60 0 3 421
60 0 4 457
60 0 5 388
60 0 6 459
60 0 7 382
60 0 8 433
60 0 9 422
60 0 10 454
60 1 3 431
60 1 4 448
60 1 5 445
60 1 6 434
60 1 7 418
60 1 8 428
60 1 9 450
60 1 10 439
60 2 3 424
60 2 4 407
60 2 5 429
60 2 6 443
60 2 7 388
60 2 8 417
60 2 9 439
60 2 10 446
60 3 3 422
60 3 4 414
60 3 5 433
60 3 6 437
60 3 7 432
60 3 8 417
60 3 9 399
60 3 10 430
60 4 3 403
60 4 4 460
60 4 5 449
60 4 6 444
60 4 7 437
60 4 8 428
60 4 9 447
60 4 10 407
60 5 3 446
60 5 4 395
60 5 5 435
60 5 6 419
60 5 7 447
60 5 8 443
60 5 9 431
60 5 10 416
60 6 3 448
60 6 4 411
60 6 5 432
60 6 6 455
60 6 7 437
60 6 8 458
60 6 9 435
60 6 10 441
60 7 3 440
60 7 4 444
60 7 5 445
60 7 6 423
60 7 7 450
60 7 8 429
60 7 9 459
60 7 10 451
60 8 3 405
60 8 4 450
60 8 5 430
60 8 6 384
60 8 7 425
60 8 8 444
60 8 9 438
60 8 10 434
60 9 3 433
60 9 4 418
60 9 5 431
60 9 6 438
60 9 7 468
60 9 8 444
60 9 9 463
60 9 10 420
80 0 3 779
80 0 4 790
80 0 5 793
80 0 6 783
80 0 7 794
80 0 8 773
80 0 9 816
80 0 10 778
80 1 3 794
80 1 4 790
80 1 5 740
80 1 6 798
80 1 7 792
80 1 8 778
80 1 9 777
80 1 10 792
80 2 3 784
80 2 4 764
80 2 5 777
80 2 6 792
80 2 7 794
80 2 8 755
80 2 9 796
80 2 10 803
80 3 3 777
80 3 4 806
80 3 5 811
80 3 6 761
80 3 7 779
80 3 8 777
80 3 9 762
80 3 10 799
80 4 3 763
80 4 4 805
80 4 5 792
80 4 6 764
80 4 7 779
80 4 8 708
80 4 9 777
80 4 10 795
80 5 3 804
80 5 4 790
80 5 5 781
80 5 6 623
80 5 7 811
80 5 8 781
80 5 9 774
80 5 10 785
80 6 3 794
80 6 4 771
80 6 5 769
80 6 6 768
80 6 7 787
80 6 8 783
80 6 9 800
80 6 10 784
80 7 3 772
80 7 4 753
80 7 5 772
80 7 6 733
80 7 7 800
80 7 8 744
80 7 9 787
80 7 10 775
80 8 3 769
80 8 4 793
80 8 5 766
80 8 6 744
80 8 7 771
80 8 8 797
80 8 9 760
80 8 10 802
80 9 3 785
80 9 4 778
80 9 5 789
80 9 6 774
80 9 7 725
80 9 8 792
80 9 9 706
80 9 10 792
100 0 3 1198
100 0 4 1225
100 0 5 1229
100 0 6 1232
100 0 7 1225
100 0 8 1262
100 0 9 1190
100 0 10 1238
100 1 3 1202
100 1 4 1194
100 1 5 1248
100 1 6 1251
100 1 7 1241
100 1 8 1201
100 1 9 1257
100 1 10 1207
100 2 3 1260
100 2 4 1275
100 2 5 1103
100 2 6 1198
100 2 7 1258
100 2 8 1250
100 2 9 1252
100 2 10 1171
100 3 3 1203
100 3 4 1194
100 3 5 1125
100 3 6 1229
100 3 7 1198
100 3 8 1282
100 3 9 1246
100 3 10 1090
100 4 3 1245
100 4 4 1190
100 4 5 1256
100 4 6 1221
100 4 7 1231
100 4 8 1248
100 4 9 1239
100 4 10 1258
100 5 3 1229
100 5 4 1197
100 5 5 1221
100 5 6 1220
100 5 7 1142
100 5 8 1257
100 5 9 1281
100 5 10 1227
100 6 3 1288
100 6 4 1231
100 6 5 1209
100 6 6 1130
100 6 7 1200
100 6 8 1177
100 6 9 1223
100 6 10 1190
100 7 3 1255
100 7 4 1202
100 7 5 1173
100 7 6 1223
100 7 7 1164
100 7 8 1208
100 7 9 1231
100 7 10 1240
100 8 3 1229
100 8 4 1212
100 8 5 1246
100 8 6 1231
100 8 7 1263
100 8 8 1180
100 8 9 1238
100 8 10 1119
100 9 3 1275
100 9 4 1170
100 9 5 1230
100 9 6 1244
100 9 7 1217
100 9 8 1201
100 9 9 1244
100 9 10 1240
