60 0 0 468
60 0 1 446
60 0 2 456
60 1 0 442
60 1 1 444
60 1 2 439
60 2 0 442
60 2 1 438
60 2 2 418
60 3 0 401
60 3 1 351
60 3 2 407
60 4 0 396
60 4 1 407
60 4 2 444
60 5 0 459
60 5 1 452
60 5 2 423
60 6 0 444
60 6 1 443
60 6 2 435
60 7 0 465
60 7 1 400
60 7 2 446
60 8 0 425
60 8 1 438
60 8 2 406
60 9 0 426
60 9 1 426
60 9 2 452
80 0 0 769
80 0 1 783
80 0 2 797
80 1 0 705
80 1 1 787
80 1 2 823
80 2 0 781
80 2 1 697
80 2 2 789
80 3 0 796
80 3 1 770
80 3 2 759
80 4 0 784
80 4 1 775
80 4 2 801
80 5 0 779
80 5 1 804
80 5 2 791
80 6 0 791
80 6 1 784
80 6 2 777
80 7 0 781
80 7 1 788
80 7 2 797
80 8 0 789
80 8 1 780
80 8 2 777
80 9 0 793
80 9 1 796
80 9 2 803
100 0 0 1211
100 0 1 1283
100 0 2 1273
100 1 0 1260
100 1 1 1207
100 1 2 1257
100 2 0 1210
100 2 1 1127
100 2 2 1174
100 3 0 1249
100 3 1 1229
100 3 2 1262
100 4 0 1227
100 4 1 1228
100 4 2 1264
100 5 0 1233
100 5 1 1192
100 5 2 1146
100 6 0 1245
100 6 1 1242
100 6 2 1251
100 7 0 1242
100 7 1 1240
100 7 2 1183
100 8 0 1224
100 8 1 1135
100 8 2 1184
100 9 0 1247
100 9 1 1207
100 9 2 1249
60 0 3 426
60 0 4 426
60 0 5 440
60 0 6 402
60 0 7 417
60 0 8 445
60 0 9 443
60 0 10 446
60 1 3 430
60 1 4 416
60 1 5 401
60 1 6 432
60 1 7 448
60 1 8 354
60 1 9 446
60 1 10 429
60 2 3 462
60 2 4 444
60 2 5 431
60 2 6 448
60 2 7 408
60 2 8 432
60 2 9 437
60 2 10 416
60 3 3 422
60 3 4 440
60 3 5 449
60 3 6 422
60 3 7 430
60 3 8 418
60 3 9 434
60 3 10 437
60 4 3 450
60 4 4 433
60 4 5 421
60 4 6 448
60 4 7 462
60 4 8 428
60 4 9 453
60 4 10 465
60 5 3 451
60 5 4 443
60 5 5 414
60 5 6 423
60 5 7 410
60 5 8 439
60 5 9 446
60 5 10 449
60 6 3 419
60 6 4 419
60 6 5 445
60 6 6 444
60 6 7 372
60 6 8 429
60 6 9 413
60 6 10 471
60 7 3 328
60 7 4 451
60 7 5 464
60 7 6 386
60 7 7 390
60 7 8 386
60 7 9 416
60 7 10 439
60 8 3 405
60 8 4 408
60 8 5 440
60 8 6 455
60 8 7 463
60 8 8 425
60 8 9 434
60 8 10 446
60 9 3 421
60 9 4 442
60 9 5 388
60 9 6 447
60 9 7 435
60 9 8 429
60 9 9 459
60 9 10 431
80 0 3 695
80 0 4 734
80 0 5 757
80 0 6 815
80 0 7 804
80 0 8 745
80 0 9 776
80 0 10 799
80 1 3 793
80 1 4 779
80 1 5 799
80 1 6 778
80 1 7 794
80 1 8 800
80 1 9 821
80 1 10 788
80 2 3 770
80 2 4 789
80 2 5 788
80 2 6 804
80 2 7 801
80 2 8 776
80 2 9 728
80 2 10 788
80 3 3 803
80 3 4 704
80 3 5 773
80 3 6 719
80 3 7 793
80 3 8 813
80 3 9 783
80 3 10 781
80 4 3 691
80 4 4 796
80 4 5 781
80 4 6 777
80 4 7 770
80 4 8 762
80 4 9 738
80 4 10 795
80 5 3 777
80 5 4 778
80 5 5 802
80 5 6 786
80 5 7 800
80 5 8 782
80 5 9 795
80 5 10 795
80 6 3 795
80 6 4 800
80 6 5 796
80 6 6 746
80 6 7 802
80 6 8 738
80 6 9 745
80 6 10 760
80 7 3 767
80 7 4 771
80 7 5 799
80 7 6 777
80 7 7 801
80 7 8 806
80 7 9 736
80 7 10 789
80 8 3 776
80 8 4 772
80 8 5 813
80 8 6 531
80 8 7 760
80 8 8 748
80 8 9 782
80 8 10 761
80 9 3 793
80 9 4 779
80 9 5 765
80 9 6 794
80 9 7 780
80 9 8 787
80 9 9 800
80 9 10 796
100 0 3 1264
100 0 4 1255
100 0 5 1239
100 0 6 1261
100 0 7 1248
100 0 8 1234
100 0 9 1184
100 0 10 1232
100 1 3 1281
100 1 4 1213
100 1 5 1253
100 1 6 1239
100 1 7 1211
100 1 8 1176
100 1 9 1229
100 1 10 1222
100 2 3 1179
100 2 4 1230
100 2 5 1181
100 2 6 1093
100 2 7 1231
100 2 8 1233
100 2 9 1204
100 2 10 1174
100 3 3 1209
100 3 4 1199
100 3 5 1237
100 3 6 1154
100 3 7 1209
100 3 8 1228
100 3 9 1219
100 3 10 1205
100 4 3 1280
100 4 4 1207
100 4 5 1217
100 4 6 1217
100 4 7 1208
100 4 8 1078
100 4 9 1249
100 4 10 1231
100 5 3 1246
100 5 4 1206
100 5 5 1258
100 5 6 1209
100 5 7 1240
100 5 8 1189
100 5 9 1227
100 5 10 1225
100 6 3 1259
100 6 4 1251
100 6 5 1249
100 6 6 1101
100 6 7 1273
100 6 8 1260
100 6 9 1241
100 6 10 1180
100 7 3 1215
100 7 4 1248
100 7 5 1246
100 7 6 1226
100 7 7 1264
100 7 8 1138
100 7 9 1238
100 7 10 1239
100 8 3 1276
100 8 4 1205
100 8 5 1283
100 8 6 1257
100 8 7 1231
100 8 8 1143
100 8 9 1231
100 8 10 1169
100 9 3 1222
100 9 4 1228
100 9 5 1258
100 9 6 1248
100 9 7 1249
100 9 8 1209
100 9 9 1254
100 9 10 1248
