60 0 0 446
60 0 1 400
60 0 2 430
60 1 0 384
60 1 1 395
60 1 2 424
60 2 0 306
60 2 1 364
60 2 2 424
60 3 0 399
60 3 1 436
60 3 2 453
60 4 0 415
60 4 1 436
60 4 2 429
60 5 0 417
60 5 1 436
60 5 2 426
60 6 0 443
60 6 1 404
60 6 2 412
60 7 0 434
60 7 1 432
60 7 2 295
60 8 0 459
60 8 1 455
60 8 2 442
60 9 0 428
60 9 1 429
60 9 2 445
80 0 0 807
80 0 1 716
80 0 2 794
80 1 0 765
80 1 1 795
80 1 2 685
80 2 0 788
80 2 1 774
80 2 2 747
80 3 0 752
80 3 1 787
80 3 2 797
80 4 0 770
80 4 1 744
80 4 2 781
80 5 0 782
80 5 1 782
80 5 2 802
80 6 0 807
80 6 1 785
80 6 2 685
80 7 0 735
80 7 1 743
80 7 2 792
80 8 0 691
80 8 1 768
80 8 2 759
80 9 0 542
80 9 1 665
80 9 2 751
100 0 0 1178
100 0 1 1232
100 0 2 1170
100 1 0 1229
100 1 1 995
100 1 2 1265
100 2 0 1196
100 2 1 1167
100 2 2 1212
100 3 0 1125
100 3 1 1217
100 3 2 1228
100 4 0 1230
100 4 1 1251
100 4 2 1223
100 5 0 1202
100 5 1 1247
100 5 2 1238
100 6 0 1236
100 6 1 1245
100 6 2 1219
100 7 0 1195
100 7 1 1219
100 7 2 1240
100 8 0 1140
100 8 1 987
100 8 2 1225
100 9 0 1125
100 9 1 1262
100 9 2 1219
60 0 3 383
60 0 4 433
60 0 5 403
60 0 6 427
60 0 7 443
60 0 8 447
60 0 9 461
60 0 10 417
60 1 3 412
60 1 4 441
60 1 5 404
60 1 6 342
60 1 7 456
60 1 8 450
60 1 9 428
60 1 10 440
60 2 3 436
60 2 4 419
60 2 5 455
60 2 6 116
60 2 7 420
60 2 8 422
60 2 9 439
60 2 10 430
60 3 3 334
60 3 4 325
60 3 5 421
60 3 6 430
60 3 7 389
60 3 8 416
60 3 9 431
60 3 10 461
60 4 3 400
60 4 4 373
60 4 5 411
60 4 6 435
60 4 7 453
60 4 8 435
60 4 9 375
60 4 10 307
60 5 3 405
60 5 4 430
60 5 5 418
60 5 6 458
60 5 7 432
60 5 8 438
60 5 9 411
60 5 10 373
60 6 3 356
60 6 4 443
60 6 5 394
60 6 6 434
60 6 7 441
60 6 8 437
60 6 9 443
60 6 10 454
60 7 3 404
60 7 4 443
60 7 5 438
60 7 6 308
60 7 7 436
60 7 8 429
60 7 9 453
60 7 10 444
60 8 3 395
60 8 4 420
60 8 5 441
60 8 6 376
60 8 7 449
60 8 8 370
60 8 9 457
60 8 10 445
60 9 3 275
60 9 4 314
60 9 5 440
60 9 6 429
60 9 7 438
60 9 8 405
60 9 9 382
60 9 10 394
80 0 3 785
80 0 4 798
80 0 5 708
80 0 6 781
80 0 7 807
80 0 8 759
80 0 9 703
80 0 10 737
80 1 3 756
80 1 4 793
80 1 5 763
80 1 6 795
80 1 7 776
80 1 8 795
80 1 9 633
80 1 10 786
80 2 3 662
80 2 4 764
80 2 5 789
80 2 6 802
80 2 7 641
80 2 8 762
80 2 9 633
80 2 10 819
80 3 3 784
80 3 4 786
80 3 5 711
80 3 6 797
80 3 7 707
80 3 8 759
80 3 9 771
80 3 10 773
80 4 3 726
80 4 4 670
80 4 5 809
80 4 6 768
80 4 7 756
80 4 8 781
80 4 9 798
80 4 10 778
80 5 3 663
80 5 4 771
80 5 5 635
80 5 6 796
80 5 7 724
80 5 8 647
80 5 9 755
80 5 10 757
80 6 3 785
80 6 4 801
80 6 5 686
80 6 6 790
80 6 7 798
80 6 8 771
80 6 9 800
80 6 10 756
80 7 3 680
80 7 4 784
80 7 5 793
80 7 6 748
80 7 7 574
80 7 8 783
80 7 9 770
80 7 10 787
80 8 3 807
80 8 4 711
80 8 5 804
80 8 6 650
80 8 7 725
80 8 8 799
80 8 9 768
80 8 10 756
80 9 3 798
80 9 4 775
80 9 5 779
80 9 6 779
80 9 7 791
80 9 8 753
80 9 9 748
80 9 10 799
100 0 3 1096
100 0 4 1228
100 0 5 1211
100 0 6 1235
100 0 7 1158
100 0 8 1213
100 0 9 1129
100 0 10 1208
100 1 3 1246
100 1 4 1135
100 1 5 1209
100 1 6 1166
100 1 7 1211
100 1 8 1268
100 1 9 1059
100 1 10 1103
100 2 3 1247
100 2 4 1060
100 2 5 1149
100 2 6 1211
100 2 7 1212
100 2 8 1212
100 2 9 1142
100 2 10 1063
100 3 3 1239
100 3 4 1049
100 3 5 1210
100 3 6 1120
100 3 7 1134
100 3 8 1230
100 3 9 1219
100 3 10 1210
100 4 3 1263
100 4 4 1196
100 4 5 1239
100 4 6 1160
100 4 7 1260
100 4 8 1022
100 4 9 1189
100 4 10 1195
100 5 3 1247
100 5 4 1193
100 5 5 1235
100 5 6 1232
100 5 7 1234
100 5 8 1226
100 5 9 1245
100 5 10 1232
100 6 3 1255
100 6 4 1216
100 6 5 1124
100 6 6 1190
100 6 7 1216
100 6 8 1275
100 6 9 1222
100 6 10 1198
100 7 3 1232
100 7 4 1196
100 7 5 1122
100 7 6 1263
100 7 7 1222
100 7 8 1076
100 7 9 1218
100 7 10 1244
100 8 3 1237
100 8 4 1002
100 8 5 1064
100 8 6 1155
100 8 7 1238
100 8 8 1244
100 8 9 1133
100 8 10 1236
100 9 3 1215
100 9 4 1216
100 9 5 1182
100 9 6 1227
100 9 7 1202
100 9 8 1242
100 9 9 1177
100 9 10 1228
