60 0 0 438
60 0 1 451
60 0 2 458
60 1 0 466
60 1 1 459
60 1 2 433
60 2 0 445
60 2 1 422
60 2 2 451
60 3 0 417
60 3 1 448
60 3 2 365
60 4 0 435
60 4 1 439
60 4 2 430
60 5 0 435
60 5 1 449
60 5 2 427
60 6 0 428
60 6 1 399
60 6 2 455
60 7 0 426
60 7 1 438
60 7 2 439
60 8 0 469
60 8 1 456
60 8 2 449
60 9 0 456
60 9 1 437
60 9 2 454
80 0 0 707
80 0 1 714
80 0 2 788
80 1 0 721
80 1 1 801
80 1 2 778
80 2 0 789
80 2 1 800
80 2 2 771
80 3 0 790
80 3 1 770
80 3 2 696
80 4 0 752
80 4 1 774
80 4 2 814
80 5 0 779
80 5 1 769
80 5 2 724
80 6 0 777
80 6 1 732
80 6 2 804
80 7 0 768
80 7 1 784
80 7 2 775
80 8 0 788
80 8 1 792
80 8 2 767
80 9 0 785
80 9 1 788
80 9 2 797
100 0 0 1230
100 0 1 1225
100 0 2 1241
100 1 0 1182
100 1 1 1255
100 1 2 1173
100 2 0 1225
100 2 1 1254
100 2 2 1225
100 3 0 1241
100 3 1 1161
100 3 2 1201
100 4 0 1279
100 4 1 1223
100 4 2 1030
100 5 0 1221
100 5 1 1218
100 5 2 1233
100 6 0 1149
100 6 1 1216
100 6 2 1202
100 7 0 1223
100 7 1 1226
100 7 2 1226
100 8 0 1170
100 8 1 1235
100 8 2 1235
100 9 0 1201
100 9 1 1216
100 9 2 1237
60 0 3 412
60 0 4 369
60 0 5 422
60 0 6 415
60 0 7 425
60 0 8 436
60 0 9 416
60 0 10 450
60 1 3 418
60 1 4 431
60 1 5 428
60 1 6 443
60 1 7 428
60 1 8 443
60 1 9 448
60 1 10 441
60 2 3 453
60 2 4 436
60 2 5 441
60 2 6 340
60 2 7 388
60 2 8 299
60 2 9 434
60 2 10 441
60 3 3 452
60 3 4 437
60 3 5 427
60 3 6 438
60 3 7 437
60 3 8 436
60 3 9 441
60 3 10 437
60 4 3 436
60 4 4 449
60 4 5 427
60 4 6 441
60 4 7 431
60 4 8 447
60 4 9 434
60 4 10 427
60 5 3 423
60 5 4 445
60 5 5 441
60 5 6 436
60 5 7 416
60 5 8 420
60 5 9 451
60 5 10 413
60 6 3 448
60 6 4 440
60 6 5 438
60 6 6 431
60 6 7 443
60 6 8 431
60 6 9 444
60 6 10 399
60 7 3 446
60 7 4 453
60 7 5 432
60 7 6 431
60 7 7 430
60 7 8 395
60 7 9 419
60 7 10 384
60 8 3 375
60 8 4 422
60 8 5 451
60 8 6 438
60 8 7 461
60 8 8 411
60 8 9 432
60 8 10 439
60 9 3 441
60 9 4 426
60 9 5 436
60 9 6 435
60 9 7 415
60 9 8 444
60 9 9 454
60 9 10 415
80 0 3 701
80 0 4 754
80 0 5 773
80 0 6 784
80 0 7 791
80 0 8 782
80 0 9 731
80 0 10 802
80 1 3 659
80 1 4 803
80 1 5 805
80 1 6 785
80 1 7 785
80 1 8 779
80 1 9 756
80 1 10 766
80 2 3 770
80 2 4 782
80 2 5 766
80 2 6 795
80 2 7 788
80 2 8 754
80 2 9 765
80 2 10 808
80 3 3 757
80 3 4 753
80 3 5 754
80 3 6 779
80 3 7 772
80 3 8 800
80 3 9 803
80 3 10 799
80 4 3 769
80 4 4 737
80 4 5 785
80 4 6 778
80 4 7 787
80 4 8 794
80 4 9 779
80 4 10 706
80 5 3 788
80 5 4 749
80 5 5 792
80 5 6 795
80 5 7 785
80 5 8 754
80 5 9 728
80 5 10 757
80 6 3 776
80 6 4 774
80 6 5 782
80 6 6 800
80 6 7 748
80 6 8 681
80 6 9 796
80 6 10 727
80 7 3 791
80 7 4 708
80 7 5 661
80 7 6 794
80 7 7 771
80 7 8 801
80 7 9 811
80 7 10 781
80 8 3 769
80 8 4 778
80 8 5 789
80 8 6 780
80 8 7 776
80 8 8 817
80 8 9 611
80 8 10 809
80 9 3 758
80 9 4 717
80 9 5 801
80 9 6 697
80 9 7 793
80 9 8 763
80 9 9 794
80 9 10 751
100 0 3 1253
100 0 4 1192
100 0 5 1212
100 0 6 1240
100 0 7 1215
100 0 8 1243
100 0 9 1261
100 0 10 1220
100 1 3 1225
100 1 4 1197
100 1 5 1224
100 1 6 1240
100 1 7 1278
100 1 8 1167
100 1 9 1231
100 1 10 1254
100 2 3 1217
100 2 4 1232
100 2 5 1219
100 2 6 1244
100 2 7 1263
100 2 8 1245
100 2 9 1214
100 2 10 1215
100 3 3 1259
100 3 4 1249
100 3 5 1243
100 3 6 1205
100 3 7 1242
100 3 8 1236
100 3 9 1223
100 3 10 1227
100 4 3 1229
100 4 4 1264
100 4 5 1218
100 4 6 1251
100 4 7 1268
100 4 8 1222
100 4 9 1220
100 4 10 1162
100 5 3 1193
100 5 4 1225
100 5 5 1226
100 5 6 1261
100 5 7 1123
100 5 8 1227
100 5 9 1222
100 5 10 1204
100 6 3 1190
100 6 4 1224
100 6 5 1232
100 6 6 1240
100 6 7 1251
100 6 8 1233
100 6 9 1233
100 6 10 1217
100 7 3 1230
100 7 4 1191
100 7 5 1214
100 7 6 1169
100 7 7 1142
100 7 8 1224
100 7 9 1221
100 7 10 1226
100 8 3 1274
100 8 4 1252
100 8 5 1185
100 8 6 1201
100 8 7 1225
100 8 8 1278
100 8 9 1050
100 8 10 1226
100 9 3 1205
100 9 4 1225
100 9 5 1236
100 9 6 1214
100 9 7 1190
100 9 8 1181
100 9 9 1209
100 9 10 1110
