60 0 0 456
60 0 1 455
60 0 2 409
60 1 0 444
60 1 1 445
60 1 2 409
60 2 0 448
60 2 1 446
60 2 2 452
60 3 0 452
60 3 1 432
60 3 2 460
60 4 0 453
60 4 1 445
60 4 2 348
60 5 0 448
60 5 1 441
60 5 2 444
60 6 0 463
60 6 1 412
60 6 2 429
60 7 0 419
60 7 1 442
60 7 2 422
60 8 0 423
60 8 1 469
60 8 2 459
60 9 0 443
60 9 1 432
60 9 2 424
80 0 0 776
80 0 1 787
80 0 2 755
80 1 0 791
80 1 1 743
80 1 2 766
80 2 0 774
80 2 1 806
80 2 2 786
80 3 0 793
80 3 1 799
80 3 2 743
80 4 0 796
80 4 1 791
80 4 2 757
80 5 0 749
80 5 1 728
80 5 2 816
80 6 0 774
80 6 1 793
80 6 2 832
80 7 0 736
80 7 1 769
80 7 2 678
80 8 0 769
80 8 1 803
80 8 2 769
80 9 0 807
80 9 1 725
80 9 2 803
100 0 0 1237
100 0 1 1209
100 0 2 1235
100 1 0 1271
100 1 1 1261
100 1 2 1239
100 2 0 1234
100 2 1 1230
100 2 2 1160
100 3 0 1233
100 3 1 1206
100 3 2 1232
100 4 0 1229
100 4 1 1231
100 4 2 1181
100 5 0 1205
100 5 1 1242
100 5 2 1239
100 6 0 1211
100 6 1 1207
100 6 2 1244
100 7 0 1161
100 7 1 1222
100 7 2 1151
100 8 0 1225
100 8 1 1256
100 8 2 1220
100 9 0 1229
100 9 1 1244
100 9 2 1204
60 0 3 449
60 0 4 457
60 0 5 450
60 0 6 409
60 0 7 435
60 0 8 390
60 0 9 432
60 0 10 448
60 1 3 420
60 1 4 438
60 1 5 465
60 1 6 441
60 1 7 447
60 1 8 447
60 1 9 444
60 1 10 446
60 2 3 429
60 2 4 436
60 2 5 429
60 2 6 342
60 2 7 458
60 2 8 406
60 2 9 435
60 2 10 454
60 3 3 395
60 3 4 396
60 3 5 447
60 3 6 434
60 3 7 420
60 3 8 437
60 3 9 447
60 3 10 428
60 4 3 450
60 4 4 424
60 4 5 441
60 4 6 428
60 4 7 449
60 4 8 454
60 4 9 447
60 4 10 404
60 5 3 436
60 5 4 427
60 5 5 436
60 5 6 435
60 5 7 417
60 5 8 368
60 5 9 405
60 5 10 435
60 6 3 439
60 6 4 439
60 6 5 434
60 6 6 431
60 6 7 442
60 6 8 459
60 6 9 441
60 6 10 407
60 7 3 466
60 7 4 458
60 7 5 418
60 7 6 443
60 7 7 467
60 7 8 437
60 7 9 449
60 7 10 449
60 8 3 447
60 8 4 431
60 8 5 416
60 8 6 432
60 8 7 435
60 8 8 424
60 8 9 440
60 8 10 441
60 9 3 442
60 9 4 437
60 9 5 451
60 9 6 430
60 9 7 441
60 9 8 437
60 9 9 437
60 9 10 449
80 0 3 768
80 0 4 791
80 0 5 777
80 0 6 709
80 0 7 788
80 0 8 703
80 0 9 693
80 0 10 786
80 1 3 774
80 1 4 763
80 1 5 777
80 1 6 793
80 1 7 785
80 1 8 768
80 1 9 779
80 1 10 768
80 2 3 727
80 2 4 775
80 2 5 775
80 2 6 801
80 2 7 744
80 2 8 782
80 2 9 794
80 2 10 793
80 3 3 781
80 3 4 777
80 3 5 699
80 3 6 749
80 3 7 746
80 3 8 780
80 3 9 711
80 3 10 738
80 4 3 807
80 4 4 766
80 4 5 819
80 4 6 726
80 4 7 758
80 4 8 797
80 4 9 763
80 4 10 795
80 5 3 804
80 5 4 720
80 5 5 791
80 5 6 775
80 5 7 784
80 5 8 785
80 5 9 779
80 5 10 768
80 6 3 773
80 6 4 792
80 6 5 802
80 6 6 772
80 6 7 770
80 6 8 805
80 6 9 782
80 6 10 793
80 7 3 776
80 7 4 776
80 7 5 811
80 7 6 717
80 7 7 787
80 7 8 775
80 7 9 815
80 7 10 763
80 8 3 790
80 8 4 777
80 8 5 782
80 8 6 754
80 8 7 773
80 8 8 803
80 8 9 794
80 8 10 771
80 9 3 778
80 9 4 703
80 9 5 724
80 9 6 771
80 9 7 736
80 9 8 767
80 9 9 766
80 9 10 800
100 0 3 1242
100 0 4 1234
100 0 5 1270
100 0 6 1231
100 0 7 1249
100 0 8 1231
100 0 9 1230
100 0 10 1183
100 1 3 1187
100 1 4 1206
100 1 5 1245
100 1 6 1254
100 1 7 1271
100 1 8 1250
100 1 9 1222
100 1 10 1244
100 2 3 1218
100 2 4 1190
100 2 5 1249
100 2 6 1258
100 2 7 1131
100 2 8 1235
100 2 9 1250
100 2 10 1177
100 3 3 1257
100 3 4 1227
100 3 5 1215
100 3 6 1235
100 3 7 1208
100 3 8 1207
100 3 9 1258
100 3 10 1144
100 4 3 1235
100 4 4 1211
100 4 5 1109
100 4 6 1179
100 4 7 1218
100 4 8 1245
100 4 9 1231
100 4 10 1236
100 5 3 1170
100 5 4 1163
100 5 5 1243
100 5 6 1257
100 5 7 1194
100 5 8 1237
100 5 9 1198
100 5 10 1235
100 6 3 1214
100 6 4 1252
100 6 5 1260
100 6 6 1214
100 6 7 1279
100 6 8 1234
100 6 9 1253
100 6 10 1175
100 7 3 1229
100 7 4 1240
100 7 5 1240
100 7 6 1194
100 7 7 1145
100 7 8 1210
100 7 9 1209
100 7 10 1206
100 8 3 1162
100 8 4 1246
100 8 5 1238
100 8 6 1234
100 8 7 1247
100 8 8 1178
100 8 9 1266
100 8 10 1224
100 9 3 1208
100 9 4 1248
100 9 5 1200
100 9 6 1204
100 9 7 1214
100 9 8 1195
100 9 9 1260
100 9 10 1249
