60 0 0 414
60 0 1 468
60 0 2 435
60 1 0 431
60 1 1 449
60 1 2 431
60 2 0 454
60 2 1 447
60 2 2 450
60 3 0 447
60 3 1 442
60 3 2 417
60 4 0 433
60 4 1 448
60 4 2 344
60 5 0 380
60 5 1 418
60 5 2 452
60 6 0 443
60 6 1 451
60 6 2 419
60 7 0 438
60 7 1 450
60 7 2 443
60 8 0 455
60 8 1 430
60 8 2 450
60 9 0 422
60 9 1 440
60 9 2 430
80 0 0 788
80 0 1 798
80 0 2 701
80 1 0 801
80 1 1 809
80 1 2 661
80 2 0 788
80 2 1 791
80 2 2 785
80 3 0 698
80 3 1 792
80 3 2 800
80 4 0 781
80 4 1 769
80 4 2 790
80 5 0 804
80 5 1 764
80 5 2 760
80 6 0 799
80 6 1 794
80 6 2 792
80 7 0 793
80 7 1 733
80 7 2 799
80 8 0 776
80 8 1 801
80 8 2 775
80 9 0 778
80 9 1 772
80 9 2 755
100 0 0 1252
100 0 1 1231
100 0 2 1242
100 1 0 1216
100 1 1 1245
100 1 2 1248
100 2 0 1166
100 2 1 1199
100 2 2 1259
100 3 0 1250
100 3 1 1272
100 3 2 1238
100 4 0 1256
100 4 1 1234
100 4 2 1239
100 5 0 1254
100 5 1 1240
100 5 2 1120
100 6 0 1222
100 6 1 1255
100 6 2 1232
100 7 0 1228
100 7 1 1215
100 7 2 1276
100 8 0 1238
100 8 1 1279
100 8 2 1275
100 9 0 1232
100 9 1 1231
100 9 2 1200
