60 0 0 453
60 0 1 460
60 0 2 438
60 1 0 435
60 1 1 436
60 1 2 441
60 2 0 432
60 2 1 451
60 2 2 430
60 3 0 324
60 3 1 456
60 3 2 421
60 4 0 444
60 4 1 393
60 4 2 439
60 5 0 427
60 5 1 431
60 5 2 421
60 6 0 453
60 6 1 435
60 6 2 464
60 7 0 418
60 7 1 427
60 7 2 437
60 8 0 458
60 8 1 399
60 8 2 391
60 9 0 446
60 9 1 442
60 9 2 433
80 0 0 784
80 0 1 793
80 0 2 776
80 1 0 800
80 1 1 755
80 1 2 794
80 2 0 803
80 2 1 803
80 2 2 765
80 3 0 781
80 3 1 769
80 3 2 779
80 4 0 766
80 4 1 789
80 4 2 803
80 5 0 794
80 5 1 763
80 5 2 711
80 6 0 752
80 6 1 778
80 6 2 765
80 7 0 702
80 7 1 708
80 7 2 762
80 8 0 775
80 8 1 735
80 8 2 805
80 9 0 802
80 9 1 727
80 9 2 793
100 0 0 1228
100 0 1 1236
100 0 2 1213
100 1 0 1223
100 1 1 1251
100 1 2 1179
100 2 0 1156
100 2 1 1223
100 2 2 1263
100 3 0 1225
100 3 1 1218
100 3 2 1225
100 4 0 1233
100 4 1 1235
100 4 2 1212
100 5 0 1238
100 5 1 1223
100 5 2 1241
100 6 0 1239
100 6 1 1245
100 6 2 1253
100 7 0 1248
100 7 1 1201
100 7 2 1246
100 8 0 1275
100 8 1 1238
100 8 2 1218
100 9 0 1220
100 9 1 1233
100 9 2 1103
60 0 3 333
60 0 4 426
60 0 5 430
60 0 6 433
60 0 7 442
60 0 8 434
60 0 9 449
60 0 10 432
60 1 3 447
60 1 4 459
60 1 5 450
60 1 6 433
60 1 7 437
60 1 8 437
60 1 9 427
60 1 10 450
60 2 3 442
60 2 4 417
60 2 5 431
60 2 6 439
60 2 7 449
60 2 8 430
60 2 9 414
60 2 10 444
60 3 3 465
60 3 4 458
60 3 5 443
60 3 6 433
60 3 7 443
60 3 8 389
60 3 9 454
60 3 10 403
60 4 3 419
60 4 4 431
60 4 5 447
60 4 6 433
60 4 7 440
60 4 8 437
60 4 9 449
60 4 10 444
60 5 3 439
60 5 4 415
60 5 5 434
60 5 6 416
60 5 7 444
60 5 8 450
60 5 9 437
60 5 10 430
60 6 3 433
60 6 4 438
60 6 5 431
60 6 6 411
60 6 7 433
60 6 8 452
60 6 9 438
60 6 10 468
60 7 3 392
60 7 4 374
60 7 5 434
60 7 6 449
60 7 7 391
60 7 8 415
60 7 9 454
60 7 10 415
60 8 3 433
60 8 4 433
60 8 5 443
60 8 6 437
60 8 7 382
60 8 8 451
60 8 9 438
60 8 10 459
60 9 3 440
60 9 4 421
60 9 5 450
60 9 6 455
60 9 7 417
60 9 8 433
60 9 9 390
60 9 10 449
80 0 3 737
80 0 4 750
80 0 5 776
80 0 6 773
80 0 7 737
80 0 8 717
80 0 9 805
80 0 10 786
80 1 3 749
80 1 4 777
80 1 5 797
80 1 6 799
80 1 7 764
80 1 8 815
80 1 9 776
80 1 10 765
80 2 3 779
80 2 4 820
80 2 5 769
80 2 6 801
80 2 7 768
80 2 8 742
80 2 9 772
80 2 10 782
80 3 3 804
80 3 4 752
80 3 5 762
80 3 6 802
80 3 7 809
80 3 8 787
80 3 9 787
80 3 10 784
80 4 3 792
80 4 4 792
80 4 5 758
80 4 6 785
80 4 7 745
80 4 8 778
80 4 9 779
80 4 10 776
80 5 3 766
80 5 4 778
80 5 5 752
80 5 6 791
80 5 7 768
80 5 8 771
80 5 9 807
80 5 10 794
80 6 3 715
80 6 4 815
80 6 5 808
80 6 6 753
80 6 7 805
80 6 8 704
80 6 9 764
80 6 10 780
80 7 3 758
80 7 4 711
80 7 5 821
80 7 6 787
80 7 7 812
80 7 8 779
80 7 9 820
80 7 10 740
80 8 3 759
80 8 4 786
80 8 5 798
80 8 6 806
80 8 7 805
80 8 8 802
80 8 9 780
80 8 10 769
80 9 3 807
80 9 4 724
80 9 5 783
80 9 6 780
80 9 7 786
80 9 8 767
80 9 9 786
80 9 10 770
100 0 3 1191
100 0 4 1198
100 0 5 1208
100 0 6 1264
100 0 7 1240
100 0 8 1247
100 0 9 1243
100 0 10 1235
100 1 3 1187
100 1 4 1242
100 1 5 1251
100 1 6 1252
100 1 7 1227
100 1 8 1233
100 1 9 1259
100 1 10 1248
100 2 3 1251
100 2 4 1157
100 2 5 1186
100 2 6 1239
100 2 7 1253
100 2 8 1211
100 2 9 1237
100 2 10 1238
100 3 3 1213
100 3 4 1256
100 3 5 1249
100 3 6 1234
100 3 7 1265
100 3 8 1216
100 3 9 1236
100 3 10 1206
100 4 3 1258
100 4 4 1255
100 4 5 1272
100 4 6 1241
100 4 7 1156
100 4 8 1242
100 4 9 1170
100 4 10 1230
100 5 3 1243
100 5 4 1119
100 5 5 1163
100 5 6 1238
100 5 7 1230
100 5 8 1221
100 5 9 1135
100 5 10 1234
100 6 3 1196
100 6 4 1210
100 6 5 1248
100 6 6 1224
100 6 7 1238
100 6 8 1241
100 6 9 1259
100 6 10 1183
100 7 3 1201
100 7 4 1195
100 7 5 1236
100 7 6 1258
100 7 7 1242
100 7 8 1243
100 7 9 1197
100 7 10 1219
100 8 3 1251
100 8 4 1192
100 8 5 1227
100 8 6 1243
100 8 7 1230
100 8 8 1215
100 8 9 1267
100 8 10 1217
100 9 3 1261
100 9 4 1202
100 9 5 1176
100 9 6 1247
100 9 7 1249
100 9 8 1237
100 9 9 1242
100 9 10 1232
