60 0 0 432
60 0 1 331
60 0 2 455
60 1 0 330
60 1 1 380
60 1 2 445
60 2 0 363
60 2 1 420
60 2 2 399
60 3 0 399
60 3 1 460
60 3 2 393
60 4 0 322
60 4 1 402
60 4 2 361
60 5 0 411
60 5 1 441
60 5 2 412
60 6 0 456
60 6 1 436
60 6 2 337
60 7 0 404
60 7 1 391
60 7 2 180
60 8 0 439
60 8 1 439
60 8 2 438
60 9 0 361
60 9 1 424
60 9 2 436
80 0 0 665
80 0 1 719
80 0 2 725
80 1 0 538
80 1 1 747
80 1 2 785
80 2 0 816
80 2 1 664
80 2 2 789
80 3 0 480
80 3 1 766
80 3 2 767
80 4 0 764
80 4 1 675
80 4 2 796
80 5 0 646
80 5 1 551
80 5 2 766
80 6 0 791
80 6 1 787
80 6 2 771
80 7 0 548
80 7 1 453
80 7 2 769
80 8 0 776
80 8 1 774
80 8 2 772
80 9 0 727
80 9 1 765
80 9 2 621
100 0 0 1145
100 0 1 1144
100 0 2 843
100 1 0 1208
100 1 1 1218
100 1 2 1105
100 2 0 1157
100 2 1 1144
100 2 2 1175
100 3 0 1183
100 3 1 1255
100 3 2 1205
100 4 0 1133
100 4 1 1003
100 4 2 1015
100 5 0 1215
100 5 1 1120
100 5 2 1136
100 6 0 1263
100 6 1 752
100 6 2 990
100 7 0 1232
100 7 1 1131
100 7 2 1028
100 8 0 1034
100 8 1 1218
100 8 2 1170
100 9 0 1218
100 9 1 1020
100 9 2 1210
60 0 3 333
60 0 4 385
60 0 5 309
60 0 6 368
60 0 7 416
60 0 8 303
60 0 9 385
60 0 10 445
60 1 3 343
60 1 4 432
60 1 5 433
60 1 6 168
60 1 7 424
60 1 8 419
60 1 9 440
60 1 10 345
60 2 3 401
60 2 4 445
60 2 5 448
60 2 6 427
60 2 7 400
60 2 8 467
60 2 9 419
60 2 10 396
60 3 3 349
60 3 4 338
60 3 5 276
60 3 6 392
60 3 7 432
60 3 8 421
60 3 9 422
60 3 10 443
60 4 3 310
60 4 4 417
60 4 5 384
60 4 6 436
60 4 7 376
60 4 8 443
60 4 9 423
60 4 10 419
60 5 3 429
60 5 4 355
60 5 5 425
60 5 6 376
60 5 7 418
60 5 8 443
60 5 9 335
60 5 10 420
60 6 3 315
60 6 4 303
60 6 5 431
60 6 6 321
60 6 7 372
60 6 8 372
60 6 9 455
60 6 10 437
60 7 3 444
60 7 4 436
60 7 5 413
60 7 6 229
60 7 7 409
60 7 8 391
60 7 9 447
60 7 10 433
60 8 3 396
60 8 4 449
60 8 5 444
60 8 6 416
60 8 7 435
60 8 8 371
60 8 9 447
60 8 10 450
60 9 3 410
60 9 4 425
60 9 5 420
60 9 6 461
60 9 7 411
60 9 8 425
60 9 9 427
60 9 10 416
80 0 3 750
80 0 4 636
80 0 5 776
80 0 6 677
80 0 7 714
80 0 8 744
80 0 9 782
80 0 10 632
80 1 3 748
80 1 4 634
80 1 5 745
80 1 6 749
80 1 7 802
80 1 8 770
80 1 9 768
80 1 10 574
80 2 3 591
80 2 4 772
80 2 5 766
80 2 6 627
80 2 7 695
80 2 8 757
80 2 9 486
80 2 10 766
80 3 3 666
80 3 4 749
80 3 5 799
80 3 6 771
80 3 7 551
80 3 8 451
80 3 9 775
80 3 10 801
80 4 3 764
80 4 4 773
80 4 5 804
80 4 6 534
80 4 7 678
80 4 8 585
80 4 9 746
80 4 10 763
80 5 3 694
80 5 4 758
80 5 5 784
80 5 6 754
80 5 7 790
80 5 8 767
80 5 9 707
80 5 10 561
80 6 3 742
80 6 4 779
80 6 5 745
80 6 6 771
80 6 7 547
80 6 8 774
80 6 9 667
80 6 10 672
80 7 3 696
80 7 4 788
80 7 5 731
80 7 6 766
80 7 7 763
80 7 8 707
80 7 9 702
80 7 10 801
80 8 3 799
80 8 4 782
80 8 5 781
80 8 6 737
80 8 7 749
80 8 8 761
80 8 9 796
80 8 10 764
80 9 3 699
80 9 4 761
80 9 5 737
80 9 6 568
80 9 7 782
80 9 8 762
80 9 9 791
80 9 10 740
100 0 3 1239
100 0 4 1233
100 0 5 1178
100 0 6 1236
100 0 7 1208
100 0 8 1122
100 0 9 941
100 0 10 1146
100 1 3 1019
100 1 4 1237
100 1 5 1193
100 1 6 955
100 1 7 867
100 1 8 1104
100 1 9 1154
100 1 10 1227
100 2 3 1264
100 2 4 1068
100 2 5 1230
100 2 6 820
100 2 7 1168
100 2 8 1179
100 2 9 1254
100 2 10 1154
100 3 3 1249
100 3 4 1149
100 3 5 1232
100 3 6 1033
100 3 7 1206
100 3 8 1244
100 3 9 1201
100 3 10 1172
100 4 3 1201
100 4 4 1033
100 4 5 1154
100 4 6 1214
100 4 7 1215
100 4 8 1222
100 4 9 1197
100 4 10 1218
100 5 3 1216
100 5 4 1232
100 5 5 1209
100 5 6 1057
100 5 7 1146
100 5 8 977
100 5 9 703
100 5 10 1110
100 6 3 1146
100 6 4 1224
100 6 5 1100
100 6 6 1263
100 6 7 1029
100 6 8 1239
100 6 9 1232
100 6 10 1193
100 7 3 1234
100 7 4 1255
100 7 5 1192
100 7 6 1127
100 7 7 1119
100 7 8 1118
100 7 9 1228
100 7 10 1079
100 8 3 1139
100 8 4 719
100 8 5 1220
100 8 6 1192
100 8 7 1059
100 8 8 1227
100 8 9 1215
100 8 10 1161
100 9 3 1228
100 9 4 1231
100 9 5 1130
100 9 6 1056
100 9 7 1143
100 9 8 1051
100 9 9 1215
100 9 10 1199
