60 0 0 433
60 0 1 453
60 0 2 435
60 1 0 368
60 1 1 445
60 1 2 449
60 2 0 430
60 2 1 434
60 2 2 455
60 3 0 412
60 3 1 410
60 3 2 409
60 4 0 439
60 4 1 454
60 4 2 417
60 5 0 365
60 5 1 424
60 5 2 433
60 6 0 424
60 6 1 446
60 6 2 433
60 7 0 453
60 7 1 408
60 7 2 472
60 8 0 395
60 8 1 442
60 8 2 430
60 9 0 438
60 9 1 447
60 9 2 437
80 0 0 801
80 0 1 786
80 0 2 793
80 1 0 799
80 1 1 765
80 1 2 776
80 2 0 765
80 2 1 784
80 2 2 723
80 3 0 791
80 3 1 815
80 3 2 771
80 4 0 712
80 4 1 814
80 4 2 770
80 5 0 760
80 5 1 788
80 5 2 791
80 6 0 813
80 6 1 755
80 6 2 794
80 7 0 819
80 7 1 786
80 7 2 638
80 8 0 813
80 8 1 694
80 8 2 791
80 9 0 775
80 9 1 823
80 9 2 780
100 0 0 1163
100 0 1 1262
100 0 2 1227
100 1 0 1173
100 1 1 1258
100 1 2 1232
100 2 0 1232
100 2 1 1189
100 2 2 1245
100 3 0 1263
100 3 1 1233
100 3 2 1236
100 4 0 1229
100 4 1 1112
100 4 2 1241
100 5 0 1227
100 5 1 1236
100 5 2 1216
100 6 0 1133
100 6 1 1249
100 6 2 1113
100 7 0 1257
100 7 1 1252
100 7 2 1239
100 8 0 1207
100 8 1 1244
100 8 2 1207
100 9 0 1250
100 9 1 1172
100 9 2 1150
60 0 3 428
60 0 4 451
60 0 5 415
60 0 6 470
60 0 7 445
60 0 8 473
60 0 9 426
60 0 10 445
60 1 3 401
60 1 4 434
60 1 5 441
60 1 6 446
60 1 7 451
60 1 8 436
60 1 9 441
60 1 10 447
60 2 3 448
60 2 4 446
60 2 5 457
60 2 6 457
60 2 7 468
60 2 8 410
60 2 9 443
60 2 10 435
60 3 3 459
60 3 4 433
60 3 5 432
60 3 6 468
60 3 7 460
60 3 8 424
60 3 9 424
60 3 10 443
60 4 3 362
60 4 4 442
60 4 5 442
60 4 6 413
60 4 7 410
60 4 8 425
60 4 9 454
60 4 10 448
60 5 3 404
60 5 4 440
60 5 5 431
60 5 6 432
60 5 7 413
60 5 8 440
60 5 9 423
60 5 10 437
60 6 3 451
60 6 4 396
60 6 5 447
60 6 6 443
60 6 7 445
60 6 8 450
60 6 9 434
60 6 10 456
60 7 3 361
60 7 4 447
60 7 5 456
60 7 6 444
60 7 7 417
60 7 8 427
60 7 9 453
60 7 10 449
60 8 3 430
60 8 4 418
60 8 5 456
60 8 6 445
60 8 7 410
60 8 8 370
60 8 9 386
60 8 10 458
60 9 3 433
60 9 4 421
60 9 5 463
60 9 6 446
60 9 7 445
60 9 8 428
60 9 9 434
60 9 10 439
80 0 3 773
80 0 4 793
80 0 5 787
80 0 6 768
80 0 7 680
80 0 8 790
80 0 9 729
80 0 10 797
80 1 3 779
80 1 4 719
80 1 5 801
80 1 6 778
80 1 7 771
80 1 8 785
80 1 9 785
80 1 10 676
80 2 3 782
80 2 4 769
80 2 5 800
80 2 6 650
80 2 7 791
80 2 8 766
80 2 9 792
80 2 10 779
80 3 3 626
80 3 4 785
80 3 5 803
80 3 6 803
80 3 7 798
80 3 8 680
80 3 9 808
80 3 10 744
80 4 3 789
80 4 4 797
80 4 5 771
80 4 6 799
80 4 7 791
80 4 8 801
80 4 9 819
80 4 10 806
80 5 3 830
80 5 4 758
80 5 5 790
80 5 6 769
80 5 7 803
80 5 8 798
80 5 9 775
80 5 10 780
80 6 3 740
80 6 4 761
80 6 5 764
80 6 6 794
80 6 7 784
80 6 8 779
80 6 9 784
80 6 10 795
80 7 3 765
80 7 4 795
80 7 5 794
80 7 6 797
80 7 7 805
80 7 8 799
80 7 9 774
80 7 10 737
80 8 3 796
80 8 4 791
80 8 5 782
80 8 6 755
80 8 7 756
80 8 8 792
80 8 9 769
80 8 10 828
80 9 3 769
80 9 4 776
80 9 5 794
80 9 6 789
80 9 7 734
80 9 8 809
80 9 9 788
80 9 10 768
100 0 3 1234
100 0 4 1232
100 0 5 1152
100 0 6 1154
100 0 7 1279
100 0 8 1245
100 0 9 1242
100 0 10 1234
100 1 3 1218
100 1 4 1257
100 1 5 1167
100 1 6 1259
100 1 7 1243
100 1 8 1170
100 1 9 1249
100 1 10 1197
100 2 3 1231
100 2 4 1213
100 2 5 1172
100 2 6 1201
100 2 7 1224
100 2 8 1249
100 2 9 1239
100 2 10 1224
100 3 3 1230
100 3 4 1267
100 3 5 1228
100 3 6 1244
100 3 7 1175
100 3 8 1252
100 3 9 1216
100 3 10 1210
100 4 3 1228
100 4 4 1229
100 4 5 1232
100 4 6 1244
100 4 7 1221
100 4 8 1235
100 4 9 1240
100 4 10 1192
100 5 3 1227
100 5 4 1196
100 5 5 1219
100 5 6 1185
100 5 7 1253
100 5 8 1260
100 5 9 1262
100 5 10 1158
100 6 3 1254
100 6 4 1200
100 6 5 1229
100 6 6 1241
100 6 7 1224
100 6 8 1252
100 6 9 1207
100 6 10 1225
100 7 3 1115
100 7 4 1234
100 7 5 1221
100 7 6 1242
100 7 7 1271
100 7 8 1240
100 7 9 1240
100 7 10 1252
100 8 3 1094
100 8 4 1257
100 8 5 1232
100 8 6 1240
100 8 7 1254
100 8 8 1247
100 8 9 1255
100 8 10 1250
100 9 3 1235
100 9 4 1186
100 9 5 1252
100 9 6 1241
100 9 7 1217
100 9 8 1227
100 9 9 1220
100 9 10 1204
