60 0 0 443
60 0 1 444
60 0 2 422
60 1 0 470
60 1 1 451
60 1 2 433
60 2 0 416
60 2 1 449
60 2 2 428
60 3 0 422
60 3 1 436
60 3 2 431
60 4 0 397
60 4 1 450
60 4 2 439
60 5 0 428
60 5 1 419
60 5 2 420
60 6 0 467
60 6 1 441
60 6 2 420
60 7 0 425
60 7 1 434
60 7 2 417
60 8 0 464
60 8 1 447
60 8 2 451
60 9 0 434
60 9 1 462
60 9 2 445
80 0 0 786
80 0 1 804
80 0 2 795
80 1 0 805
80 1 1 751
80 1 2 806
80 2 0 742
80 2 1 733
80 2 2 801
80 3 0 803
80 3 1 793
80 3 2 785
80 4 0 777
80 4 1 777
80 4 2 811
80 5 0 778
80 5 1 781
80 5 2 696
80 6 0 805
80 6 1 780
80 6 2 746
80 7 0 728
80 7 1 790
80 7 2 794
80 8 0 773
80 8 1 782
80 8 2 801
80 9 0 777
80 9 1 768
80 9 2 813
100 0 0 1181
100 0 1 1234
100 0 2 1235
100 1 0 1231
100 1 1 1222
100 1 2 1211
100 2 0 1096
100 2 1 1247
100 2 2 1252
100 3 0 1231
100 3 1 1237
100 3 2 1224
100 4 0 1238
100 4 1 1252
100 4 2 1248
100 5 0 1241
100 5 1 1237
100 5 2 1236
100 6 0 1176
100 6 1 1230
100 6 2 1262
100 7 0 1249
100 7 1 1233
100 7 2 1251
100 8 0 1271
100 8 1 1245
100 8 2 1201
100 9 0 1170
100 9 1 1222
100 9 2 1270
60 0 3 433
60 0 4 456
60 0 5 438
60 0 6 376
60 0 7 398
60 0 8 418
60 0 9 460
60 0 10 441
60 1 3 428
60 1 4 452
60 1 5 450
60 1 6 435
60 1 7 451
60 1 8 424
60 1 9 435
60 1 10 440
60 2 3 438
60 2 4 414
60 2 5 433
60 2 6 452
60 2 7 436
60 2 8 427
60 2 9 452
60 2 10 446
60 3 3 407
60 3 4 449
60 3 5 440
60 3 6 428
60 3 7 435
60 3 8 452
60 3 9 429
60 3 10 457
60 4 3 445
60 4 4 427
60 4 5 400
60 4 6 402
60 4 7 436
60 4 8 453
60 4 9 452
60 4 10 417
60 5 3 431
60 5 4 441
60 5 5 436
60 5 6 446
60 5 7 435
60 5 8 438
60 5 9 457
60 5 10 444
60 6 3 435
60 6 4 439
60 6 5 454
60 6 6 447
60 6 7 436
60 6 8 406
60 6 9 453
60 6 10 456
60 7 3 450
60 7 4 425
60 7 5 434
60 7 6 434
60 7 7 391
60 7 8 434
60 7 9 450
60 7 10 448
60 8 3 426
60 8 4 420
60 8 5 449
60 8 6 420
60 8 7 422
60 8 8 397
60 8 9 439
60 8 10 423
60 9 3 445
60 9 4 442
60 9 5 435
60 9 6 445
60 9 7 435
60 9 8 443
60 9 9 451
60 9 10 436
80 0 3 797
80 0 4 809
80 0 5 788
80 0 6 793
80 0 7 762
80 0 8 761
80 0 9 784
80 0 10 780
80 1 3 809
80 1 4 794
80 1 5 790
80 1 6 785
80 1 7 786
80 1 8 773
80 1 9 796
80 1 10 802
80 2 3 802
80 2 4 772
80 2 5 760
80 2 6 734
80 2 7 768
80 2 8 767
80 2 9 798
80 2 10 806
80 3 3 805
80 3 4 802
80 3 5 815
80 3 6 830
80 3 7 787
80 3 8 818
80 3 9 783
80 3 10 746
80 4 3 811
80 4 4 759
80 4 5 759
80 4 6 789
80 4 7 795
80 4 8 777
80 4 9 764
80 4 10 802
80 5 3 789
80 5 4 766
80 5 5 757
80 5 6 777
80 5 7 815
80 5 8 790
80 5 9 669
80 5 10 795
80 6 3 733
80 6 4 770
80 6 5 718
80 6 6 780
80 6 7 796
80 6 8 807
80 6 9 761
80 6 10 801
80 7 3 793
80 7 4 693
80 7 5 815
80 7 6 789
80 7 7 794
80 7 8 738
80 7 9 803
80 7 10 789
80 8 3 754
80 8 4 804
80 8 5 786
80 8 6 799
80 8 7 726
80 8 8 784
80 8 9 801
80 8 10 828
80 9 3 816
80 9 4 762
80 9 5 804
80 9 6 778
80 9 7 790
80 9 8 793
80 9 9 802
80 9 10 773
100 0 3 1267
100 0 4 1248
100 0 5 1226
100 0 6 1187
100 0 7 1196
100 0 8 1246
100 0 9 1197
100 0 10 1250
100 1 3 1228
100 1 4 1219
100 1 5 1217
100 1 6 1226
100 1 7 1102
100 1 8 1165
100 1 9 1234
100 1 10 1271
100 2 3 1245
100 2 4 1229
100 2 5 1202
100 2 6 1289
100 2 7 1228
100 2 8 1233
100 2 9 1242
100 2 10 1230
100 3 3 1163
100 3 4 1174
100 3 5 1126
100 3 6 1239
100 3 7 1142
100 3 8 1232
100 3 9 1153
100 3 10 1232
100 4 3 1217
100 4 4 1231
100 4 5 1229
100 4 6 1241
100 4 7 1228
100 4 8 1241
100 4 9 1236
100 4 10 1223
100 5 3 1228
100 5 4 1213
100 5 5 1262
100 5 6 1219
100 5 7 1247
100 5 8 1254
100 5 9 1242
100 5 10 1218
100 6 3 1186
100 6 4 1227
100 6 5 1237
100 6 6 1237
100 6 7 1227
100 6 8 1233
100 6 9 1212
100 6 10 1259
100 7 3 1247
100 7 4 1209
100 7 5 1228
100 7 6 1140
100 7 7 1206
100 7 8 1232
100 7 9 1243
100 7 10 1217
100 8 3 1263
100 8 4 1225
100 8 5 1203
100 8 6 1259
100 8 7 1203
100 8 8 1252
100 8 9 1224
100 8 10 1273
100 9 3 1157
100 9 4 1220
100 9 5 1228
100 9 6 1224
100 9 7 1233
100 9 8 1236
100 9 9 1218
100 9 10 1234
