60 0 0 427
60 0 1 445
60 0 2 452
60 1 0 429
60 1 1 435
60 1 2 332
60 2 0 414
60 2 1 448
60 2 2 435
60 3 0 427
60 3 1 462
60 3 2 442
60 4 0 448
60 4 1 451
60 4 2 421
60 5 0 396
60 5 1 452
60 5 2 435
60 6 0 451
60 6 1 447
60 6 2 386
60 7 0 442
60 7 1 425
60 7 2 444
60 8 0 425
60 8 1 418
60 8 2 420
60 9 0 456
60 9 1 412
60 9 2 428
80 0 0 798
80 0 1 769
80 0 2 784
80 1 0 785
80 1 1 788
80 1 2 808
80 2 0 805
80 2 1 795
80 2 2 813
80 3 0 803
80 3 1 789
80 3 2 787
80 4 0 776
80 4 1 792
80 4 2 801
80 5 0 800
80 5 1 720
80 5 2 788
80 6 0 819
80 6 1 798
80 6 2 780
80 7 0 742
80 7 1 781
80 7 2 791
80 8 0 782
80 8 1 800
80 8 2 813
80 9 0 784
80 9 1 738
80 9 2 784
100 0 0 1218
100 0 1 1255
100 0 2 1260
100 1 0 1256
100 1 1 1245
100 1 2 1197
100 2 0 1217
100 2 1 1239
100 2 2 1225
100 3 0 1224
100 3 1 1265
100 3 2 1184
100 4 0 1228
100 4 1 1234
100 4 2 1237
100 5 0 1232
100 5 1 1237
100 5 2 1185
100 6 0 1158
100 6 1 1237
100 6 2 1211
100 7 0 1242
100 7 1 1247
100 7 2 1229
100 8 0 1259
100 8 1 1252
100 8 2 1253
100 9 0 1177
100 9 1 1224
100 9 2 1217
60 0 3 421
60 0 4 447
60 0 5 452
60 0 6 448
60 0 7 427
60 0 8 424
60 0 9 459
60 0 10 412
60 1 3 452
60 1 4 447
60 1 5 439
60 1 6 440
60 1 7 438
60 1 8 424
60 1 9 447
60 1 10 445
60 2 3 422
60 2 4 438
60 2 5 418
60 2 6 428
60 2 7 425
60 2 8 444
60 2 9 395
60 2 10 445
60 3 3 441
60 3 4 413
60 3 5 429
60 3 6 453
60 3 7 422
60 3 8 427
60 3 9 466
60 3 10 459
60 4 3 446
60 4 4 450
60 4 5 421
60 4 6 443
60 4 7 445
60 4 8 405
60 4 9 443
60 4 10 433
60 5 3 439
60 5 4 414
60 5 5 445
60 5 6 442
60 5 7 452
60 5 8 459
60 5 9 382
60 5 10 426
60 6 3 440
60 6 4 431
60 6 5 424
60 6 6 434
60 6 7 434
60 6 8 430
60 6 9 424
60 6 10 438
60 7 3 447
60 7 4 449
60 7 5 425
60 7 6 438
60 7 7 454
60 7 8 441
60 7 9 431
60 7 10 448
60 8 3 459
60 8 4 379
60 8 5 456
60 8 6 463
60 8 7 441
60 8 8 421
60 8 9 350
60 8 10 411
60 9 3 414
60 9 4 448
60 9 5 414
60 9 6 423
60 9 7 450
60 9 8 434
60 9 9 462
60 9 10 437
80 0 3 749
80 0 4 789
80 0 5 786
80 0 6 813
80 0 7 781
80 0 8 798
80 0 9 788
80 0 10 780
80 1 3 785
80 1 4 825
80 1 5 775
80 1 6 759
80 1 7 783
80 1 8 764
80 1 9 724
80 1 10 807
80 2 3 770
80 2 4 782
80 2 5 807
80 2 6 792
80 2 7 793
80 2 8 764
80 2 9 721
80 2 10 812
80 3 3 775
80 3 4 791
80 3 5 811
80 3 6 773
80 3 7 783
80 3 8 779
80 3 9 766
80 3 10 794
80 4 3 780
80 4 4 695
80 4 5 783
80 4 6 744
80 4 7 770
80 4 8 806
80 4 9 767
80 4 10 793
80 5 3 796
80 5 4 806
80 5 5 799
80 5 6 799
80 5 7 832
80 5 8 781
80 5 9 723
80 5 10 750
80 6 3 812
80 6 4 753
80 6 5 803
80 6 6 760
80 6 7 790
80 6 8 767
80 6 9 788
80 6 10 792
80 7 3 806
80 7 4 763
80 7 5 771
80 7 6 729
80 7 7 754
80 7 8 772
80 7 9 775
80 7 10 723
80 8 3 805
80 8 4 787
80 8 5 773
80 8 6 685
80 8 7 789
80 8 8 773
80 8 9 782
80 8 10 799
80 9 3 812
80 9 4 817
80 9 5 806
80 9 6 802
80 9 7 783
80 9 8 784
80 9 9 781
80 9 10 788
100 0 3 1233
100 0 4 1223
100 0 5 1231
100 0 6 1212
100 0 7 1238
100 0 8 1117
100 0 9 1205
100 0 10 1256
100 1 3 1241
100 1 4 1104
100 1 5 1205
100 1 6 1248
100 1 7 1226
100 1 8 1260
100 1 9 1158
100 1 10 1207
100 2 3 1231
100 2 4 1209
100 2 5 1248
100 2 6 1261
100 2 7 1232
100 2 8 1205
100 2 9 1217
100 2 10 1263
100 3 3 1214
100 3 4 1256
100 3 5 1206
100 3 6 1204
100 3 7 1243
100 3 8 1214
100 3 9 1251
100 3 10 1243
100 4 3 1231
100 4 4 1223
100 4 5 1278
100 4 6 1252
100 4 7 1210
100 4 8 1258
100 4 9 1194
100 4 10 1231
100 5 3 1145
100 5 4 1222
100 5 5 1254
100 5 6 1215
100 5 7 1193
100 5 8 1258
100 5 9 1228
100 5 10 1214
100 6 3 1243
100 6 4 1260
100 6 5 1258
100 6 6 1267
100 6 7 1244
100 6 8 1212
100 6 9 1245
100 6 10 1248
100 7 3 1232
100 7 4 1182
100 7 5 1189
100 7 6 1118
100 7 7 1194
100 7 8 1264
100 7 9 1140
100 7 10 1214
100 8 3 1258
100 8 4 1229
100 8 5 1237
100 8 6 1185
100 8 7 1196
100 8 8 1220
100 8 9 1224
100 8 10 1149
100 9 3 1262
100 9 4 1204
100 9 5 1225
100 9 6 1237
100 9 7 1211
100 9 8 1232
100 9 9 1209
100 9 10 1222
