60 0 0 459
60 0 1 449
60 0 2 431
60 1 0 421
60 1 1 442
60 1 2 442
60 2 0 427
60 2 1 447
60 2 2 449
60 3 0 409
60 3 1 435
60 3 2 440
60 4 0 439
60 4 1 461
60 4 2 459
60 5 0 445
60 5 1 442
60 5 2 423
60 6 0 435
60 6 1 429
60 6 2 436
60 7 0 372
60 7 1 449
60 7 2 423
60 8 0 435
60 8 1 419
60 8 2 447
60 9 0 409
60 9 1 445
60 9 2 417
80 0 0 805
80 0 1 796
80 0 2 783
80 1 0 791
80 1 1 763
80 1 2 795
80 2 0 801
80 2 1 772
80 2 2 780
80 3 0 797
80 3 1 822
80 3 2 777
80 4 0 800
80 4 1 769
80 4 2 769
80 5 0 792
80 5 1 785
80 5 2 769
80 6 0 761
80 6 1 772
80 6 2 800
80 7 0 688
80 7 1 780
80 7 2 766
80 8 0 758
80 8 1 773
80 8 2 661
80 9 0 781
80 9 1 762
80 9 2 792
100 0 0 1220
100 0 1 1216
100 0 2 1186
100 1 0 1231
100 1 1 1224
100 1 2 1152
100 2 0 1230
100 2 1 1217
100 2 2 1189
100 3 0 1254
100 3 1 1228
100 3 2 1236
100 4 0 1241
100 4 1 1244
100 4 2 1239
100 5 0 1220
100 5 1 1265
100 5 2 1242
100 6 0 1253
100 6 1 1115
100 6 2 1239
100 7 0 1212
100 7 1 1196
100 7 2 1158
100 8 0 1162
100 8 1 1188
100 8 2 1228
100 9 0 1243
100 9 1 1234
100 9 2 1250
60 0 3 433
60 0 4 427
60 0 5 436
60 0 6 431
60 0 7 406
60 0 8 420
60 0 9 414
60 0 10 454
60 1 3 438
60 1 4 426
60 1 5 437
60 1 6 464
60 1 7 425
60 1 8 447
60 1 9 435
60 1 10 403
60 2 3 458
60 2 4 420
60 2 5 461
60 2 6 437
60 2 7 397
60 2 8 413
60 2 9 450
60 2 10 426
60 3 3 452
60 3 4 456
60 3 5 462
60 3 6 447
60 3 7 405
60 3 8 381
60 3 9 457
60 3 10 437
60 4 3 448
60 4 4 439
60 4 5 452
60 4 6 457
60 4 7 449
60 4 8 379
60 4 9 416
60 4 10 443
60 5 3 447
60 5 4 425
60 5 5 399
60 5 6 443
60 5 7 459
60 5 8 426
60 5 9 437
60 5 10 429
60 6 3 442
60 6 4 421
60 6 5 453
60 6 6 450
60 6 7 434
60 6 8 457
60 6 9 414
60 6 10 438
60 7 3 434
60 7 4 416
60 7 5 421
60 7 6 437
60 7 7 429
60 7 8 452
60 7 9 421
60 7 10 447
60 8 3 421
60 8 4 451
60 8 5 443
60 8 6 425
60 8 7 452
60 8 8 447
60 8 9 411
60 8 10 419
60 9 3 447
60 9 4 413
60 9 5 455
60 9 6 445
60 9 7 433
60 9 8 437
60 9 9 433
60 9 10 435
80 0 3 780
80 0 4 775
80 0 5 750
80 0 6 799
80 0 7 791
80 0 8 778
80 0 9 737
80 0 10 678
80 1 3 750
80 1 4 768
80 1 5 790
80 1 6 694
80 1 7 803
80 1 8 758
80 1 9 796
80 1 10 796
80 2 3 762
80 2 4 747
80 2 5 752
80 2 6 758
80 2 7 791
80 2 8 770
80 2 9 744
80 2 10 834
80 3 3 802
80 3 4 799
80 3 5 765
80 3 6 782
80 3 7 719
80 3 8 787
80 3 9 736
80 3 10 820
80 4 3 779
80 4 4 767
80 4 5 779
80 4 6 782
80 4 7 795
80 4 8 788
80 4 9 792
80 4 10 781
80 5 3 784
80 5 4 717
80 5 5 773
80 5 6 799
80 5 7 785
80 5 8 767
80 5 9 799
80 5 10 776
80 6 3 805
80 6 4 788
80 6 5 792
80 6 6 779
80 6 7 765
80 6 8 790
80 6 9 821
80 6 10 772
80 7 3 795
80 7 4 751
80 7 5 804
80 7 6 803
80 7 7 783
80 7 8 794
80 7 9 813
80 7 10 783
80 8 3 764
80 8 4 789
80 8 5 791
80 8 6 818
80 8 7 773
80 8 8 792
80 8 9 776
80 8 10 796
80 9 3 793
80 9 4 804
80 9 5 746
80 9 6 767
80 9 7 803
80 9 8 797
80 9 9 800
80 9 10 795
100 0 3 1224
100 0 4 1135
100 0 5 1234
100 0 6 1254
100 0 7 1222
100 0 8 1229
100 0 9 1268
100 0 10 1177
100 1 3 1207
100 1 4 1207
100 1 5 1222
100 1 6 1240
100 1 7 1217
100 1 8 1196
100 1 9 1227
100 1 10 1217
100 2 3 1223
100 2 4 1252
100 2 5 1090
100 2 6 1258
100 2 7 1178
100 2 8 1225
100 2 9 1254
100 2 10 1182
100 3 3 1243
100 3 4 1227
100 3 5 1216
100 3 6 1241
100 3 7 1201
100 3 8 1228
100 3 9 1243
100 3 10 1241
100 4 3 1190
100 4 4 1253
100 4 5 1266
100 4 6 1203
100 4 7 1248
100 4 8 1144
100 4 9 1230
100 4 10 1234
100 5 3 1228
100 5 4 1223
100 5 5 1237
100 5 6 1258
100 5 7 1192
100 5 8 1190
100 5 9 1223
100 5 10 1257
100 6 3 1240
100 6 4 1256
100 6 5 1223
100 6 6 1247
100 6 7 1228
100 6 8 1228
100 6 9 1133
100 6 10 1184
100 7 3 1220
100 7 4 1253
100 7 5 1245
100 7 6 1239
100 7 7 1239
100 7 8 1266
100 7 9 1249
100 7 10 1250
100 8 3 1241
100 8 4 1239
100 8 5 1235
100 8 6 1254
100 8 7 1210
100 8 8 1210
100 8 9 1145
100 8 10 1229
100 9 3 1263
100 9 4 1204
100 9 5 1180
100 9 6 1243
100 9 7 1217
100 9 8 1226
100 9 9 1205
100 9 10 1221
