60 0 0 437
60 0 1 455
60 0 2 450
60 1 0 440
60 1 1 428
60 1 2 435
60 2 0 439
60 2 1 452
60 2 2 453
60 3 0 451
60 3 1 414
60 3 2 448
60 4 0 440
60 4 1 384
60 4 2 441
60 5 0 430
60 5 1 460
60 5 2 446
60 6 0 436
60 6 1 412
60 6 2 424
60 7 0 453
60 7 1 432
60 7 2 453
60 8 0 426
60 8 1 410
60 8 2 433
60 9 0 440
60 9 1 435
60 9 2 447
80 0 0 785
80 0 1 779
80 0 2 776
80 1 0 795
80 1 1 800
80 1 2 778
80 2 0 745
80 2 1 787
80 2 2 777
80 3 0 810
80 3 1 768
80 3 2 800
80 4 0 633
80 4 1 802
80 4 2 812
80 5 0 757
80 5 1 795
80 5 2 804
80 6 0 770
80 6 1 813
80 6 2 781
80 7 0 776
80 7 1 798
80 7 2 779
80 8 0 781
80 8 1 750
80 8 2 807
80 9 0 752
80 9 1 800
80 9 2 786
100 0 0 1241
100 0 1 1275
100 0 2 1225
100 1 0 1258
100 1 1 1197
100 1 2 1197
100 2 0 1266
100 2 1 1249
100 2 2 1190
100 3 0 1178
100 3 1 1220
100 3 2 1266
100 4 0 1254
100 4 1 1254
100 4 2 1211
100 5 0 1272
100 5 1 1237
100 5 2 1209
100 6 0 1237
100 6 1 1232
100 6 2 1200
100 7 0 1250
100 7 1 1205
100 7 2 1280
100 8 0 1220
100 8 1 1259
100 8 2 1186
100 9 0 1172
100 9 1 1251
100 9 2 1228
60 0 3 411
60 0 4 450
60 0 5 444
60 0 6 431
60 0 7 380
60 0 8 443
60 0 9 453
60 0 10 444
60 1 3 443
60 1 4 452
60 1 5 455
60 1 6 446
60 1 7 447
60 1 8 443
60 1 9 435
60 1 10 468
60 2 3 434
60 2 4 357
60 2 5 434
60 2 6 451
60 2 7 434
60 2 8 467
60 2 9 447
60 2 10 414
60 3 3 415
60 3 4 393
60 3 5 430
60 3 6 414
60 3 7 430
60 3 8 435
60 3 9 397
60 3 10 353
60 4 3 434
60 4 4 445
60 4 5 443
60 4 6 439
60 4 7 471
60 4 8 412
60 4 9 435
60 4 10 456
60 5 3 465
60 5 4 425
60 5 5 444
60 5 6 403
60 5 7 431
60 5 8 429
60 5 9 453
60 5 10 418
60 6 3 417
60 6 4 433
60 6 5 426
60 6 6 435
60 6 7 418
60 6 8 458
60 6 9 439
60 6 10 432
60 7 3 451
60 7 4 431
60 7 5 432
60 7 6 441
60 7 7 436
60 7 8 417
60 7 9 423
60 7 10 434
60 8 3 437
60 8 4 429
60 8 5 425
60 8 6 399
60 8 7 433
60 8 8 404
60 8 9 435
60 8 10 448
60 9 3 433
60 9 4 429
60 9 5 436
60 9 6 448
60 9 7 455
60 9 8 446
60 9 9 463
60 9 10 425
80 0 3 783
80 0 4 764
80 0 5 757
80 0 6 768
80 0 7 772
80 0 8 791
80 0 9 794
80 0 10 802
80 1 3 795
80 1 4 794
80 1 5 779
80 1 6 808
80 1 7 800
80 1 8 791
80 1 9 790
80 1 10 814
80 2 3 795
80 2 4 786
80 2 5 760
80 2 6 771
80 2 7 798
80 2 8 793
80 2 9 798
80 2 10 788
80 3 3 803
80 3 4 811
80 3 5 805
80 3 6 798
80 3 7 783
80 3 8 805
80 3 9 798
80 3 10 770
80 4 3 796
80 4 4 798
80 4 5 804
80 4 6 733
80 4 7 791
80 4 8 776
80 4 9 798
80 4 10 792
80 5 3 716
80 5 4 795
80 5 5 817
80 5 6 798
80 5 7 709
80 5 8 819
80 5 9 765
80 5 10 686
80 6 3 802
80 6 4 790
80 6 5 770
80 6 6 804
80 6 7 797
80 6 8 788
80 6 9 739
80 6 10 775
80 7 3 775
80 7 4 791
80 7 5 742
80 7 6 794
80 7 7 805
80 7 8 772
80 7 9 771
80 7 10 803
80 8 3 717
80 8 4 774
80 8 5 800
80 8 6 800
80 8 7 815
80 8 8 732
80 8 9 782
80 8 10 777
80 9 3 795
80 9 4 777
80 9 5 806
80 9 6 781
80 9 7 782
80 9 8 781
80 9 9 792
80 9 10 732
100 0 3 1235
100 0 4 1226
100 0 5 1230
100 0 6 1217
100 0 7 1250
100 0 8 1203
100 0 9 1221
100 0 10 1240
100 1 3 1265
100 1 4 1264
100 1 5 1214
100 1 6 1272
100 1 7 1256
100 1 8 1224
100 1 9 1207
100 1 10 1205
100 2 3 1209
100 2 4 1198
100 2 5 1084
100 2 6 1223
100 2 7 1219
100 2 8 1217
100 2 9 1232
100 2 10 1226
100 3 3 1266
100 3 4 1205
100 3 5 1272
100 3 6 1242
100 3 7 1138
100 3 8 1235
100 3 9 1238
100 3 10 1168
100 4 3 1239
100 4 4 1221
100 4 5 1221
100 4 6 1253
100 4 7 1227
100 4 8 1257
100 4 9 1224
100 4 10 1240
100 5 3 1230
100 5 4 1160
100 5 5 1214
100 5 6 1255
100 5 7 1224
100 5 8 1215
100 5 9 1248
100 5 10 1227
100 6 3 1246
100 6 4 1177
100 6 5 1249
100 6 6 1255
100 6 7 1247
100 6 8 1170
100 6 9 1222
100 6 10 1221
100 7 3 1192
100 7 4 1243
100 7 5 1189
100 7 6 1275
100 7 7 1282
100 7 8 1240
100 7 9 1231
100 7 10 1202
100 8 3 1228
100 8 4 1218
100 8 5 1215
100 8 6 1241
100 8 7 1214
100 8 8 1247
100 8 9 1232
100 8 10 1209
100 9 3 1243
100 9 4 1242
100 9 5 1254
100 9 6 1218
100 9 7 1232
100 9 8 1263
100 9 9 1240
100 9 10 1227
