60 0 0 31
60 0 1 354
60 0 2 317
60 0 3 61
60 0 4 253
60 0 5 295
60 0 6 295
60 0 7 340
60 0 8 59
60 0 9 340
60 1 0 428
60 1 1 59
60 1 2 259
60 1 3 128
60 1 4 370
60 1 5 286
60 1 6 32
60 1 7 92
60 1 8 417
60 1 9 268
60 2 0 0
60 2 1 383
60 2 2 378
60 2 3 360
60 2 4 428
60 2 5 0
60 2 6 371
60 2 7 88
60 2 8 324
60 2 9 305
60 3 0 442
60 3 1 415
60 3 2 81
60 3 3 81
60 3 4 83
60 3 5 83
60 3 6 55
60 3 7 421
60 3 8 335
60 3 9 442
60 4 0 393
60 4 1 332
60 4 2 441
60 4 3 0
60 4 4 370
60 4 5 88
60 4 6 302
60 4 7 241
60 4 8 386
60 4 9 332
60 5 0 293
60 5 1 362
60 5 2 439
60 5 3 436
60 5 4 29
60 5 5 156
60 5 6 163
60 5 7 156
60 5 8 184
60 5 9 135
60 6 0 197
60 6 1 281
60 6 2 240
60 6 3 62
60 6 4 117
60 6 5 88
60 6 6 165
60 6 7 165
60 6 8 88
60 6 9 117
60 7 0 436
60 7 1 384
60 7 2 88
60 7 3 243
60 7 4 243
60 7 5 320
60 7 6 276
60 7 7 243
60 7 8 243
60 7 9 276
60 8 0 24
60 8 1 35
60 8 2 228
60 8 3 381
60 8 4 228
60 8 5 228
60 8 6 217
60 8 7 228
60 8 8 67
60 8 9 230
60 9 0 165
60 9 1 272
60 9 2 253
60 9 3 289
60 9 4 66
60 9 5 330
60 9 6 189
60 9 7 137
60 9 8 186
60 9 9 66
80 0 0 384
80 0 1 0
80 0 2 436
80 0 3 414
80 0 4 244
80 0 5 781
80 0 6 781
80 0 7 79
80 0 8 0
80 0 9 764
80 1 0 34
80 1 1 655
80 1 2 669
80 1 3 336
80 1 4 0
80 1 5 0
80 1 6 103
80 1 7 34
80 1 8 605
80 1 9 588
80 2 0 772
80 2 1 349
80 2 2 572
80 2 3 592
80 2 4 509
80 2 5 316
80 2 6 754
80 2 7 82
80 2 8 316
80 2 9 680
80 3 0 369
80 3 1 122
80 3 2 519
80 3 3 564
80 3 4 369
80 3 5 499
80 3 6 788
80 3 7 369
80 3 8 81
80 3 9 437
80 4 0 431
80 4 1 79
80 4 2 0
80 4 3 636
80 4 4 356
80 4 5 460
80 4 6 44
80 4 7 678
80 4 8 718
80 4 9 770
80 5 0 613
80 5 1 507
80 5 2 181
80 5 3 352
80 5 4 112
80 5 5 309
80 5 6 357
80 5 7 76
80 5 8 309
80 5 9 392
80 6 0 549
80 6 1 81
80 6 2 761
80 6 3 438
80 6 4 300
80 6 5 260
80 6 6 85
80 6 7 266
80 6 8 331
80 6 9 739
80 7 0 691
80 7 1 37
80 7 2 37
80 7 3 581
80 7 4 39
80 7 5 398
80 7 6 680
80 7 7 757
80 7 8 37
80 7 9 283
80 8 0 0
80 8 1 694
80 8 2 377
80 8 3 401
80 8 4 80
80 8 5 250
80 8 6 401
80 8 7 0
80 8 8 310
80 8 9 310
80 9 0 217
80 9 1 283
80 9 2 710
80 9 3 364
80 9 4 285
80 9 5 283
80 9 6 287
80 9 7 555
80 9 8 217
80 9 9 313
100 0 0 437
100 0 1 1267
100 0 2 1243
100 0 3 395
100 0 4 477
100 0 5 272
100 0 6 589
100 0 7 272
100 0 8 701
100 0 9 993
100 1 0 727
100 1 1 864
100 1 2 816
100 1 3 404
100 1 4 614
100 1 5 318
100 1 6 95
100 1 7 52
100 1 8 363
100 1 9 1016
100 2 0 990
100 2 1 974
100 2 2 0
100 2 3 1152
100 2 4 605
100 2 5 347
100 2 6 811
100 2 7 1171
100 2 8 1210
100 2 9 1023
100 3 0 445
100 3 1 893
100 3 2 95
100 3 3 1093
100 3 4 585
100 3 5 368
100 3 6 996
100 3 7 556
100 3 8 477
100 3 9 556
100 4 0 34
100 4 1 1212
100 4 2 809
100 4 3 1225
100 4 4 818
100 4 5 1233
100 4 6 1233
100 4 7 1102
100 4 8 1221
100 4 9 48
100 5 0 955
100 5 1 579
100 5 2 1124
100 5 3 572
100 5 4 1024
100 5 5 949
100 5 6 800
100 5 7 747
100 5 8 108
100 5 9 1257
100 6 0 286
100 6 1 501
100 6 2 325
100 6 3 377
100 6 4 377
100 6 5 325
100 6 6 325
100 6 7 685
100 6 8 501
100 6 9 325
100 7 0 579
100 7 1 310
100 7 2 729
100 7 3 619
100 7 4 587
100 7 5 547
100 7 6 1026
100 7 7 787
100 7 8 508
100 7 9 1116
100 8 0 430
100 8 1 599
100 8 2 940
100 8 3 334
100 8 4 476
100 8 5 906
100 8 6 1132
100 8 7 430
100 8 8 294
100 8 9 874
100 9 0 58
100 9 1 1195
100 9 2 650
100 9 3 1148
100 9 4 329
100 9 5 993
100 9 6 58
100 9 7 1235
100 9 8 1124
100 9 9 752
