60 0 0 429
60 0 1 299
60 0 2 444
60 1 0 427
60 1 1 442
60 1 2 434
60 2 0 375
60 2 1 356
60 2 2 125
60 3 0 402
60 3 1 289
60 3 2 460
60 4 0 418
60 4 1 443
60 4 2 417
60 5 0 440
60 5 1 302
60 5 2 440
60 6 0 395
60 6 1 389
60 6 2 424
60 7 0 443
60 7 1 436
60 7 2 396
60 8 0 457
60 8 1 423
60 8 2 328
60 9 0 392
60 9 1 426
60 9 2 417
80 0 0 801
80 0 1 770
80 0 2 719
80 1 0 626
80 1 1 703
80 1 2 707
80 2 0 767
80 2 1 801
80 2 2 650
80 3 0 796
80 3 1 768
80 3 2 741
80 4 0 727
80 4 1 719
80 4 2 731
80 5 0 689
80 5 1 792
80 5 2 775
80 6 0 729
80 6 1 793
80 6 2 770
80 7 0 483
80 7 1 783
80 7 2 657
80 8 0 781
80 8 1 706
80 8 2 799
80 9 0 677
80 9 1 578
80 9 2 790
100 0 0 1147
100 0 1 1182
100 0 2 1197
100 1 0 1238
100 1 1 1203
100 1 2 1151
100 2 0 1057
100 2 1 1137
100 2 2 1237
100 3 0 1146
100 3 1 1126
100 3 2 1251
100 4 0 1230
100 4 1 962
100 4 2 903
100 5 0 1214
100 5 1 1247
100 5 2 1223
100 6 0 1198
100 6 1 1220
100 6 2 1078
100 7 0 1074
100 7 1 1235
100 7 2 1203
100 8 0 1204
100 8 1 1277
100 8 2 1188
100 9 0 1171
100 9 1 1136
100 9 2 1232
60 0 3 439
60 0 4 422
60 0 5 450
60 0 6 351
60 0 7 421
60 0 8 443
60 0 9 282
60 0 10 387
60 1 3 223
60 1 4 448
60 1 5 436
60 1 6 388
60 1 7 431
60 1 8 403
60 1 9 449
60 1 10 404
60 2 3 436
60 2 4 412
60 2 5 449
60 2 6 435
60 2 7 397
60 2 8 448
60 2 9 442
60 2 10 414
60 3 3 443
60 3 4 408
60 3 5 436
60 3 6 262
60 3 7 431
60 3 8 446
60 3 9 394
60 3 10 407
60 4 3 440
60 4 4 400
60 4 5 385
60 4 6 445
60 4 7 429
60 4 8 251
60 4 9 420
60 4 10 342
60 5 3 392
60 5 4 362
60 5 5 441
60 5 6 387
60 5 7 446
60 5 8 442
60 5 9 364
60 5 10 431
60 6 3 411
60 6 4 460
60 6 5 438
60 6 6 370
60 6 7 458
60 6 8 411
60 6 9 443
60 6 10 435
60 7 3 417
60 7 4 440
60 7 5 406
60 7 6 449
60 7 7 437
60 7 8 347
60 7 9 373
60 7 10 432
60 8 3 451
60 8 4 380
60 8 5 421
60 8 6 404
60 8 7 430
60 8 8 461
60 8 9 308
60 8 10 415
60 9 3 435
60 9 4 426
60 9 5 459
60 9 6 296
60 9 7 359
60 9 8 446
60 9 9 436
60 9 10 418
80 0 3 744
80 0 4 592
80 0 5 780
80 0 6 810
80 0 7 783
80 0 8 764
80 0 9 635
80 0 10 773
80 1 3 777
80 1 4 730
80 1 5 707
80 1 6 749
80 1 7 795
80 1 8 756
80 1 9 664
80 1 10 783
80 2 3 773
80 2 4 773
80 2 5 790
80 2 6 782
80 2 7 766
80 2 8 736
80 2 9 645
80 2 10 745
80 3 3 762
80 3 4 629
80 3 5 742
80 3 6 722
80 3 7 766
80 3 8 778
80 3 9 756
80 3 10 780
80 4 3 711
80 4 4 772
80 4 5 695
80 4 6 789
80 4 7 748
80 4 8 777
80 4 9 687
80 4 10 768
80 5 3 758
80 5 4 731
80 5 5 776
80 5 6 743
80 5 7 624
80 5 8 569
80 5 9 731
80 5 10 750
80 6 3 745
80 6 4 776
80 6 5 771
80 6 6 668
80 6 7 745
80 6 8 782
80 6 9 784
80 6 10 740
80 7 3 773
80 7 4 753
80 7 5 791
80 7 6 729
80 7 7 785
80 7 8 770
80 7 9 824
80 7 10 733
80 8 3 803
80 8 4 766
80 8 5 780
80 8 6 805
80 8 7 697
80 8 8 730
80 8 9 771
80 8 10 774
80 9 3 741
80 9 4 780
80 9 5 731
80 9 6 733
80 9 7 803
80 9 8 790
80 9 9 813
80 9 10 776
100 0 3 1175
100 0 4 1094
100 0 5 928
100 0 6 1192
100 0 7 1210
100 0 8 1146
100 0 9 1228
100 0 10 1239
100 1 3 1094
100 1 4 1231
100 1 5 1217
100 1 6 1030
100 1 7 1215
100 1 8 1127
100 1 9 1115
100 1 10 1087
100 2 3 1226
100 2 4 1058
100 2 5 1102
100 2 6 1233
100 2 7 1233
100 2 8 1231
100 2 9 1228
100 2 10 1152
100 3 3 1227
100 3 4 1142
100 3 5 1209
100 3 6 1132
100 3 7 1036
100 3 8 1267
100 3 9 1222
100 3 10 1159
100 4 3 1152
100 4 4 1169
100 4 5 1231
100 4 6 1226
100 4 7 1248
100 4 8 1185
100 4 9 1169
100 4 10 1231
100 5 3 1113
100 5 4 1233
100 5 5 1171
100 5 6 1156
100 5 7 1249
100 5 8 1263
100 5 9 1069
100 5 10 1064
100 6 3 1202
100 6 4 1259
100 6 5 1229
100 6 6 947
100 6 7 1227
100 6 8 1202
100 6 9 1142
100 6 10 1221
100 7 3 1188
100 7 4 1224
100 7 5 1214
100 7 6 1157
100 7 7 1265
100 7 8 1214
100 7 9 1038
100 7 10 1236
100 8 3 1218
100 8 4 868
100 8 5 1248
100 8 6 963
100 8 7 1226
100 8 8 1209
100 8 9 1181
100 8 10 1224
100 9 3 898
100 9 4 1221
100 9 5 1200
100 9 6 1162
100 9 7 988
100 9 8 920
100 9 9 1233
100 9 10 1234
