60 0 0 237
60 0 1 409
60 0 2 443
60 1 0 461
60 1 1 408
60 1 2 352
60 2 0 423
60 2 1 457
60 2 2 424
60 3 0 435
60 3 1 414
60 3 2 450
60 4 0 413
60 4 1 450
60 4 2 427
60 5 0 373
60 5 1 422
60 5 2 412
60 6 0 438
60 6 1 451
60 6 2 431
60 7 0 345
60 7 1 356
60 7 2 446
60 8 0 415
60 8 1 349
60 8 2 422
60 9 0 428
60 9 1 431
60 9 2 451
80 0 0 773
80 0 1 563
80 0 2 772
80 1 0 766
80 1 1 780
80 1 2 746
80 2 0 773
80 2 1 782
80 2 2 705
80 3 0 759
80 3 1 761
80 3 2 794
80 4 0 744
80 4 1 764
80 4 2 777
80 5 0 788
80 5 1 747
80 5 2 792
80 6 0 784
80 6 1 781
80 6 2 796
80 7 0 737
80 7 1 754
80 7 2 785
80 8 0 664
80 8 1 787
80 8 2 797
80 9 0 766
80 9 1 573
80 9 2 813
100 0 0 1239
100 0 1 1232
100 0 2 1121
100 1 0 1230
100 1 1 1250
100 1 2 1256
100 2 0 1203
100 2 1 1166
100 2 2 1225
100 3 0 1221
100 3 1 1087
100 3 2 1181
100 4 0 1170
100 4 1 1220
100 4 2 1230
100 5 0 1240
100 5 1 1257
100 5 2 1134
100 6 0 1225
100 6 1 1138
100 6 2 1228
100 7 0 1275
100 7 1 1236
100 7 2 1230
100 8 0 1221
100 8 1 1257
100 8 2 1155
100 9 0 1230
100 9 1 1164
100 9 2 1189
60 0 3 359
60 0 4 320
60 0 5 412
60 0 6 414
60 0 7 463
60 0 8 452
60 0 9 434
60 0 10 450
60 1 3 450
60 1 4 421
60 1 5 441
60 1 6 426
60 1 7 425
60 1 8 419
60 1 9 279
60 1 10 441
60 2 3 422
60 2 4 466
60 2 5 431
60 2 6 460
60 2 7 450
60 2 8 430
60 2 9 400
60 2 10 307
60 3 3 377
60 3 4 405
60 3 5 446
60 3 6 370
60 3 7 440
60 3 8 437
60 3 9 453
60 3 10 408
60 4 3 333
60 4 4 365
60 4 5 428
60 4 6 445
60 4 7 431
60 4 8 434
60 4 9 449
60 4 10 283
60 5 3 438
60 5 4 439
60 5 5 420
60 5 6 372
60 5 7 443
60 5 8 464
60 5 9 394
60 5 10 401
60 6 3 432
60 6 4 437
60 6 5 450
60 6 6 439
60 6 7 447
60 6 8 420
60 6 9 398
60 6 10 441
60 7 3 429
60 7 4 403
60 7 5 390
60 7 6 405
60 7 7 326
60 7 8 441
60 7 9 436
60 7 10 418
60 8 3 450
60 8 4 448
60 8 5 429
60 8 6 442
60 8 7 420
60 8 8 443
60 8 9 446
60 8 10 373
60 9 3 444
60 9 4 436
60 9 5 429
60 9 6 441
60 9 7 404
60 9 8 452
60 9 9 438
60 9 10 435
80 0 3 769
80 0 4 688
80 0 5 784
80 0 6 605
80 0 7 720
80 0 8 765
80 0 9 777
80 0 10 801
80 1 3 762
80 1 4 787
80 1 5 779
80 1 6 785
80 1 7 748
80 1 8 685
80 1 9 785
80 1 10 814
80 2 3 783
80 2 4 819
80 2 5 695
80 2 6 812
80 2 7 785
80 2 8 730
80 2 9 775
80 2 10 787
80 3 3 782
80 3 4 799
80 3 5 819
80 3 6 720
80 3 7 793
80 3 8 762
80 3 9 770
80 3 10 798
80 4 3 788
80 4 4 783
80 4 5 712
80 4 6 728
80 4 7 780
80 4 8 763
80 4 9 703
80 4 10 749
80 5 3 682
80 5 4 766
80 5 5 799
80 5 6 730
80 5 7 808
80 5 8 794
80 5 9 712
80 5 10 625
80 6 3 664
80 6 4 734
80 6 5 722
80 6 6 749
80 6 7 764
80 6 8 782
80 6 9 610
80 6 10 657
80 7 3 745
80 7 4 795
80 7 5 799
80 7 6 743
80 7 7 700
80 7 8 725
80 7 9 796
80 7 10 796
80 8 3 721
80 8 4 772
80 8 5 771
80 8 6 762
80 8 7 738
80 8 8 796
80 8 9 802
80 8 10 769
80 9 3 794
80 9 4 752
80 9 5 781
80 9 6 775
80 9 7 785
80 9 8 743
80 9 9 796
80 9 10 562
100 0 3 1218
100 0 4 1168
100 0 5 1199
100 0 6 1224
100 0 7 1223
100 0 8 1229
100 0 9 1194
100 0 10 1252
100 1 3 1050
100 1 4 1219
100 1 5 1052
100 1 6 1181
100 1 7 1195
100 1 8 1200
100 1 9 1242
100 1 10 1230
100 2 3 1245
100 2 4 920
100 2 5 1158
100 2 6 1211
100 2 7 1227
100 2 8 1090
100 2 9 1183
100 2 10 1224
100 3 3 1233
100 3 4 1119
100 3 5 1258
100 3 6 1216
100 3 7 1215
100 3 8 1181
100 3 9 1256
100 3 10 1245
100 4 3 1147
100 4 4 1208
100 4 5 1237
100 4 6 1280
100 4 7 1194
100 4 8 1157
100 4 9 1195
100 4 10 1204
100 5 3 1160
100 5 4 1203
100 5 5 1076
100 5 6 1265
100 5 7 1196
100 5 8 1273
100 5 9 1209
100 5 10 1239
100 6 3 1170
100 6 4 1193
100 6 5 1217
100 6 6 1186
100 6 7 1220
100 6 8 1176
100 6 9 1235
100 6 10 1231
100 7 3 1229
100 7 4 1187
100 7 5 1100
100 7 6 1218
100 7 7 1179
100 7 8 1271
100 7 9 1069
100 7 10 1200
100 8 3 1207
100 8 4 1226
100 8 5 1186
100 8 6 1173
100 8 7 1199
100 8 8 1167
100 8 9 1138
100 8 10 1213
100 9 3 1226
100 9 4 1214
100 9 5 1222
100 9 6 1226
100 9 7 1267
100 9 8 986
100 9 9 1222
100 9 10 1273
