60 0 0 190
60 0 1 124
60 0 2 65
60 0 3 210
60 0 4 94
60 0 5 94
60 0 6 94
60 0 7 94
60 0 8 67
60 0 9 94
60 1 0 149
60 1 1 121
60 1 2 105
60 1 3 89
60 1 4 162
60 1 5 119
60 1 6 162
60 1 7 112
60 1 8 119
60 1 9 121
60 2 0 170
60 2 1 88
60 2 2 88
60 2 3 88
60 2 4 88
60 2 5 118
60 2 6 88
60 2 7 30
60 2 8 88
60 2 9 88
60 3 0 161
60 3 1 160
60 3 2 138
60 3 3 214
60 3 4 230
60 3 5 216
60 3 6 81
60 3 7 135
60 3 8 106
60 3 9 161
60 4 0 114
60 4 1 88
60 4 2 88
60 4 3 114
60 4 4 114
60 4 5 34
60 4 6 88
60 4 7 88
60 4 8 88
60 4 9 88
60 5 0 89
60 5 1 103
60 5 2 127
60 5 3 157
60 5 4 172
60 5 5 90
60 5 6 63
60 5 7 90
60 5 8 118
60 5 9 63
60 6 0 62
60 6 1 62
60 6 2 62
60 6 3 27
60 6 4 62
60 6 5 62
60 6 6 62
60 6 7 62
60 6 8 62
60 6 9 62
60 7 0 88
60 7 1 88
60 7 2 35
60 7 3 88
60 7 4 88
60 7 5 88
60 7 6 88
60 7 7 88
60 7 8 88
60 7 9 88
60 8 0 161
60 8 1 35
60 8 2 89
60 8 3 84
60 8 4 89
60 8 5 89
60 8 6 56
60 8 7 89
60 8 8 35
60 8 9 67
60 9 0 85
60 9 1 94
60 9 2 117
60 9 3 117
60 9 4 66
60 9 5 94
60 9 6 66
60 9 7 66
60 9 8 87
60 9 9 107
80 0 0 79
80 0 1 209
80 0 2 79
80 0 3 79
80 0 4 79
80 0 5 180
80 0 6 180
80 0 7 38
80 0 8 267
80 0 9 180
80 1 0 218
80 1 1 104
80 1 2 138
80 1 3 104
80 1 4 217
80 1 5 217
80 1 6 70
80 1 7 246
80 1 8 183
80 1 9 138
80 2 0 193
80 2 1 120
80 2 2 123
80 2 3 120
80 2 4 165
80 2 5 120
80 2 6 198
80 2 7 226
80 2 8 120
80 2 9 219
80 3 0 157
80 3 1 81
80 3 2 157
80 3 3 157
80 3 4 157
80 3 5 121
80 3 6 150
80 3 7 157
80 3 8 137
80 3 9 121
80 4 0 152
80 4 1 503
80 4 2 255
80 4 3 185
80 4 4 162
80 4 5 152
80 4 6 215
80 4 7 110
80 4 8 181
80 4 9 230
80 5 0 217
80 5 1 183
80 5 2 109
80 5 3 213
80 5 4 112
80 5 5 147
80 5 6 140
80 5 7 110
80 5 8 147
80 5 9 147
80 6 0 199
80 6 1 81
80 6 2 199
80 6 3 160
80 6 4 126
80 6 5 85
80 6 6 40
80 6 7 126
80 6 8 126
80 6 9 199
80 7 0 155
80 7 1 216
80 7 2 398
80 7 3 155
80 7 4 339
80 7 5 122
80 7 6 155
80 7 7 155
80 7 8 216
80 7 9 120
80 8 0 250
80 8 1 173
80 8 2 80
80 8 3 80
80 8 4 40
80 8 5 80
80 8 6 80
80 8 7 250
80 8 8 80
80 8 9 80
80 9 0 64
80 9 1 98
80 9 2 179
80 9 3 102
80 9 4 136
80 9 5 98
80 9 6 102
80 9 7 179
80 9 8 64
80 9 9 102
100 0 0 89
100 0 1 319
100 0 2 273
100 0 3 89
100 0 4 184
100 0 5 89
100 0 6 135
100 0 7 89
100 0 8 183
100 0 9 232
100 1 0 235
100 1 1 188
100 1 2 227
100 1 3 237
100 1 4 227
100 1 5 184
100 1 6 755
100 1 7 1144
100 1 8 184
100 1 9 277
100 2 0 152
100 2 1 152
100 2 2 314
100 2 3 198
100 2 4 152
100 2 5 237
100 2 6 152
100 2 7 198
100 2 8 152
100 2 9 152
100 3 0 141
100 3 1 187
100 3 2 193
100 3 3 236
100 3 4 187
100 3 5 141
100 3 6 186
100 3 7 141
100 3 8 236
100 3 9 141
100 4 0 323
100 4 1 239
100 4 2 241
100 4 3 239
100 4 4 196
100 4 5 236
100 4 6 241
100 4 7 241
100 4 8 241
100 4 9 369
100 5 0 113
100 5 1 165
100 5 2 152
100 5 3 113
100 5 4 165
100 5 5 169
100 5 6 165
100 5 7 169
100 5 8 289
100 5 9 348
100 6 0 100
100 6 1 100
100 6 2 100
100 6 3 100
100 6 4 100
100 6 5 100
100 6 6 100
100 6 7 235
100 6 8 100
100 6 9 100
100 7 0 98
100 7 1 98
100 7 2 204
100 7 3 154
100 7 4 204
100 7 5 154
100 7 6 290
100 7 7 250
100 7 8 154
100 7 9 250
100 8 0 157
100 8 1 157
100 8 2 257
100 8 3 98
100 8 4 152
100 8 5 205
100 8 6 257
100 8 7 157
100 8 8 152
100 8 9 294
100 9 0 410
100 9 1 287
100 9 2 243
100 9 3 287
100 9 4 144
100 9 5 287
100 9 6 313
100 9 7 382
100 9 8 287
100 9 9 243
