60 0 0 411
60 0 1 408
60 0 2 382
60 1 0 420
60 1 1 434
60 1 2 436
60 2 0 413
60 2 1 440
60 2 2 393
60 3 0 427
60 3 1 453
60 3 2 448
60 4 0 433
60 4 1 449
60 4 2 305
60 5 0 433
60 5 1 444
60 5 2 443
60 6 0 453
60 6 1 451
60 6 2 450
60 7 0 442
60 7 1 462
60 7 2 417
60 8 0 425
60 8 1 447
60 8 2 453
60 9 0 434
60 9 1 453
60 9 2 433
80 0 0 767
80 0 1 819
80 0 2 776
80 1 0 787
80 1 1 811
80 1 2 815
80 2 0 808
80 2 1 803
80 2 2 789
80 3 0 803
80 3 1 770
80 3 2 772
80 4 0 774
80 4 1 803
80 4 2 792
80 5 0 803
80 5 1 750
80 5 2 802
80 6 0 811
80 6 1 781
80 6 2 820
80 7 0 786
80 7 1 785
80 7 2 800
80 8 0 773
80 8 1 753
80 8 2 722
80 9 0 714
80 9 1 816
80 9 2 791
100 0 0 1195
100 0 1 1239
100 0 2 1228
100 1 0 1199
100 1 1 1238
100 1 2 1171
100 2 0 1220
100 2 1 1219
100 2 2 1234
100 3 0 1250
100 3 1 1227
100 3 2 1239
100 4 0 1195
100 4 1 1236
100 4 2 1169
100 5 0 1229
100 5 1 1236
100 5 2 1198
100 6 0 1258
100 6 1 1226
100 6 2 1198
100 7 0 1239
100 7 1 1234
100 7 2 1221
100 8 0 1252
100 8 1 1205
100 8 2 1209
100 9 0 1206
100 9 1 1244
100 9 2 1247
60 0 3 437
60 0 4 443
60 0 5 389
60 0 6 417
60 0 7 452
60 0 8 432
60 0 9 416
60 0 10 436
60 1 3 441
60 1 4 428
60 1 5 423
60 1 6 433
60 1 7 476
60 1 8 407
60 1 9 435
60 1 10 391
60 2 3 433
60 2 4 442
60 2 5 460
60 2 6 454
60 2 7 367
60 2 8 448
60 2 9 443
60 2 10 452
60 3 3 447
60 3 4 434
60 3 5 426
60 3 6 431
60 3 7 421
60 3 8 455
60 3 9 408
60 3 10 426
60 4 3 437
60 4 4 435
60 4 5 442
60 4 6 383
60 4 7 436
60 4 8 453
60 4 9 434
60 4 10 432
60 5 3 432
60 5 4 438
60 5 5 435
60 5 6 451
60 5 7 430
60 5 8 431
60 5 9 434
60 5 10 417
60 6 3 445
60 6 4 445
60 6 5 458
60 6 6 427
60 6 7 451
60 6 8 440
60 6 9 442
60 6 10 468
60 7 3 415
60 7 4 440
60 7 5 438
60 7 6 442
60 7 7 452
60 7 8 426
60 7 9 392
60 7 10 440
60 8 3 431
60 8 4 438
60 8 5 432
60 8 6 434
60 8 7 455
60 8 8 410
60 8 9 432
60 8 10 434
60 9 3 458
60 9 4 452
60 9 5 426
60 9 6 425
60 9 7 438
60 9 8 425
60 9 9 451
60 9 10 453
80 0 3 762
80 0 4 774
80 0 5 761
80 0 6 793
80 0 7 785
80 0 8 777
80 0 9 781
80 0 10 803
80 1 3 802
80 1 4 780
80 1 5 790
80 1 6 677
80 1 7 785
80 1 8 799
80 1 9 769
80 1 10 780
80 2 3 767
80 2 4 795
80 2 5 745
80 2 6 766
80 2 7 758
80 2 8 760
80 2 9 815
80 2 10 764
80 3 3 776
80 3 4 711
80 3 5 627
80 3 6 792
80 3 7 800
80 3 8 794
80 3 9 752
80 3 10 755
80 4 3 727
80 4 4 738
80 4 5 772
80 4 6 783
80 4 7 792
80 4 8 743
80 4 9 763
80 4 10 757
80 5 3 792
80 5 4 778
80 5 5 694
80 5 6 781
80 5 7 804
80 5 8 767
80 5 9 807
80 5 10 751
80 6 3 829
80 6 4 782
80 6 5 801
80 6 6 787
80 6 7 786
80 6 8 785
80 6 9 798
80 6 10 797
80 7 3 795
80 7 4 811
80 7 5 786
80 7 6 766
80 7 7 755
80 7 8 810
80 7 9 776
80 7 10 795
80 8 3 813
80 8 4 796
80 8 5 795
80 8 6 774
80 8 7 735
80 8 8 804
80 8 9 802
80 8 10 783
80 9 3 772
80 9 4 796
80 9 5 775
80 9 6 746
80 9 7 801
80 9 8 767
80 9 9 798
80 9 10 768
100 0 3 1246
100 0 4 1241
100 0 5 1256
100 0 6 1188
100 0 7 1064
100 0 8 1240
100 0 9 1165
100 0 10 1185
100 1 3 1239
100 1 4 1194
100 1 5 1146
100 1 6 1232
100 1 7 1166
100 1 8 1227
100 1 9 1255
100 1 10 1209
100 2 3 1160
100 2 4 1248
100 2 5 1251
100 2 6 1239
100 2 7 1248
100 2 8 1224
100 2 9 1235
100 2 10 1206
100 3 3 1233
100 3 4 1164
100 3 5 1217
100 3 6 1149
100 3 7 1238
100 3 8 1253
100 3 9 1193
100 3 10 1048
100 4 3 1243
100 4 4 1194
100 4 5 1243
100 4 6 1240
100 4 7 1256
100 4 8 1197
100 4 9 1236
100 4 10 1280
100 5 3 1228
100 5 4 1212
100 5 5 1252
100 5 6 1224
100 5 7 1127
100 5 8 1230
100 5 9 1225
100 5 10 1214
100 6 3 1230
100 6 4 1214
100 6 5 1229
100 6 6 1157
100 6 7 1151
100 6 8 1179
100 6 9 1209
100 6 10 1228
100 7 3 1099
100 7 4 1258
100 7 5 1246
100 7 6 1225
100 7 7 1241
100 7 8 1237
100 7 9 1146
100 7 10 1217
100 8 3 1221
100 8 4 1120
100 8 5 1269
100 8 6 1240
100 8 7 1218
100 8 8 1225
100 8 9 1209
100 8 10 1218
100 9 3 1171
100 9 4 1265
100 9 5 1264
100 9 6 1194
100 9 7 1209
100 9 8 1209
100 9 9 1204
100 9 10 1110
