60 0 0 384
60 0 1 442
60 0 2 416
60 1 0 335
60 1 1 432
60 1 2 414
60 2 0 421
60 2 1 334
60 2 2 445
60 3 0 428
60 3 1 430
60 3 2 466
60 4 0 433
60 4 1 380
60 4 2 436
60 5 0 423
60 5 1 439
60 5 2 344
60 6 0 441
60 6 1 416
60 6 2 326
60 7 0 443
60 7 1 408
60 7 2 431
60 8 0 411
60 8 1 433
60 8 2 425
60 9 0 394
60 9 1 321
60 9 2 398
80 0 0 754
80 0 1 764
80 0 2 720
80 1 0 777
80 1 1 747
80 1 2 809
80 2 0 646
80 2 1 663
80 2 2 770
80 3 0 732
80 3 1 739
80 3 2 715
80 4 0 803
80 4 1 775
80 4 2 758
80 5 0 775
80 5 1 792
80 5 2 767
80 6 0 777
80 6 1 786
80 6 2 777
80 7 0 705
80 7 1 619
80 7 2 506
80 8 0 702
80 8 1 773
80 8 2 661
80 9 0 768
80 9 1 794
80 9 2 775
100 0 0 1182
100 0 1 1245
100 0 2 1240
100 1 0 1229
100 1 1 1174
100 1 2 1133
100 2 0 1210
100 2 1 1238
100 2 2 1233
100 3 0 1211
100 3 1 1040
100 3 2 1197
100 4 0 1148
100 4 1 1242
100 4 2 1277
100 5 0 1075
100 5 1 1236
100 5 2 1215
100 6 0 1150
100 6 1 1191
100 6 2 1202
100 7 0 1249
100 7 1 1241
100 7 2 1221
100 8 0 1239
100 8 1 1201
100 8 2 1166
100 9 0 1154
100 9 1 1162
100 9 2 1122
60 0 3 416
60 0 4 438
60 0 5 339
60 0 6 388
60 0 7 431
60 0 8 434
60 0 9 413
60 0 10 398
60 1 3 434
60 1 4 288
60 1 5 439
60 1 6 410
60 1 7 417
60 1 8 449
60 1 9 422
60 1 10 437
60 2 3 451
60 2 4 456
60 2 5 393
60 2 6 420
60 2 7 448
60 2 8 417
60 2 9 443
60 2 10 425
60 3 3 424
60 3 4 412
60 3 5 414
60 3 6 434
60 3 7 408
60 3 8 450
60 3 9 445
60 3 10 432
60 4 3 347
60 4 4 249
60 4 5 438
60 4 6 418
60 4 7 434
60 4 8 319
60 4 9 443
60 4 10 426
60 5 3 361
60 5 4 416
60 5 5 447
60 5 6 428
60 5 7 404
60 5 8 430
60 5 9 328
60 5 10 401
60 6 3 437
60 6 4 414
60 6 5 431
60 6 6 447
60 6 7 414
60 6 8 398
60 6 9 461
60 6 10 405
60 7 3 294
60 7 4 340
60 7 5 447
60 7 6 433
60 7 7 408
60 7 8 364
60 7 9 435
60 7 10 448
60 8 3 398
60 8 4 419
60 8 5 428
60 8 6 308
60 8 7 394
60 8 8 471
60 8 9 445
60 8 10 328
60 9 3 430
60 9 4 448
60 9 5 436
60 9 6 425
60 9 7 407
60 9 8 423
60 9 9 443
60 9 10 449
80 0 3 746
80 0 4 775
80 0 5 750
80 0 6 769
80 0 7 663
80 0 8 780
80 0 9 676
80 0 10 789
80 1 3 786
80 1 4 789
80 1 5 766
80 1 6 778
80 1 7 773
80 1 8 770
80 1 9 729
80 1 10 698
80 2 3 753
80 2 4 639
80 2 5 815
80 2 6 793
80 2 7 803
80 2 8 784
80 2 9 781
80 2 10 764
80 3 3 812
80 3 4 752
80 3 5 796
80 3 6 620
80 3 7 704
80 3 8 761
80 3 9 735
80 3 10 808
80 4 3 726
80 4 4 767
80 4 5 700
80 4 6 755
80 4 7 759
80 4 8 621
80 4 9 762
80 4 10 749
80 5 3 759
80 5 4 797
80 5 5 807
80 5 6 762
80 5 7 429
80 5 8 642
80 5 9 795
80 5 10 758
80 6 3 785
80 6 4 790
80 6 5 768
80 6 6 772
80 6 7 770
80 6 8 775
80 6 9 781
80 6 10 736
80 7 3 813
80 7 4 531
80 7 5 786
80 7 6 705
80 7 7 796
80 7 8 781
80 7 9 768
80 7 10 684
80 8 3 755
80 8 4 775
80 8 5 791
80 8 6 730
80 8 7 770
80 8 8 786
80 8 9 771
80 8 10 786
80 9 3 739
80 9 4 789
80 9 5 724
80 9 6 710
80 9 7 764
80 9 8 795
80 9 9 737
80 9 10 707
100 0 3 1224
100 0 4 1066
100 0 5 1207
100 0 6 1277
100 0 7 1169
100 0 8 1211
100 0 9 1223
100 0 10 1240
100 1 3 1189
100 1 4 1201
100 1 5 1182
100 1 6 1231
100 1 7 1189
100 1 8 1182
100 1 9 1216
100 1 10 1136
100 2 3 1224
100 2 4 1140
100 2 5 1122
100 2 6 1222
100 2 7 1216
100 2 8 1197
100 2 9 1229
100 2 10 1249
100 3 3 1265
100 3 4 1238
100 3 5 1261
100 3 6 1021
100 3 7 1178
100 3 8 1113
100 3 9 1161
100 3 10 1148
100 4 3 1166
100 4 4 1189
100 4 5 1099
100 4 6 1151
100 4 7 1207
100 4 8 1244
100 4 9 1200
100 4 10 1188
100 5 3 1254
100 5 4 1261
100 5 5 1174
100 5 6 1240
100 5 7 1129
100 5 8 1240
100 5 9 1264
100 5 10 1225
100 6 3 1225
100 6 4 1213
100 6 5 1212
100 6 6 1081
100 6 7 1208
100 6 8 1253
100 6 9 1235
100 6 10 1084
100 7 3 1225
100 7 4 1253
100 7 5 1164
100 7 6 1187
100 7 7 1178
100 7 8 1085
100 7 9 1240
100 7 10 962
100 8 3 1084
100 8 4 1166
100 8 5 1236
100 8 6 1264
100 8 7 1239
100 8 8 1176
100 8 9 1223
100 8 10 1019
100 9 3 1156
100 9 4 1166
100 9 5 1215
100 9 6 984
100 9 7 1212
100 9 8 1247
100 9 9 1166
100 9 10 1191
