60 0 0 31
60 0 1 0
60 0 2 29
60 0 3 29
60 0 4 433
60 0 5 433
60 0 6 433
60 0 7 433
60 0 8 31
60 0 9 433
60 1 0 0
60 1 1 32
60 1 2 32
60 1 3 288
60 1 4 288
60 1 5 288
60 1 6 288
60 1 7 27
60 1 8 288
60 1 9 83
60 2 0 253
60 2 1 253
60 2 2 253
60 2 3 253
60 2 4 253
60 2 5 253
60 2 6 253
60 2 7 253
60 2 8 253
60 2 9 253
60 3 0 0
60 3 1 81
60 3 2 163
60 3 3 163
60 3 4 55
60 3 5 411
60 3 6 55
60 3 7 26
60 3 8 163
60 3 9 0
60 4 0 412
60 4 1 412
60 4 2 412
60 4 3 412
60 4 4 412
60 4 5 412
60 4 6 412
60 4 7 412
60 4 8 412
60 4 9 412
60 5 0 249
60 5 1 249
60 5 2 249
60 5 3 29
60 5 4 126
60 5 5 403
60 5 6 247
60 5 7 403
60 5 8 0
60 5 9 29
60 6 0 240
60 6 1 240
60 6 2 240
60 6 3 240
60 6 4 240
60 6 5 240
60 6 6 240
60 6 7 240
60 6 8 240
60 6 9 240
60 7 0 418
60 7 1 418
60 7 2 418
60 7 3 418
60 7 4 418
60 7 5 418
60 7 6 418
60 7 7 418
60 7 8 418
60 7 9 418
60 8 0 399
60 8 1 420
60 8 2 0
60 8 3 420
60 8 4 0
60 8 5 0
60 8 6 399
60 8 7 0
60 8 8 399
60 8 9 399
60 9 0 0
60 9 1 137
60 9 2 0
60 9 3 0
60 9 4 25
60 9 5 137
60 9 6 137
60 9 7 137
60 9 8 25
60 9 9 137
80 0 0 468
80 0 1 468
80 0 2 468
80 0 3 468
80 0 4 468
80 0 5 468
80 0 6 468
80 0 7 468
80 0 8 468
80 0 9 468
80 1 0 713
80 1 1 713
80 1 2 272
80 1 3 713
80 1 4 272
80 1 5 272
80 1 6 272
80 1 7 713
80 1 8 713
80 1 9 272
80 2 0 44
80 2 1 721
80 2 2 410
80 2 3 721
80 2 4 0
80 2 5 721
80 2 6 339
80 2 7 44
80 2 8 721
80 2 9 339
80 3 0 0
80 3 1 543
80 3 2 0
80 3 3 0
80 3 4 0
80 3 5 137
80 3 6 137
80 3 7 0
80 3 8 137
80 3 9 137
80 4 0 733
80 4 1 44
80 4 2 0
80 4 3 44
80 4 4 768
80 4 5 182
80 4 6 79
80 4 7 768
80 4 8 733
80 4 9 0
80 5 0 0
80 5 1 0
80 5 2 0
80 5 3 294
80 5 4 539
80 5 5 0
80 5 6 294
80 5 7 539
80 5 8 0
80 5 9 0
80 6 0 763
80 6 1 763
80 6 2 505
80 6 3 505
80 6 4 763
80 6 5 505
80 6 6 505
80 6 7 763
80 6 8 763
80 6 9 505
80 7 0 0
80 7 1 37
80 7 2 141
80 7 3 0
80 7 4 37
80 7 5 116
80 7 6 0
80 7 7 0
80 7 8 636
80 7 9 37
80 8 0 778
80 8 1 778
80 8 2 778
80 8 3 778
80 8 4 778
80 8 5 778
80 8 6 778
80 8 7 778
80 8 8 778
80 8 9 778
80 9 0 105
80 9 1 383
80 9 2 246
80 9 3 105
80 9 4 742
80 9 5 383
80 9 6 246
80 9 7 246
80 9 8 105
80 9 9 246
100 0 0 421
100 0 1 0
100 0 2 0
100 0 3 421
100 0 4 421
100 0 5 421
100 0 6 421
100 0 7 421
100 0 8 1264
100 0 9 1264
100 1 0 0
100 1 1 779
100 1 2 706
100 1 3 727
100 1 4 706
100 1 5 727
100 1 6 706
100 1 7 706
100 1 8 727
100 1 9 0
100 2 0 1173
100 2 1 1173
100 2 2 1173
100 2 3 1173
100 2 4 1173
100 2 5 1173
100 2 6 1173
100 2 7 1173
100 2 8 1173
100 2 9 1173
100 3 0 1009
100 3 1 1009
100 3 2 1009
100 3 3 0
100 3 4 1009
100 3 5 1009
100 3 6 0
100 3 7 1009
100 3 8 0
100 3 9 1009
100 4 0 0
100 4 1 1223
100 4 2 0
100 4 3 1223
100 4 4 1210
100 4 5 48
100 4 6 0
100 4 7 0
100 4 8 0
100 4 9 48
100 5 0 455
100 5 1 1005
100 5 2 455
100 5 3 455
100 5 4 1005
100 5 5 1139
100 5 6 1005
100 5 7 1139
100 5 8 455
100 5 9 0
100 6 0 617
100 6 1 617
100 6 2 617
100 6 3 617
100 6 4 617
100 6 5 617
100 6 6 617
100 6 7 617
100 6 8 617
100 6 9 617
100 7 0 229
100 7 1 229
100 7 2 0
100 7 3 965
100 7 4 0
100 7 5 965
100 7 6 965
100 7 7 0
100 7 8 965
100 7 9 0
100 8 0 334
100 8 1 334
100 8 2 1242
100 8 3 334
100 8 4 1242
100 8 5 334
100 8 6 1242
100 8 7 334
100 8 8 1242
100 8 9 1242
100 9 0 142
100 9 1 0
100 9 2 58
100 9 3 0
100 9 4 1208
100 9 5 0
100 9 6 1208
100 9 7 0
100 9 8 0
100 9 9 1198
