60 0 0 457
60 0 1 421
60 0 2 389
60 1 0 437
60 1 1 439
60 1 2 400
60 2 0 444
60 2 1 413
60 2 2 408
60 3 0 357
60 3 1 457
60 3 2 439
60 4 0 442
60 4 1 436
60 4 2 437
60 5 0 402
60 5 1 426
60 5 2 455
60 6 0 451
60 6 1 452
60 6 2 435
60 7 0 449
60 7 1 454
60 7 2 436
60 8 0 433
60 8 1 424
60 8 2 439
60 9 0 445
60 9 1 444
60 9 2 453
80 0 0 813
80 0 1 779
80 0 2 790
80 1 0 792
80 1 1 762
80 1 2 791
80 2 0 773
80 2 1 807
80 2 2 787
80 3 0 779
80 3 1 775
80 3 2 810
80 4 0 804
80 4 1 796
80 4 2 774
80 5 0 831
80 5 1 791
80 5 2 770
80 6 0 783
80 6 1 792
80 6 2 757
80 7 0 782
80 7 1 794
80 7 2 790
80 8 0 747
80 8 1 804
80 8 2 751
80 9 0 811
80 9 1 801
80 9 2 778
100 0 0 1257
100 0 1 1240
100 0 2 1215
100 1 0 1265
100 1 1 1229
100 1 2 1211
100 2 0 1168
100 2 1 1254
100 2 2 1253
100 3 0 1225
100 3 1 1223
100 3 2 1230
100 4 0 1172
100 4 1 1245
100 4 2 1214
100 5 0 1249
100 5 1 1244
100 5 2 1128
100 6 0 1246
100 6 1 1137
100 6 2 1203
100 7 0 1229
100 7 1 1244
100 7 2 1252
100 8 0 1189
100 8 1 1228
100 8 2 1203
100 9 0 1214
100 9 1 1254
100 9 2 1219
60 0 3 439
60 0 4 436
60 0 5 427
60 0 6 425
60 0 7 436
60 0 8 427
60 0 9 433
60 0 10 452
60 1 3 436
60 1 4 420
60 1 5 415
60 1 6 442
60 1 7 421
60 1 8 402
60 1 9 436
60 1 10 461
60 2 3 440
60 2 4 462
60 2 5 407
60 2 6 435
60 2 7 433
60 2 8 420
60 2 9 446
60 2 10 447
60 3 3 426
60 3 4 439
60 3 5 463
60 3 6 451
60 3 7 457
60 3 8 417
60 3 9 433
60 3 10 431
60 4 3 452
60 4 4 458
60 4 5 446
60 4 6 429
60 4 7 472
60 4 8 393
60 4 9 436
60 4 10 439
60 5 3 439
60 5 4 416
60 5 5 457
60 5 6 442
60 5 7 470
60 5 8 427
60 5 9 443
60 5 10 432
60 6 3 382
60 6 4 454
60 6 5 406
60 6 6 342
60 6 7 446
60 6 8 425
60 6 9 419
60 6 10 437
60 7 3 397
60 7 4 413
60 7 5 451
60 7 6 460
60 7 7 449
60 7 8 428
60 7 9 460
60 7 10 406
60 8 3 438
60 8 4 438
60 8 5 424
60 8 6 463
60 8 7 461
60 8 8 438
60 8 9 351
60 8 10 437
60 9 3 462
60 9 4 461
60 9 5 424
60 9 6 428
60 9 7 444
60 9 8 440
60 9 9 408
60 9 10 456
80 0 3 805
80 0 4 788
80 0 5 756
80 0 6 775
80 0 7 760
80 0 8 738
80 0 9 822
80 0 10 785
80 1 3 810
80 1 4 814
80 1 5 797
80 1 6 798
80 1 7 653
80 1 8 771
80 1 9 798
80 1 10 791
80 2 3 772
80 2 4 765
80 2 5 729
80 2 6 790
80 2 7 804
80 2 8 792
80 2 9 755
80 2 10 806
80 3 3 778
80 3 4 797
80 3 5 788
80 3 6 783
80 3 7 850
80 3 8 789
80 3 9 763
80 3 10 819
80 4 3 810
80 4 4 797
80 4 5 765
80 4 6 760
80 4 7 803
80 4 8 803
80 4 9 788
80 4 10 780
80 5 3 779
80 5 4 781
80 5 5 785
80 5 6 815
80 5 7 768
80 5 8 802
80 5 9 800
80 5 10 801
80 6 3 800
80 6 4 810
80 6 5 787
80 6 6 786
80 6 7 802
80 6 8 814
80 6 9 769
80 6 10 789
80 7 3 750
80 7 4 787
80 7 5 793
80 7 6 772
80 7 7 784
80 7 8 780
80 7 9 747
80 7 10 810
80 8 3 753
80 8 4 743
80 8 5 773
80 8 6 788
80 8 7 823
80 8 8 795
80 8 9 767
80 8 10 811
80 9 3 800
80 9 4 788
80 9 5 807
80 9 6 795
80 9 7 828
80 9 8 713
80 9 9 795
80 9 10 800
100 0 3 1236
100 0 4 1219
100 0 5 1201
100 0 6 1228
100 0 7 1215
100 0 8 1225
100 0 9 1222
100 0 10 1218
100 1 3 1234
100 1 4 1268
100 1 5 1208
100 1 6 1218
100 1 7 1218
100 1 8 1201
100 1 9 1257
100 1 10 1250
100 2 3 1231
100 2 4 1234
100 2 5 1219
100 2 6 1221
100 2 7 1249
100 2 8 1160
100 2 9 1243
100 2 10 1236
100 3 3 1239
100 3 4 1209
100 3 5 1239
100 3 6 1280
100 3 7 1248
100 3 8 1227
100 3 9 1282
100 3 10 1229
100 4 3 1269
100 4 4 1225
100 4 5 1209
100 4 6 1257
100 4 7 1222
100 4 8 1230
100 4 9 1235
100 4 10 1277
100 5 3 1206
100 5 4 1225
100 5 5 1250
100 5 6 1203
100 5 7 1256
100 5 8 1238
100 5 9 1256
100 5 10 1245
100 6 3 1188
100 6 4 1146
100 6 5 1220
100 6 6 1223
100 6 7 1190
100 6 8 1171
100 6 9 1187
100 6 10 1262
100 7 3 1244
100 7 4 1250
100 7 5 1243
100 7 6 1249
100 7 7 1124
100 7 8 1232
100 7 9 1283
100 7 10 1193
100 8 3 1232
100 8 4 1228
100 8 5 1256
100 8 6 1237
100 8 7 1228
100 8 8 1218
100 8 9 1153
100 8 10 1186
100 9 3 1276
100 9 4 1229
100 9 5 1190
100 9 6 1225
100 9 7 1202
100 9 8 1236
100 9 9 1179
100 9 10 1243
