60 0 0 450
60 0 1 405
60 0 2 420
60 1 0 436
60 1 1 467
60 1 2 413
60 2 0 449
60 2 1 401
60 2 2 450
60 3 0 460
60 3 1 431
60 3 2 417
60 4 0 453
60 4 1 441
60 4 2 432
60 5 0 457
60 5 1 436
60 5 2 456
60 6 0 432
60 6 1 457
60 6 2 434
60 7 0 448
60 7 1 432
60 7 2 437
60 8 0 449
60 8 1 375
60 8 2 443
60 9 0 447
60 9 1 443
60 9 2 434
80 0 0 807
80 0 1 788
80 0 2 761
80 1 0 752
80 1 1 799
80 1 2 815
80 2 0 772
80 2 1 789
80 2 2 776
80 3 0 790
80 3 1 769
80 3 2 820
80 4 0 776
80 4 1 795
80 4 2 756
80 5 0 794
80 5 1 790
80 5 2 816
80 6 0 797
80 6 1 783
80 6 2 779
80 7 0 775
80 7 1 740
80 7 2 793
80 8 0 768
80 8 1 708
80 8 2 769
80 9 0 734
80 9 1 786
80 9 2 766
100 0 0 1234
100 0 1 1277
100 0 2 1250
100 1 0 1226
100 1 1 1233
100 1 2 1260
100 2 0 1240
100 2 1 1259
100 2 2 1242
100 3 0 1251
100 3 1 1217
100 3 2 1094
100 4 0 1228
100 4 1 1250
100 4 2 1230
100 5 0 1168
100 5 1 1266
100 5 2 1231
100 6 0 1245
100 6 1 1234
100 6 2 1243
100 7 0 1236
100 7 1 1214
100 7 2 1217
100 8 0 1257
100 8 1 1197
100 8 2 1228
100 9 0 1236
100 9 1 1234
100 9 2 1249
60 0 3 438
60 0 4 432
60 0 5 449
60 0 6 449
60 0 7 417
60 0 8 425
60 0 9 430
60 0 10 430
60 1 3 424
60 1 4 438
60 1 5 453
60 1 6 436
60 1 7 422
60 1 8 403
60 1 9 413
60 1 10 430
60 2 3 456
60 2 4 426
60 2 5 447
60 2 6 365
60 2 7 451
60 2 8 442
60 2 9 404
60 2 10 385
60 3 3 399
60 3 4 459
60 3 5 387
60 3 6 434
60 3 7 450
60 3 8 434
60 3 9 424
60 3 10 403
60 4 3 431
60 4 4 425
60 4 5 436
60 4 6 426
60 4 7 445
60 4 8 444
60 4 9 423
60 4 10 456
60 5 3 421
60 5 4 410
60 5 5 439
60 5 6 428
60 5 7 392
60 5 8 449
60 5 9 457
60 5 10 449
60 6 3 454
60 6 4 460
60 6 5 452
60 6 6 418
60 6 7 433
60 6 8 443
60 6 9 434
60 6 10 424
60 7 3 412
60 7 4 467
60 7 5 436
60 7 6 427
60 7 7 408
60 7 8 433
60 7 9 431
60 7 10 436
60 8 3 436
60 8 4 408
60 8 5 445
60 8 6 396
60 8 7 441
60 8 8 417
60 8 9 446
60 8 10 429
60 9 3 431
60 9 4 452
60 9 5 442
60 9 6 436
60 9 7 440
60 9 8 429
60 9 9 447
60 9 10 457
80 0 3 785
80 0 4 793
80 0 5 807
80 0 6 695
80 0 7 753
80 0 8 792
80 0 9 786
80 0 10 792
80 1 3 795
80 1 4 789
80 1 5 805
80 1 6 796
80 1 7 794
80 1 8 672
80 1 9 645
80 1 10 774
80 2 3 799
80 2 4 801
80 2 5 762
80 2 6 796
80 2 7 749
80 2 8 815
80 2 9 680
80 2 10 804
80 3 3 742
80 3 4 819
80 3 5 790
80 3 6 715
80 3 7 807
80 3 8 797
80 3 9 799
80 3 10 794
80 4 3 758
80 4 4 676
80 4 5 826
80 4 6 794
80 4 7 703
80 4 8 771
80 4 9 707
80 4 10 785
80 5 3 800
80 5 4 760
80 5 5 819
80 5 6 725
80 5 7 805
80 5 8 764
80 5 9 770
80 5 10 766
80 6 3 778
80 6 4 821
80 6 5 735
80 6 6 809
80 6 7 788
80 6 8 787
80 6 9 812
80 6 10 792
80 7 3 761
80 7 4 800
80 7 5 757
80 7 6 749
80 7 7 784
80 7 8 762
80 7 9 787
80 7 10 793
80 8 3 776
80 8 4 782
80 8 5 768
80 8 6 809
80 8 7 733
80 8 8 783
80 8 9 791
80 8 10 725
80 9 3 782
80 9 4 784
80 9 5 779
80 9 6 736
80 9 7 733
80 9 8 815
80 9 9 797
80 9 10 735
100 0 3 1247
100 0 4 1197
100 0 5 1245
100 0 6 1149
100 0 7 1208
100 0 8 1165
100 0 9 1243
100 0 10 1137
100 1 3 1234
100 1 4 1246
100 1 5 1198
100 1 6 1221
100 1 7 1228
100 1 8 1261
100 1 9 1235
100 1 10 1253
100 2 3 1245
100 2 4 1207
100 2 5 1216
100 2 6 1185
100 2 7 1224
100 2 8 1225
100 2 9 1259
100 2 10 1225
100 3 3 1061
100 3 4 1246
100 3 5 1097
100 3 6 1223
100 3 7 1214
100 3 8 1215
100 3 9 1253
100 3 10 1230
100 4 3 1151
100 4 4 1241
100 4 5 1208
100 4 6 1220
100 4 7 1202
100 4 8 1229
100 4 9 1282
100 4 10 1223
100 5 3 1163
100 5 4 1222
100 5 5 1253
100 5 6 1202
100 5 7 1223
100 5 8 1226
100 5 9 1150
100 5 10 1153
100 6 3 1275
100 6 4 1249
100 6 5 1253
100 6 6 1206
100 6 7 1221
100 6 8 1171
100 6 9 1184
100 6 10 1240
100 7 3 1227
100 7 4 1202
100 7 5 1228
100 7 6 1231
100 7 7 1230
100 7 8 1244
100 7 9 1208
100 7 10 1252
100 8 3 1250
100 8 4 1230
100 8 5 1209
100 8 6 1242
100 8 7 1199
100 8 8 1107
100 8 9 1235
100 8 10 1257
100 9 3 1211
100 9 4 1278
100 9 5 1276
100 9 6 1209
100 9 7 1239
100 9 8 1148
100 9 9 1249
100 9 10 1216
