60 0 0 428
60 0 1 436
60 0 2 439
60 1 0 428
60 1 1 427
60 1 2 435
60 2 0 394
60 2 1 363
60 2 2 472
60 3 0 431
60 3 1 443
60 3 2 445
60 4 0 436
60 4 1 449
60 4 2 444
60 5 0 441
60 5 1 453
60 5 2 422
60 6 0 427
60 6 1 413
60 6 2 419
60 7 0 443
60 7 1 439
60 7 2 429
60 8 0 420
60 8 1 428
60 8 2 426
60 9 0 442
60 9 1 444
60 9 2 449
80 0 0 813
80 0 1 753
80 0 2 756
80 1 0 775
80 1 1 725
80 1 2 756
80 2 0 745
80 2 1 814
80 2 2 775
80 3 0 790
80 3 1 765
80 3 2 778
80 4 0 760
80 4 1 651
80 4 2 806
80 5 0 811
80 5 1 768
80 5 2 792
80 6 0 788
80 6 1 736
80 6 2 760
80 7 0 707
80 7 1 731
80 7 2 793
80 8 0 794
80 8 1 764
80 8 2 774
80 9 0 762
80 9 1 785
80 9 2 779
100 0 0 1225
100 0 1 1213
100 0 2 1228
100 1 0 1249
100 1 1 1221
100 1 2 1195
100 2 0 1241
100 2 1 1247
100 2 2 1273
100 3 0 1229
100 3 1 1188
100 3 2 1232
100 4 0 1224
100 4 1 1204
100 4 2 1235
100 5 0 1227
100 5 1 1245
100 5 2 1188
100 6 0 1232
100 6 1 1187
100 6 2 1157
100 7 0 1216
100 7 1 1162
100 7 2 1265
100 8 0 1225
100 8 1 1239
100 8 2 1237
100 9 0 1205
100 9 1 1236
100 9 2 1250
60 0 3 404
60 0 4 436
60 0 5 425
60 0 6 408
60 0 7 419
60 0 8 442
60 0 9 448
60 0 10 466
60 1 3 456
60 1 4 412
60 1 5 447
60 1 6 447
60 1 7 437
60 1 8 421
60 1 9 325
60 1 10 443
60 2 3 452
60 2 4 406
60 2 5 458
60 2 6 409
60 2 7 453
60 2 8 444
60 2 9 434
60 2 10 432
60 3 3 456
60 3 4 441
60 3 5 427
60 3 6 400
60 3 7 439
60 3 8 442
60 3 9 427
60 3 10 444
60 4 3 448
60 4 4 418
60 4 5 419
60 4 6 427
60 4 7 435
60 4 8 446
60 4 9 429
60 4 10 428
60 5 3 454
60 5 4 444
60 5 5 439
60 5 6 443
60 5 7 418
60 5 8 430
60 5 9 440
60 5 10 441
60 6 3 436
60 6 4 444
60 6 5 379
60 6 6 426
60 6 7 421
60 6 8 435
60 6 9 452
60 6 10 427
60 7 3 426
60 7 4 448
60 7 5 430
60 7 6 418
60 7 7 333
60 7 8 450
60 7 9 412
60 7 10 429
60 8 3 411
60 8 4 438
60 8 5 402
60 8 6 431
60 8 7 455
60 8 8 373
60 8 9 448
60 8 10 446
60 9 3 388
60 9 4 478
60 9 5 410
60 9 6 430
60 9 7 440
60 9 8 356
60 9 9 440
60 9 10 410
80 0 3 739
80 0 4 707
80 0 5 799
80 0 6 802
80 0 7 796
80 0 8 789
80 0 9 805
80 0 10 799
80 1 3 819
80 1 4 783
80 1 5 781
80 1 6 735
80 1 7 778
80 1 8 767
80 1 9 792
80 1 10 768
80 2 3 774
80 2 4 778
80 2 5 790
80 2 6 800
80 2 7 764
80 2 8 803
80 2 9 758
80 2 10 756
80 3 3 796
80 3 4 818
80 3 5 777
80 3 6 803
80 3 7 765
80 3 8 801
80 3 9 809
80 3 10 746
80 4 3 782
80 4 4 780
80 4 5 686
80 4 6 764
80 4 7 784
80 4 8 748
80 4 9 769
80 4 10 773
80 5 3 768
80 5 4 764
80 5 5 753
80 5 6 737
80 5 7 723
80 5 8 666
80 5 9 808
80 5 10 814
80 6 3 754
80 6 4 765
80 6 5 808
80 6 6 801
80 6 7 802
80 6 8 805
80 6 9 770
80 6 10 811
80 7 3 806
80 7 4 775
80 7 5 751
80 7 6 774
80 7 7 780
80 7 8 779
80 7 9 801
80 7 10 779
80 8 3 773
80 8 4 781
80 8 5 656
80 8 6 788
80 8 7 771
80 8 8 759
80 8 9 787
80 8 10 772
80 9 3 810
80 9 4 770
80 9 5 580
80 9 6 744
80 9 7 772
80 9 8 770
80 9 9 779
80 9 10 760
100 0 3 1198
100 0 4 1139
100 0 5 1231
100 0 6 1208
100 0 7 1193
100 0 8 1267
100 0 9 1227
100 0 10 1223
100 1 3 1204
100 1 4 1126
100 1 5 1229
100 1 6 1182
100 1 7 1257
100 1 8 1190
100 1 9 1207
100 1 10 1221
100 2 3 1198
100 2 4 1098
100 2 5 1137
100 2 6 1217
100 2 7 1214
100 2 8 1156
100 2 9 1252
100 2 10 1190
100 3 3 1148
100 3 4 1231
100 3 5 1224
100 3 6 1240
100 3 7 1224
100 3 8 1223
100 3 9 1134
100 3 10 1208
100 4 3 1059
100 4 4 1133
100 4 5 1230
100 4 6 1246
100 4 7 1244
100 4 8 1223
100 4 9 1153
100 4 10 1208
100 5 3 1227
100 5 4 1227
100 5 5 1171
100 5 6 1272
100 5 7 1229
100 5 8 1210
100 5 9 1168
100 5 10 1179
100 6 3 1224
100 6 4 1218
100 6 5 1210
100 6 6 1255
100 6 7 1231
100 6 8 1251
100 6 9 1229
100 6 10 1232
100 7 3 1231
100 7 4 1218
100 7 5 1198
100 7 6 1208
100 7 7 1262
100 7 8 977
100 7 9 845
100 7 10 1133
100 8 3 1264
100 8 4 1245
100 8 5 1227
100 8 6 1222
100 8 7 1215
100 8 8 1216
100 8 9 1236
100 8 10 1158
100 9 3 1224
100 9 4 1247
100 9 5 1245
100 9 6 1244
100 9 7 1066
100 9 8 1164
100 9 9 1172
100 9 10 1219
