60 0 0 420
60 0 1 461
60 0 2 415
60 1 0 452
60 1 1 457
60 1 2 453
60 2 0 431
60 2 1 430
60 2 2 449
60 3 0 398
60 3 1 438
60 3 2 437
60 4 0 399
60 4 1 436
60 4 2 437
60 5 0 394
60 5 1 447
60 5 2 428
60 6 0 425
60 6 1 442
60 6 2 409
60 7 0 448
60 7 1 404
60 7 2 443
60 8 0 427
60 8 1 450
60 8 2 431
60 9 0 432
60 9 1 434
60 9 2 416
80 0 0 779
80 0 1 795
80 0 2 776
80 1 0 799
80 1 1 805
80 1 2 772
80 2 0 757
80 2 1 795
80 2 2 790
80 3 0 757
80 3 1 816
80 3 2 819
80 4 0 770
80 4 1 779
80 4 2 761
80 5 0 785
80 5 1 789
80 5 2 777
80 6 0 790
80 6 1 794
80 6 2 805
80 7 0 785
80 7 1 799
80 7 2 802
80 8 0 826
80 8 1 782
80 8 2 770
80 9 0 679
80 9 1 811
80 9 2 765
100 0 0 1223
100 0 1 1265
100 0 2 1195
100 1 0 1255
100 1 1 1242
100 1 2 1192
100 2 0 1152
100 2 1 1206
100 2 2 1229
100 3 0 1204
100 3 1 1205
100 3 2 1199
100 4 0 1241
100 4 1 1225
100 4 2 1209
100 5 0 1168
100 5 1 1222
100 5 2 1240
100 6 0 1244
100 6 1 1248
100 6 2 1147
100 7 0 1264
100 7 1 1250
100 7 2 1243
100 8 0 1251
100 8 1 1204
100 8 2 1204
100 9 0 1247
100 9 1 1206
100 9 2 1237
60 0 3 412
60 0 4 450
60 0 5 431
60 0 6 446
60 0 7 400
60 0 8 419
60 0 9 333
60 0 10 435
60 1 3 439
60 1 4 439
60 1 5 449
60 1 6 461
60 1 7 446
60 1 8 382
60 1 9 435
60 1 10 435
60 2 3 416
60 2 4 428
60 2 5 438
60 2 6 395
60 2 7 431
60 2 8 430
60 2 9 439
60 2 10 413
60 3 3 454
60 3 4 456
60 3 5 437
60 3 6 446
60 3 7 415
60 3 8 454
60 3 9 433
60 3 10 434
60 4 3 432
60 4 4 456
60 4 5 448
60 4 6 451
60 4 7 456
60 4 8 447
60 4 9 434
60 4 10 362
60 5 3 425
60 5 4 427
60 5 5 442
60 5 6 451
60 5 7 450
60 5 8 441
60 5 9 435
60 5 10 408
60 6 3 400
60 6 4 443
60 6 5 444
60 6 6 437
60 6 7 453
60 6 8 439
60 6 9 424
60 6 10 396
60 7 3 457
60 7 4 439
60 7 5 393
60 7 6 442
60 7 7 441
60 7 8 431
60 7 9 417
60 7 10 437
60 8 3 434
60 8 4 422
60 8 5 428
60 8 6 337
60 8 7 435
60 8 8 421
60 8 9 443
60 8 10 450
60 9 3 448
60 9 4 411
60 9 5 436
60 9 6 437
60 9 7 423
60 9 8 447
60 9 9 427
60 9 10 444
80 0 3 792
80 0 4 790
80 0 5 678
80 0 6 794
80 0 7 770
80 0 8 787
80 0 9 807
80 0 10 748
80 1 3 794
80 1 4 775
80 1 5 771
80 1 6 817
80 1 7 754
80 1 8 795
80 1 9 783
80 1 10 794
80 2 3 770
80 2 4 787
80 2 5 757
80 2 6 747
80 2 7 781
80 2 8 788
80 2 9 798
80 2 10 763
80 3 3 779
80 3 4 809
80 3 5 776
80 3 6 806
80 3 7 800
80 3 8 767
80 3 9 792
80 3 10 791
80 4 3 785
80 4 4 731
80 4 5 778
80 4 6 784
80 4 7 807
80 4 8 793
80 4 9 721
80 4 10 705
80 5 3 791
80 5 4 767
80 5 5 763
80 5 6 771
80 5 7 785
80 5 8 716
80 5 9 800
80 5 10 768
80 6 3 786
80 6 4 772
80 6 5 792
80 6 6 766
80 6 7 811
80 6 8 807
80 6 9 766
80 6 10 760
80 7 3 730
80 7 4 766
80 7 5 782
80 7 6 773
80 7 7 800
80 7 8 789
80 7 9 778
80 7 10 776
80 8 3 787
80 8 4 782
80 8 5 786
80 8 6 734
80 8 7 804
80 8 8 782
80 8 9 750
80 8 10 795
80 9 3 777
80 9 4 800
80 9 5 795
80 9 6 823
80 9 7 773
80 9 8 797
80 9 9 773
80 9 10 772
100 0 3 1255
100 0 4 1227
100 0 5 1220
100 0 6 1261
100 0 7 1267
100 0 8 1217
100 0 9 1272
100 0 10 1226
100 1 3 1192
100 1 4 1228
100 1 5 1245
100 1 6 1274
100 1 7 1267
100 1 8 1217
100 1 9 1242
100 1 10 1240
100 2 3 1247
100 2 4 1263
100 2 5 1205
100 2 6 1223
100 2 7 1247
100 2 8 1269
100 2 9 1202
100 2 10 1247
100 3 3 1184
100 3 4 1252
100 3 5 1222
100 3 6 1128
100 3 7 1202
100 3 8 1225
100 3 9 1210
100 3 10 1224
100 4 3 1235
100 4 4 1256
100 4 5 1228
100 4 6 1203
100 4 7 1218
100 4 8 1230
100 4 9 1185
100 4 10 1177
100 5 3 1243
100 5 4 1247
100 5 5 1259
100 5 6 1239
100 5 7 1157
100 5 8 1247
100 5 9 1259
100 5 10 1264
100 6 3 1237
100 6 4 1264
100 6 5 1244
100 6 6 1278
100 6 7 1234
100 6 8 1195
100 6 9 1164
100 6 10 1216
100 7 3 1226
100 7 4 1231
100 7 5 1247
100 7 6 1254
100 7 7 1244
100 7 8 1201
100 7 9 1236
100 7 10 1153
100 8 3 1244
100 8 4 1222
100 8 5 1233
100 8 6 1214
100 8 7 1240
100 8 8 1258
100 8 9 1123
100 8 10 1262
100 9 3 1149
100 9 4 1253
100 9 5 1219
100 9 6 1202
100 9 7 1233
100 9 8 1199
100 9 9 1155
100 9 10 1296
