60 0 0 423
60 0 1 357
60 0 2 441
60 1 0 441
60 1 1 425
60 1 2 429
60 2 0 452
60 2 1 427
60 2 2 387
60 3 0 454
60 3 1 438
60 3 2 443
60 4 0 414
60 4 1 427
60 4 2 448
60 5 0 460
60 5 1 428
60 5 2 451
60 6 0 445
60 6 1 446
60 6 2 413
60 7 0 425
60 7 1 431
60 7 2 434
60 8 0 448
60 8 1 390
60 8 2 442
60 9 0 427
60 9 1 436
60 9 2 422
80 0 0 775
80 0 1 785
80 0 2 789
80 1 0 763
80 1 1 796
80 1 2 806
80 2 0 759
80 2 1 793
80 2 2 784
80 3 0 769
80 3 1 809
80 3 2 781
80 4 0 719
80 4 1 747
80 4 2 777
80 5 0 762
80 5 1 757
80 5 2 773
80 6 0 753
80 6 1 775
80 6 2 796
80 7 0 793
80 7 1 772
80 7 2 775
80 8 0 792
80 8 1 784
80 8 2 775
80 9 0 800
80 9 1 798
80 9 2 787
100 0 0 1275
100 0 1 1264
100 0 2 1205
100 1 0 1276
100 1 1 1239
100 1 2 1187
100 2 0 1214
100 2 1 1223
100 2 2 1207
100 3 0 1155
100 3 1 1178
100 3 2 1222
100 4 0 1240
100 4 1 1254
100 4 2 1258
100 5 0 1236
100 5 1 1231
100 5 2 1249
100 6 0 1251
100 6 1 1251
100 6 2 1264
100 7 0 1236
100 7 1 1245
100 7 2 1248
100 8 0 1227
100 8 1 1213
100 8 2 1242
100 9 0 1226
100 9 1 1229
100 9 2 1197
60 0 3 442
60 0 4 454
60 0 5 414
60 0 6 452
60 0 7 449
60 0 8 437
60 0 9 451
60 0 10 425
60 1 3 387
60 1 4 415
60 1 5 434
60 1 6 441
60 1 7 430
60 1 8 406
60 1 9 450
60 1 10 429
60 2 3 435
60 2 4 436
60 2 5 450
60 2 6 458
60 2 7 423
60 2 8 442
60 2 9 432
60 2 10 440
60 3 3 401
60 3 4 403
60 3 5 442
60 3 6 427
60 3 7 432
60 3 8 447
60 3 9 404
60 3 10 480
60 4 3 434
60 4 4 396
60 4 5 446
60 4 6 448
60 4 7 440
60 4 8 429
60 4 9 443
60 4 10 410
60 5 3 434
60 5 4 434
60 5 5 453
60 5 6 440
60 5 7 452
60 5 8 429
60 5 9 401
60 5 10 441
60 6 3 443
60 6 4 447
60 6 5 405
60 6 6 436
60 6 7 430
60 6 8 454
60 6 9 449
60 6 10 446
60 7 3 440
60 7 4 445
60 7 5 431
60 7 6 417
60 7 7 459
60 7 8 440
60 7 9 450
60 7 10 427
60 8 3 436
60 8 4 440
60 8 5 450
60 8 6 453
60 8 7 443
60 8 8 432
60 8 9 431
60 8 10 441
60 9 3 422
60 9 4 433
60 9 5 444
60 9 6 447
60 9 7 441
60 9 8 463
60 9 9 440
60 9 10 439
80 0 3 747
80 0 4 760
80 0 5 754
80 0 6 721
80 0 7 613
80 0 8 801
80 0 9 821
80 0 10 800
80 1 3 795
80 1 4 812
80 1 5 768
80 1 6 759
80 1 7 800
80 1 8 797
80 1 9 748
80 1 10 779
80 2 3 768
80 2 4 792
80 2 5 750
80 2 6 783
80 2 7 809
80 2 8 746
80 2 9 774
80 2 10 785
80 3 3 769
80 3 4 764
80 3 5 822
80 3 6 787
80 3 7 784
80 3 8 775
80 3 9 756
80 3 10 687
80 4 3 776
80 4 4 782
80 4 5 787
80 4 6 773
80 4 7 797
80 4 8 777
80 4 9 768
80 4 10 761
80 5 3 794
80 5 4 817
80 5 5 808
80 5 6 780
80 5 7 805
80 5 8 783
80 5 9 755
80 5 10 784
80 6 3 755
80 6 4 777
80 6 5 760
80 6 6 770
80 6 7 808
80 6 8 801
80 6 9 757
80 6 10 791
80 7 3 775
80 7 4 736
80 7 5 810
80 7 6 763
80 7 7 778
80 7 8 655
80 7 9 786
80 7 10 781
80 8 3 833
80 8 4 792
80 8 5 758
80 8 6 643
80 8 7 721
80 8 8 768
80 8 9 813
80 8 10 751
80 9 3 776
80 9 4 755
80 9 5 793
80 9 6 784
80 9 7 736
80 9 8 798
80 9 9 786
80 9 10 780
100 0 3 1203
100 0 4 1187
100 0 5 1277
100 0 6 1093
100 0 7 1229
100 0 8 1228
100 0 9 1278
100 0 10 1227
100 1 3 1187
100 1 4 1269
100 1 5 1230
100 1 6 1239
100 1 7 1265
100 1 8 1217
100 1 9 1164
100 1 10 1194
100 2 3 1157
100 2 4 1201
100 2 5 1215
100 2 6 1211
100 2 7 1206
100 2 8 1221
100 2 9 1256
100 2 10 1255
100 3 3 1235
100 3 4 1234
100 3 5 1234
100 3 6 1183
100 3 7 1201
100 3 8 1237
100 3 9 1223
100 3 10 1213
100 4 3 1227
100 4 4 1246
100 4 5 1203
100 4 6 1245
100 4 7 1122
100 4 8 1218
100 4 9 1248
100 4 10 1260
100 5 3 1242
100 5 4 1232
100 5 5 1236
100 5 6 1244
100 5 7 1233
100 5 8 1231
100 5 9 1206
100 5 10 1247
100 6 3 1232
100 6 4 1224
100 6 5 1244
100 6 6 1242
100 6 7 1254
100 6 8 1227
100 6 9 1260
100 6 10 1250
100 7 3 1236
100 7 4 1213
100 7 5 1219
100 7 6 1241
100 7 7 1276
100 7 8 1146
100 7 9 1241
100 7 10 1237
100 8 3 1195
100 8 4 1247
100 8 5 1065
100 8 6 1240
100 8 7 1239
100 8 8 1247
100 8 9 1187
100 8 10 1265
100 9 3 1227
100 9 4 1179
100 9 5 1241
100 9 6 1219
100 9 7 1230
100 9 8 1249
100 9 9 1258
100 9 10 1234
