60 0 0 453
60 0 1 453
60 0 2 440
60 1 0 418
60 1 1 436
60 1 2 450
60 2 0 446
60 2 1 439
60 2 2 424
60 3 0 435
60 3 1 436
60 3 2 423
60 4 0 425
60 4 1 426
60 4 2 418
60 5 0 347
60 5 1 462
60 5 2 448
60 6 0 417
60 6 1 410
60 6 2 465
60 7 0 452
60 7 1 452
60 7 2 426
60 8 0 458
60 8 1 432
60 8 2 425
60 9 0 436
60 9 1 441
60 9 2 462
80 0 0 772
80 0 1 782
80 0 2 811
80 1 0 753
80 1 1 794
80 1 2 786
80 2 0 778
80 2 1 759
80 2 2 789
80 3 0 802
80 3 1 793
80 3 2 805
80 4 0 760
80 4 1 728
80 4 2 802
80 5 0 787
80 5 1 754
80 5 2 810
80 6 0 798
80 6 1 785
80 6 2 798
80 7 0 752
80 7 1 676
80 7 2 800
80 8 0 783
80 8 1 795
80 8 2 776
80 9 0 832
80 9 1 787
80 9 2 798
100 0 0 1229
100 0 1 1261
100 0 2 1227
100 1 0 1260
100 1 1 1218
100 1 2 1250
100 2 0 1247
100 2 1 1249
100 2 2 1272
100 3 0 1187
100 3 1 1235
100 3 2 1234
100 4 0 1254
100 4 1 1230
100 4 2 1218
100 5 0 1206
100 5 1 1248
100 5 2 1222
100 6 0 1263
100 6 1 1252
100 6 2 1254
100 7 0 1213
100 7 1 1225
100 7 2 1212
100 8 0 1176
100 8 1 1253
100 8 2 1203
100 9 0 1231
100 9 1 1212
100 9 2 1207
60 0 3 424
60 0 4 447
60 0 5 439
60 0 6 384
60 0 7 417
60 0 8 436
60 0 9 456
60 0 10 446
60 1 3 440
60 1 4 432
60 1 5 432
60 1 6 403
60 1 7 413
60 1 8 434
60 1 9 442
60 1 10 439
60 2 3 435
60 2 4 445
60 2 5 423
60 2 6 439
60 2 7 354
60 2 8 422
60 2 9 396
60 2 10 447
60 3 3 433
60 3 4 425
60 3 5 424
60 3 6 446
60 3 7 453
60 3 8 437
60 3 9 430
60 3 10 457
60 4 3 422
60 4 4 440
60 4 5 440
60 4 6 436
60 4 7 453
60 4 8 450
60 4 9 443
60 4 10 453
60 5 3 442
60 5 4 436
60 5 5 444
60 5 6 431
60 5 7 435
60 5 8 468
60 5 9 446
60 5 10 450
60 6 3 441
60 6 4 450
60 6 5 451
60 6 6 430
60 6 7 426
60 6 8 444
60 6 9 426
60 6 10 435
60 7 3 425
60 7 4 437
60 7 5 442
60 7 6 450
60 7 7 446
60 7 8 432
60 7 9 443
60 7 10 396
60 8 3 436
60 8 4 411
60 8 5 429
60 8 6 440
60 8 7 461
60 8 8 450
60 8 9 426
60 8 10 388
60 9 3 450
60 9 4 434
60 9 5 449
60 9 6 405
60 9 7 415
60 9 8 454
60 9 9 445
60 9 10 436
80 0 3 772
80 0 4 788
80 0 5 724
80 0 6 796
80 0 7 791
80 0 8 799
80 0 9 786
80 0 10 788
80 1 3 711
80 1 4 833
80 1 5 781
80 1 6 807
80 1 7 753
80 1 8 768
80 1 9 810
80 1 10 778
80 2 3 817
80 2 4 798
80 2 5 803
80 2 6 800
80 2 7 776
80 2 8 776
80 2 9 803
80 2 10 771
80 3 3 792
80 3 4 796
80 3 5 750
80 3 6 789
80 3 7 779
80 3 8 775
80 3 9 736
80 3 10 820
80 4 3 761
80 4 4 787
80 4 5 799
80 4 6 802
80 4 7 790
80 4 8 775
80 4 9 744
80 4 10 773
80 5 3 778
80 5 4 800
80 5 5 779
80 5 6 784
80 5 7 766
80 5 8 813
80 5 9 776
80 5 10 812
80 6 3 785
80 6 4 771
80 6 5 783
80 6 6 767
80 6 7 754
80 6 8 788
80 6 9 794
80 6 10 794
80 7 3 756
80 7 4 781
80 7 5 814
80 7 6 796
80 7 7 764
80 7 8 691
80 7 9 776
80 7 10 812
80 8 3 784
80 8 4 765
80 8 5 726
80 8 6 774
80 8 7 765
80 8 8 810
80 8 9 794
80 8 10 775
80 9 3 791
80 9 4 804
80 9 5 787
80 9 6 784
80 9 7 810
80 9 8 713
80 9 9 787
80 9 10 820
100 0 3 1227
100 0 4 1188
100 0 5 1241
100 0 6 1238
100 0 7 1243
100 0 8 1262
100 0 9 1226
100 0 10 1246
100 1 3 1243
100 1 4 1253
100 1 5 1235
100 1 6 1262
100 1 7 1249
100 1 8 1246
100 1 9 1241
100 1 10 1237
100 2 3 1251
100 2 4 1249
100 2 5 1237
100 2 6 1239
100 2 7 1186
100 2 8 1172
100 2 9 1246
100 2 10 1211
100 3 3 1257
100 3 4 1226
100 3 5 1227
100 3 6 1250
100 3 7 1216
100 3 8 1211
100 3 9 1249
100 3 10 1232
100 4 3 1230
100 4 4 1208
100 4 5 1250
100 4 6 1231
100 4 7 1250
100 4 8 1246
100 4 9 1233
100 4 10 1219
100 5 3 1191
100 5 4 1247
100 5 5 1168
100 5 6 1222
100 5 7 1251
100 5 8 1239
100 5 9 1234
100 5 10 1236
100 6 3 1235
100 6 4 1223
100 6 5 1209
100 6 6 1248
100 6 7 1229
100 6 8 1174
100 6 9 1223
100 6 10 1241
100 7 3 1225
100 7 4 1251
100 7 5 1237
100 7 6 1229
100 7 7 1225
100 7 8 1254
100 7 9 1257
100 7 10 1247
100 8 3 1201
100 8 4 1229
100 8 5 1259
100 8 6 1217
100 8 7 1223
100 8 8 1209
100 8 9 1247
100 8 10 1238
100 9 3 1258
100 9 4 1225
100 9 5 1250
100 9 6 1214
100 9 7 1149
100 9 8 1255
100 9 9 1118
100 9 10 1216
