60 0 0 460
60 0 1 455
60 0 2 429
60 1 0 424
60 1 1 438
60 1 2 433
60 2 0 444
60 2 1 400
60 2 2 434
60 3 0 440
60 3 1 395
60 3 2 462
60 4 0 437
60 4 1 428
60 4 2 449
60 5 0 465
60 5 1 443
60 5 2 440
60 6 0 443
60 6 1 429
60 6 2 441
60 7 0 436
60 7 1 461
60 7 2 424
60 8 0 459
60 8 1 436
60 8 2 453
60 9 0 412
60 9 1 452
60 9 2 394
80 0 0 770
80 0 1 761
80 0 2 800
80 1 0 794
80 1 1 822
80 1 2 796
80 2 0 822
80 2 1 802
80 2 2 791
80 3 0 776
80 3 1 772
80 3 2 754
80 4 0 786
80 4 1 791
80 4 2 757
80 5 0 745
80 5 1 774
80 5 2 751
80 6 0 777
80 6 1 769
80 6 2 718
80 7 0 807
80 7 1 727
80 7 2 766
80 8 0 794
80 8 1 773
80 8 2 778
80 9 0 791
80 9 1 784
80 9 2 776
100 0 0 1215
100 0 1 1217
100 0 2 1212
100 1 0 1250
100 1 1 1233
100 1 2 1255
100 2 0 1235
100 2 1 1272
100 2 2 1267
100 3 0 1250
100 3 1 1228
100 3 2 1244
100 4 0 1236
100 4 1 1187
100 4 2 1225
100 5 0 1186
100 5 1 1249
100 5 2 1250
100 6 0 1222
100 6 1 1254
100 6 2 1251
100 7 0 1222
100 7 1 1218
100 7 2 1253
100 8 0 1272
100 8 1 1272
100 8 2 1224
100 9 0 1226
100 9 1 1201
100 9 2 1167
60 0 3 440
60 0 4 371
60 0 5 449
60 0 6 387
60 0 7 454
60 0 8 457
60 0 9 455
60 0 10 433
60 1 3 371
60 1 4 415
60 1 5 435
60 1 6 441
60 1 7 420
60 1 8 450
60 1 9 461
60 1 10 428
60 2 3 437
60 2 4 433
60 2 5 391
60 2 6 439
60 2 7 446
60 2 8 452
60 2 9 430
60 2 10 455
60 3 3 410
60 3 4 442
60 3 5 428
60 3 6 440
60 3 7 425
60 3 8 430
60 3 9 446
60 3 10 421
60 4 3 434
60 4 4 420
60 4 5 455
60 4 6 464
60 4 7 451
60 4 8 427
60 4 9 437
60 4 10 426
60 5 3 386
60 5 4 427
60 5 5 448
60 5 6 432
60 5 7 409
60 5 8 456
60 5 9 461
60 5 10 423
60 6 3 420
60 6 4 439
60 6 5 445
60 6 6 464
60 6 7 435
60 6 8 444
60 6 9 439
60 6 10 444
60 7 3 418
60 7 4 445
60 7 5 445
60 7 6 464
60 7 7 441
60 7 8 473
60 7 9 443
60 7 10 450
60 8 3 435
60 8 4 433
60 8 5 420
60 8 6 440
60 8 7 399
60 8 8 455
60 8 9 435
60 8 10 469
60 9 3 432
60 9 4 448
60 9 5 464
60 9 6 443
60 9 7 448
60 9 8 438
60 9 9 437
60 9 10 420
80 0 3 739
80 0 4 801
80 0 5 785
80 0 6 813
80 0 7 791
80 0 8 753
80 0 9 773
80 0 10 774
80 1 3 807
80 1 4 791
80 1 5 789
80 1 6 796
80 1 7 778
80 1 8 791
80 1 9 812
80 1 10 802
80 2 3 812
80 2 4 788
80 2 5 773
80 2 6 819
80 2 7 691
80 2 8 772
80 2 9 778
80 2 10 777
80 3 3 818
80 3 4 770
80 3 5 793
80 3 6 801
80 3 7 787
80 3 8 782
80 3 9 766
80 3 10 768
80 4 3 771
80 4 4 767
80 4 5 794
80 4 6 790
80 4 7 790
80 4 8 768
80 4 9 811
80 4 10 720
80 5 3 780
80 5 4 768
80 5 5 796
80 5 6 778
80 5 7 789
80 5 8 788
80 5 9 806
80 5 10 799
80 6 3 796
80 6 4 742
80 6 5 764
80 6 6 766
80 6 7 739
80 6 8 789
80 6 9 724
80 6 10 734
80 7 3 780
80 7 4 718
80 7 5 802
80 7 6 793
80 7 7 766
80 7 8 793
80 7 9 777
80 7 10 763
80 8 3 702
80 8 4 775
80 8 5 790
80 8 6 722
80 8 7 763
80 8 8 773
80 8 9 814
80 8 10 774
80 9 3 781
80 9 4 815
80 9 5 804
80 9 6 815
80 9 7 787
80 9 8 793
80 9 9 794
80 9 10 758
100 0 3 1242
100 0 4 1232
100 0 5 1200
100 0 6 1244
100 0 7 1225
100 0 8 1250
100 0 9 1245
100 0 10 1264
100 1 3 1247
100 1 4 1228
100 1 5 1277
100 1 6 1242
100 1 7 1190
100 1 8 1201
100 1 9 1245
100 1 10 1142
100 2 3 1203
100 2 4 1230
100 2 5 1251
100 2 6 1255
100 2 7 1223
100 2 8 1219
100 2 9 1220
100 2 10 1286
100 3 3 1242
100 3 4 1142
100 3 5 1223
100 3 6 1159
100 3 7 1236
100 3 8 1242
100 3 9 1227
100 3 10 1200
100 4 3 1210
100 4 4 1257
100 4 5 1228
100 4 6 1191
100 4 7 1153
100 4 8 1203
100 4 9 1217
100 4 10 1253
100 5 3 1254
100 5 4 1207
100 5 5 1234
100 5 6 1179
100 5 7 1242
100 5 8 1253
100 5 9 1196
100 5 10 1255
100 6 3 1243
100 6 4 1256
100 6 5 1240
100 6 6 1258
100 6 7 1175
100 6 8 1214
100 6 9 1254
100 6 10 1182
100 7 3 1214
100 7 4 1223
100 7 5 1141
100 7 6 1189
100 7 7 1262
100 7 8 1200
100 7 9 1269
100 7 10 1231
100 8 3 1198
100 8 4 1192
100 8 5 1251
100 8 6 1235
100 8 7 1219
100 8 8 1260
100 8 9 1231
100 8 10 1247
100 9 3 1260
100 9 4 1206
100 9 5 1179
100 9 6 1259
100 9 7 1193
100 9 8 1066
100 9 9 1256
100 9 10 1233
