60 0 0 422
60 0 1 416
60 0 2 428
60 1 0 392
60 1 1 443
60 1 2 438
60 2 0 340
60 2 1 410
60 2 2 443
60 3 0 420
60 3 1 455
60 3 2 407
60 4 0 326
60 4 1 430
60 4 2 402
60 5 0 443
60 5 1 430
60 5 2 431
60 6 0 361
60 6 1 282
60 6 2 446
60 7 0 379
60 7 1 424
60 7 2 423
60 8 0 423
60 8 1 463
60 8 2 370
60 9 0 455
60 9 1 417
60 9 2 449
80 0 0 756
80 0 1 799
80 0 2 766
80 1 0 794
80 1 1 714
80 1 2 626
80 2 0 770
80 2 1 777
80 2 2 698
80 3 0 746
80 3 1 755
80 3 2 789
80 4 0 816
80 4 1 775
80 4 2 801
80 5 0 706
80 5 1 774
80 5 2 792
80 6 0 709
80 6 1 777
80 6 2 797
80 7 0 783
80 7 1 787
80 7 2 731
80 8 0 775
80 8 1 800
80 8 2 771
80 9 0 761
80 9 1 732
80 9 2 758
100 0 0 1165
100 0 1 1234
100 0 2 1227
100 1 0 1238
100 1 1 1240
100 1 2 1181
100 2 0 1180
100 2 1 1126
100 2 2 1240
100 3 0 1232
100 3 1 1163
100 3 2 1128
100 4 0 1235
100 4 1 1204
100 4 2 1232
100 5 0 1234
100 5 1 1112
100 5 2 1193
100 6 0 1177
100 6 1 1229
100 6 2 1152
100 7 0 1243
100 7 1 1232
100 7 2 1160
100 8 0 1252
100 8 1 1245
100 8 2 1260
100 9 0 1236
100 9 1 1224
100 9 2 1186
60 0 3 432
60 0 4 401
60 0 5 460
60 0 6 407
60 0 7 351
60 0 8 446
60 0 9 387
60 0 10 435
60 1 3 427
60 1 4 413
60 1 5 453
60 1 6 455
60 1 7 438
60 1 8 453
60 1 9 428
60 1 10 429
60 2 3 446
60 2 4 439
60 2 5 430
60 2 6 375
60 2 7 435
60 2 8 422
60 2 9 433
60 2 10 437
60 3 3 438
60 3 4 354
60 3 5 433
60 3 6 431
60 3 7 429
60 3 8 435
60 3 9 440
60 3 10 413
60 4 3 430
60 4 4 433
60 4 5 373
60 4 6 420
60 4 7 424
60 4 8 369
60 4 9 414
60 4 10 445
60 5 3 426
60 5 4 443
60 5 5 442
60 5 6 436
60 5 7 411
60 5 8 453
60 5 9 388
60 5 10 452
60 6 3 447
60 6 4 396
60 6 5 329
60 6 6 425
60 6 7 449
60 6 8 441
60 6 9 443
60 6 10 407
60 7 3 448
60 7 4 430
60 7 5 420
60 7 6 409
60 7 7 384
60 7 8 381
60 7 9 441
60 7 10 424
60 8 3 359
60 8 4 431
60 8 5 441
60 8 6 442
60 8 7 420
60 8 8 381
60 8 9 450
60 8 10 441
60 9 3 444
60 9 4 438
60 9 5 457
60 9 6 322
60 9 7 428
60 9 8 438
60 9 9 414
60 9 10 438
80 0 3 754
80 0 4 750
80 0 5 770
80 0 6 704
80 0 7 798
80 0 8 708
80 0 9 792
80 0 10 727
80 1 3 757
80 1 4 799
80 1 5 761
80 1 6 743
80 1 7 816
80 1 8 752
80 1 9 764
80 1 10 712
80 2 3 764
80 2 4 750
80 2 5 804
80 2 6 702
80 2 7 751
80 2 8 776
80 2 9 759
80 2 10 799
80 3 3 760
80 3 4 797
80 3 5 798
80 3 6 757
80 3 7 738
80 3 8 793
80 3 9 764
80 3 10 759
80 4 3 780
80 4 4 771
80 4 5 783
80 4 6 674
80 4 7 767
80 4 8 718
80 4 9 778
80 4 10 769
80 5 3 785
80 5 4 649
80 5 5 703
80 5 6 761
80 5 7 792
80 5 8 791
80 5 9 789
80 5 10 784
80 6 3 792
80 6 4 769
80 6 5 733
80 6 6 487
80 6 7 790
80 6 8 800
80 6 9 759
80 6 10 769
80 7 3 698
80 7 4 813
80 7 5 694
80 7 6 714
80 7 7 799
80 7 8 801
80 7 9 798
80 7 10 788
80 8 3 796
80 8 4 760
80 8 5 757
80 8 6 779
80 8 7 765
80 8 8 799
80 8 9 784
80 8 10 810
80 9 3 789
80 9 4 776
80 9 5 732
80 9 6 778
80 9 7 807
80 9 8 765
80 9 9 791
80 9 10 698
100 0 3 1184
100 0 4 1265
100 0 5 1161
100 0 6 1242
100 0 7 1169
100 0 8 1160
100 0 9 1239
100 0 10 1245
100 1 3 1239
100 1 4 1156
100 1 5 1092
100 1 6 1173
100 1 7 1229
100 1 8 1209
100 1 9 1208
100 1 10 1247
100 2 3 1261
100 2 4 1222
100 2 5 1273
100 2 6 1200
100 2 7 1265
100 2 8 1270
100 2 9 1290
100 2 10 1247
100 3 3 1210
100 3 4 1203
100 3 5 1031
100 3 6 1248
100 3 7 1095
100 3 8 1246
100 3 9 1216
100 3 10 1216
100 4 3 1233
100 4 4 1219
100 4 5 1232
100 4 6 1068
100 4 7 1213
100 4 8 1146
100 4 9 1130
100 4 10 1226
100 5 3 1082
100 5 4 1208
100 5 5 1203
100 5 6 1113
100 5 7 1094
100 5 8 1182
100 5 9 1230
100 5 10 1218
100 6 3 1201
100 6 4 1188
100 6 5 1073
100 6 6 1231
100 6 7 1226
100 6 8 1217
100 6 9 1239
100 6 10 1220
100 7 3 1200
100 7 4 1223
100 7 5 1146
100 7 6 1242
100 7 7 1198
100 7 8 1249
100 7 9 1225
100 7 10 1258
100 8 3 1239
100 8 4 1244
100 8 5 1228
100 8 6 1257
100 8 7 1214
100 8 8 1168
100 8 9 1253
100 8 10 1246
100 9 3 1123
100 9 4 1181
100 9 5 1223
100 9 6 1240
100 9 7 1193
100 9 8 1238
100 9 9 1221
100 9 10 1152
