60 0 0 309
60 0 1 274
60 0 2 234
60 0 3 234
60 0 4 138
60 0 5 138
60 0 6 138
60 0 7 138
60 0 8 309
60 0 9 138
60 1 0 304
60 1 1 283
60 1 2 283
60 1 3 128
60 1 4 128
60 1 5 128
60 1 6 128
60 1 7 272
60 1 8 128
60 1 9 191
60 2 0 88
60 2 1 88
60 2 2 88
60 2 3 88
60 2 4 88
60 2 5 88
60 2 6 88
60 2 7 88
60 2 8 88
60 2 9 88
60 3 0 273
60 3 1 210
60 3 2 337
60 3 3 337
60 3 4 310
60 3 5 174
60 3 6 310
60 3 7 228
60 3 8 337
60 3 9 273
60 4 0 114
60 4 1 114
60 4 2 114
60 4 3 114
60 4 4 114
60 4 5 114
60 4 6 114
60 4 7 114
60 4 8 114
60 4 9 114
60 5 0 97
60 5 1 97
60 5 2 97
60 5 3 229
60 5 4 69
60 5 5 114
60 5 6 103
60 5 7 114
60 5 8 142
60 5 9 229
60 6 0 62
60 6 1 62
60 6 2 62
60 6 3 62
60 6 4 62
60 6 5 62
60 6 6 62
60 6 7 62
60 6 8 62
60 6 9 62
60 7 0 88
60 7 1 88
60 7 2 88
60 7 3 88
60 7 4 88
60 7 5 88
60 7 6 88
60 7 7 88
60 7 8 88
60 7 9 88
60 8 0 123
60 8 1 112
60 8 2 178
60 8 3 112
60 8 4 178
60 8 5 178
60 8 6 123
60 8 7 178
60 8 8 123
60 8 9 123
60 9 0 142
60 9 1 66
60 9 2 142
60 9 3 142
60 9 4 161
60 9 5 66
60 9 6 66
60 9 7 66
60 9 8 161
60 9 9 66
80 0 0 79
80 0 1 79
80 0 2 79
80 0 3 79
80 0 4 79
80 0 5 79
80 0 6 79
80 0 7 79
80 0 8 79
80 0 9 79
80 1 0 104
80 1 1 104
80 1 2 138
80 1 3 104
80 1 4 138
80 1 5 138
80 1 6 138
80 1 7 104
80 1 8 104
80 1 9 138
80 2 0 438
80 2 1 186
80 2 2 153
80 2 3 186
80 2 4 415
80 2 5 186
80 2 6 157
80 2 7 438
80 2 8 186
80 2 9 157
80 3 0 186
80 3 1 150
80 3 2 186
80 3 3 186
80 3 4 186
80 3 5 644
80 3 6 644
80 3 7 186
80 3 8 644
80 3 9 644
80 4 0 188
80 4 1 458
80 4 2 359
80 4 3 458
80 4 4 175
80 4 5 250
80 4 6 373
80 4 7 175
80 4 8 188
80 4 9 359
80 5 0 147
80 5 1 147
80 5 2 147
80 5 3 76
80 5 4 106
80 5 5 147
80 5 6 76
80 5 7 106
80 5 8 147
80 5 9 147
80 6 0 160
80 6 1 160
80 6 2 85
80 6 3 85
80 6 4 160
80 6 5 85
80 6 6 85
80 6 7 160
80 6 8 160
80 6 9 85
80 7 0 315
80 7 1 350
80 7 2 237
80 7 3 315
80 7 4 350
80 7 5 309
80 7 6 315
80 7 7 315
80 7 8 177
80 7 9 350
80 8 0 80
80 8 1 80
80 8 2 80
80 8 3 80
80 8 4 80
80 8 5 80
80 8 6 80
80 8 7 80
80 8 8 80
80 8 9 80
80 9 0 668
80 9 1 98
80 9 2 102
80 9 3 668
80 9 4 172
80 9 5 98
80 9 6 102
80 9 7 102
80 9 8 668
80 9 9 102
100 0 0 89
100 0 1 362
100 0 2 362
100 0 3 89
100 0 4 89
100 0 5 89
100 0 6 89
100 0 7 89
100 0 8 183
100 0 9 183
100 1 0 519
100 1 1 188
100 1 2 269
100 1 3 272
100 1 4 269
100 1 5 272
100 1 6 269
100 1 7 269
100 1 8 272
100 1 9 519
100 2 0 198
100 2 1 198
100 2 2 198
100 2 3 198
100 2 4 198
100 2 5 198
100 2 6 198
100 2 7 198
100 2 8 198
100 2 9 198
100 3 0 141
100 3 1 141
100 3 2 141
100 3 3 282
100 3 4 141
100 3 5 141
100 3 6 282
100 3 7 141
100 3 8 282
100 3 9 141
100 4 0 374
100 4 1 196
100 4 2 374
100 4 3 196
100 4 4 196
100 4 5 274
100 4 6 374
100 4 7 374
100 4 8 374
100 4 9 274
100 5 0 113
100 5 1 208
100 5 2 113
100 5 3 113
100 5 4 208
100 5 5 169
100 5 6 208
100 5 7 169
100 5 8 113
100 5 9 393
100 6 0 100
100 6 1 100
100 6 2 100
100 6 3 100
100 6 4 100
100 6 5 100
100 6 6 100
100 6 7 100
100 6 8 100
100 6 9 100
100 7 0 98
100 7 1 98
100 7 2 291
100 7 3 200
100 7 4 291
100 7 5 200
100 7 6 200
100 7 7 291
100 7 8 200
100 7 9 291
100 8 0 98
100 8 1 98
100 8 2 152
100 8 3 98
100 8 4 152
100 8 5 98
100 8 6 152
100 8 7 98
100 8 8 152
100 8 9 152
100 9 0 368
100 9 1 529
100 9 2 501
100 9 3 529
100 9 4 279
100 9 5 529
100 9 6 279
100 9 7 529
100 9 8 529
100 9 9 230
