60 0 0 465
60 0 1 432
60 0 2 420
60 1 0 435
60 1 1 429
60 1 2 391
60 2 0 441
60 2 1 415
60 2 2 430
60 3 0 414
60 3 1 454
60 3 2 415
60 4 0 454
60 4 1 423
60 4 2 464
60 5 0 438
60 5 1 433
60 5 2 388
60 6 0 452
60 6 1 383
60 6 2 431
60 7 0 427
60 7 1 452
60 7 2 381
60 8 0 437
60 8 1 432
60 8 2 405
60 9 0 390
60 9 1 409
60 9 2 457
80 0 0 780
80 0 1 794
80 0 2 818
80 1 0 751
80 1 1 796
80 1 2 798
80 2 0 773
80 2 1 793
80 2 2 809
80 3 0 781
80 3 1 720
80 3 2 754
80 4 0 791
80 4 1 731
80 4 2 792
80 5 0 752
80 5 1 781
80 5 2 808
80 6 0 749
80 6 1 658
80 6 2 793
80 7 0 726
80 7 1 804
80 7 2 791
80 8 0 808
80 8 1 784
80 8 2 708
80 9 0 819
80 9 1 732
80 9 2 780
100 0 0 1289
100 0 1 1254
100 0 2 1157
100 1 0 1232
100 1 1 1254
100 1 2 1257
100 2 0 1171
100 2 1 1250
100 2 2 1147
100 3 0 1208
100 3 1 1136
100 3 2 1243
100 4 0 1267
100 4 1 1244
100 4 2 1226
100 5 0 1226
100 5 1 1163
100 5 2 1241
100 6 0 1215
100 6 1 1228
100 6 2 1256
100 7 0 1267
100 7 1 1223
100 7 2 1240
100 8 0 1239
100 8 1 1214
100 8 2 1232
100 9 0 1196
100 9 1 1239
100 9 2 1245
60 0 3 433
60 0 4 443
60 0 5 445
60 0 6 334
60 0 7 430
60 0 8 445
60 0 9 395
60 0 10 444
60 1 3 452
60 1 4 436
60 1 5 447
60 1 6 427
60 1 7 429
60 1 8 437
60 1 9 438
60 1 10 442
60 2 3 428
60 2 4 436
60 2 5 453
60 2 6 439
60 2 7 442
60 2 8 398
60 2 9 445
60 2 10 387
60 3 3 437
60 3 4 378
60 3 5 437
60 3 6 414
60 3 7 410
60 3 8 448
60 3 9 420
60 3 10 397
60 4 3 429
60 4 4 425
60 4 5 407
60 4 6 440
60 4 7 426
60 4 8 439
60 4 9 315
60 4 10 427
60 5 3 443
60 5 4 437
60 5 5 433
60 5 6 430
60 5 7 424
60 5 8 442
60 5 9 417
60 5 10 421
60 6 3 443
60 6 4 442
60 6 5 448
60 6 6 438
60 6 7 408
60 6 8 445
60 6 9 391
60 6 10 432
60 7 3 304
60 7 4 305
60 7 5 446
60 7 6 415
60 7 7 415
60 7 8 441
60 7 9 456
60 7 10 450
60 8 3 441
60 8 4 439
60 8 5 440
60 8 6 431
60 8 7 450
60 8 8 441
60 8 9 433
60 8 10 406
60 9 3 370
60 9 4 443
60 9 5 416
60 9 6 423
60 9 7 439
60 9 8 433
60 9 9 444
60 9 10 453
80 0 3 790
80 0 4 768
80 0 5 725
80 0 6 750
80 0 7 748
80 0 8 779
80 0 9 773
80 0 10 775
80 1 3 777
80 1 4 766
80 1 5 770
80 1 6 783
80 1 7 797
80 1 8 779
80 1 9 776
80 1 10 788
80 2 3 808
80 2 4 792
80 2 5 621
80 2 6 765
80 2 7 789
80 2 8 803
80 2 9 773
80 2 10 797
80 3 3 791
80 3 4 776
80 3 5 763
80 3 6 749
80 3 7 755
80 3 8 794
80 3 9 777
80 3 10 775
80 4 3 762
80 4 4 817
80 4 5 772
80 4 6 770
80 4 7 779
80 4 8 774
80 4 9 659
80 4 10 771
80 5 3 774
80 5 4 643
80 5 5 769
80 5 6 757
80 5 7 809
80 5 8 769
80 5 9 780
80 5 10 792
80 6 3 655
80 6 4 766
80 6 5 790
80 6 6 773
80 6 7 820
80 6 8 780
80 6 9 765
80 6 10 747
80 7 3 616
80 7 4 792
80 7 5 803
80 7 6 772
80 7 7 773
80 7 8 776
80 7 9 686
80 7 10 805
80 8 3 774
80 8 4 778
80 8 5 776
80 8 6 669
80 8 7 793
80 8 8 707
80 8 9 775
80 8 10 776
80 9 3 765
80 9 4 768
80 9 5 758
80 9 6 784
80 9 7 810
80 9 8 746
80 9 9 776
80 9 10 775
100 0 3 1214
100 0 4 1229
100 0 5 1248
100 0 6 1204
100 0 7 1234
100 0 8 1224
100 0 9 1203
100 0 10 1244
100 1 3 1249
100 1 4 1199
100 1 5 1189
100 1 6 1205
100 1 7 1236
100 1 8 1217
100 1 9 1161
100 1 10 1273
100 2 3 1193
100 2 4 1244
100 2 5 1231
100 2 6 1243
100 2 7 1254
100 2 8 1186
100 2 9 1151
100 2 10 1267
100 3 3 1180
100 3 4 1241
100 3 5 1222
100 3 6 1229
100 3 7 1217
100 3 8 1225
100 3 9 1221
100 3 10 1247
100 4 3 1212
100 4 4 1223
100 4 5 1238
100 4 6 1225
100 4 7 1154
100 4 8 1178
100 4 9 1201
100 4 10 1212
100 5 3 1242
100 5 4 1197
100 5 5 1245
100 5 6 1241
100 5 7 1229
100 5 8 1251
100 5 9 1201
100 5 10 1209
100 6 3 1193
100 6 4 1239
100 6 5 1203
100 6 6 1152
100 6 7 1251
100 6 8 1183
100 6 9 1240
100 6 10 1218
100 7 3 1245
100 7 4 1227
100 7 5 1213
100 7 6 1234
100 7 7 1178
100 7 8 1149
100 7 9 1232
100 7 10 1225
100 8 3 1232
100 8 4 1235
100 8 5 1256
100 8 6 1212
100 8 7 1222
100 8 8 1249
100 8 9 1240
100 8 10 1257
100 9 3 1255
100 9 4 1182
100 9 5 1247
100 9 6 1218
100 9 7 1229
100 9 8 1222
100 9 9 1228
100 9 10 1242
