60 0 0 428
60 0 1 438
60 0 2 454
60 1 0 424
60 1 1 407
60 1 2 429
60 2 0 429
60 2 1 431
60 2 2 413
60 3 0 439
60 3 1 458
60 3 2 452
60 4 0 364
60 4 1 448
60 4 2 437
60 5 0 387
60 5 1 451
60 5 2 458
60 6 0 354
60 6 1 443
60 6 2 427
60 7 0 449
60 7 1 461
60 7 2 450
60 8 0 445
60 8 1 429
60 8 2 412
60 9 0 454
60 9 1 438
60 9 2 433
80 0 0 797
80 0 1 788
80 0 2 780
80 1 0 791
80 1 1 774
80 1 2 806
80 2 0 764
80 2 1 802
80 2 2 788
80 3 0 722
80 3 1 775
80 3 2 726
80 4 0 790
80 4 1 754
80 4 2 813
80 5 0 790
80 5 1 780
80 5 2 799
80 6 0 800
80 6 1 800
80 6 2 788
80 7 0 714
80 7 1 773
80 7 2 735
80 8 0 800
80 8 1 745
80 8 2 785
80 9 0 777
80 9 1 786
80 9 2 799
100 0 0 1249
100 0 1 1062
100 0 2 1221
100 1 0 1222
100 1 1 1254
100 1 2 1232
100 2 0 1116
100 2 1 1206
100 2 2 1245
100 3 0 1231
100 3 1 1152
100 3 2 1240
100 4 0 1224
100 4 1 1207
100 4 2 1251
100 5 0 1206
100 5 1 1237
100 5 2 1247
100 6 0 1236
100 6 1 1240
100 6 2 1152
100 7 0 1231
100 7 1 1256
100 7 2 1246
100 8 0 1211
100 8 1 1182
100 8 2 1211
100 9 0 1231
100 9 1 1252
100 9 2 1222
60 0 3 433
60 0 4 383
60 0 5 456
60 0 6 406
60 0 7 455
60 0 8 389
60 0 9 384
60 0 10 439
60 1 3 437
60 1 4 382
60 1 5 432
60 1 6 433
60 1 7 433
60 1 8 436
60 1 9 379
60 1 10 392
60 2 3 441
60 2 4 428
60 2 5 427
60 2 6 387
60 2 7 448
60 2 8 447
60 2 9 445
60 2 10 435
60 3 3 447
60 3 4 464
60 3 5 448
60 3 6 382
60 3 7 317
60 3 8 448
60 3 9 435
60 3 10 460
60 4 3 425
60 4 4 448
60 4 5 462
60 4 6 451
60 4 7 362
60 4 8 357
60 4 9 386
60 4 10 451
60 5 3 431
60 5 4 444
60 5 5 445
60 5 6 439
60 5 7 432
60 5 8 377
60 5 9 448
60 5 10 434
60 6 3 377
60 6 4 436
60 6 5 460
60 6 6 433
60 6 7 389
60 6 8 419
60 6 9 440
60 6 10 435
60 7 3 453
60 7 4 449
60 7 5 462
60 7 6 437
60 7 7 379
60 7 8 421
60 7 9 448
60 7 10 435
60 8 3 438
60 8 4 445
60 8 5 464
60 8 6 427
60 8 7 406
60 8 8 436
60 8 9 430
60 8 10 456
60 9 3 454
60 9 4 408
60 9 5 463
60 9 6 439
60 9 7 446
60 9 8 458
60 9 9 427
60 9 10 373
80 0 3 779
80 0 4 676
80 0 5 797
80 0 6 770
80 0 7 788
80 0 8 793
80 0 9 785
80 0 10 796
80 1 3 792
80 1 4 799
80 1 5 774
80 1 6 771
80 1 7 808
80 1 8 795
80 1 9 692
80 1 10 767
80 2 3 791
80 2 4 779
80 2 5 777
80 2 6 815
80 2 7 739
80 2 8 742
80 2 9 772
80 2 10 828
80 3 3 760
80 3 4 783
80 3 5 772
80 3 6 795
80 3 7 786
80 3 8 765
80 3 9 764
80 3 10 796
80 4 3 784
80 4 4 800
80 4 5 789
80 4 6 773
80 4 7 798
80 4 8 783
80 4 9 770
80 4 10 782
80 5 3 790
80 5 4 825
80 5 5 805
80 5 6 774
80 5 7 747
80 5 8 785
80 5 9 770
80 5 10 788
80 6 3 735
80 6 4 807
80 6 5 785
80 6 6 778
80 6 7 771
80 6 8 796
80 6 9 817
80 6 10 764
80 7 3 810
80 7 4 687
80 7 5 781
80 7 6 778
80 7 7 735
80 7 8 793
80 7 9 802
80 7 10 733
80 8 3 755
80 8 4 756
80 8 5 732
80 8 6 800
80 8 7 823
80 8 8 651
80 8 9 763
80 8 10 805
80 9 3 761
80 9 4 797
80 9 5 772
80 9 6 760
80 9 7 783
80 9 8 775
80 9 9 767
80 9 10 792
100 0 3 1142
100 0 4 1239
100 0 5 1135
100 0 6 1260
100 0 7 1233
100 0 8 1196
100 0 9 1264
100 0 10 1205
100 1 3 1256
100 1 4 1230
100 1 5 1160
100 1 6 1248
100 1 7 1242
100 1 8 1215
100 1 9 1242
100 1 10 1229
100 2 3 1236
100 2 4 1267
100 2 5 1162
100 2 6 1234
100 2 7 1270
100 2 8 1227
100 2 9 1220
100 2 10 1183
100 3 3 1162
100 3 4 1237
100 3 5 1225
100 3 6 1240
100 3 7 1215
100 3 8 1258
100 3 9 1099
100 3 10 1195
100 4 3 1171
100 4 4 1269
100 4 5 1248
100 4 6 1193
100 4 7 1223
100 4 8 1140
100 4 9 1227
100 4 10 1230
100 5 3 1256
100 5 4 1242
100 5 5 1216
100 5 6 1215
100 5 7 1224
100 5 8 1192
100 5 9 1256
100 5 10 1170
100 6 3 1223
100 6 4 1209
100 6 5 1208
100 6 6 1228
100 6 7 1244
100 6 8 1212
100 6 9 1190
100 6 10 1195
100 7 3 1218
100 7 4 1223
100 7 5 1226
100 7 6 1261
100 7 7 1152
100 7 8 1222
100 7 9 1175
100 7 10 1216
100 8 3 1239
100 8 4 1071
100 8 5 1248
100 8 6 1252
100 8 7 1256
100 8 8 1242
100 8 9 1256
100 8 10 1213
100 9 3 1212
100 9 4 1229
100 9 5 1261
100 9 6 1245
100 9 7 1224
100 9 8 1242
100 9 9 1217
100 9 10 1102
