60 0 0 411
60 0 1 411
60 0 2 442
60 1 0 452
60 1 1 452
60 1 2 358
60 2 0 394
60 2 1 435
60 2 2 438
60 3 0 429
60 3 1 417
60 3 2 400
60 4 0 426
60 4 1 402
60 4 2 436
60 5 0 432
60 5 1 435
60 5 2 458
60 6 0 425
60 6 1 442
60 6 2 462
60 7 0 412
60 7 1 435
60 7 2 425
60 8 0 441
60 8 1 445
60 8 2 452
60 9 0 424
60 9 1 441
60 9 2 414
80 0 0 768
80 0 1 802
80 0 2 812
80 1 0 801
80 1 1 774
80 1 2 775
80 2 0 778
80 2 1 797
80 2 2 767
80 3 0 748
80 3 1 806
80 3 2 776
80 4 0 788
80 4 1 766
80 4 2 788
80 5 0 798
80 5 1 790
80 5 2 793
80 6 0 745
80 6 1 808
80 6 2 788
80 7 0 778
80 7 1 808
80 7 2 732
80 8 0 719
80 8 1 797
80 8 2 774
80 9 0 772
80 9 1 796
80 9 2 804
100 0 0 1232
100 0 1 1204
100 0 2 1243
100 1 0 1236
100 1 1 1191
100 1 2 1190
100 2 0 1209
100 2 1 1237
100 2 2 1261
100 3 0 1226
100 3 1 1232
100 3 2 1273
100 4 0 1213
100 4 1 1260
100 4 2 1212
100 5 0 1237
100 5 1 1244
100 5 2 1210
100 6 0 1260
100 6 1 1244
100 6 2 1252
100 7 0 1230
100 7 1 1164
100 7 2 1182
100 8 0 1207
100 8 1 1237
100 8 2 1242
100 9 0 1209
100 9 1 1203
100 9 2 1232
60 0 3 436
60 0 4 446
60 0 5 431
60 0 6 423
60 0 7 423
60 0 8 427
60 0 9 405
60 0 10 414
60 1 3 440
60 1 4 443
60 1 5 431
60 1 6 439
60 1 7 427
60 1 8 430
60 1 9 427
60 1 10 444
60 2 3 439
60 2 4 452
60 2 5 452
60 2 6 432
60 2 7 363
60 2 8 431
60 2 9 433
60 2 10 445
60 3 3 439
60 3 4 436
60 3 5 456
60 3 6 440
60 3 7 437
60 3 8 455
60 3 9 431
60 3 10 451
60 4 3 452
60 4 4 443
60 4 5 432
60 4 6 441
60 4 7 460
60 4 8 449
60 4 9 443
60 4 10 455
60 5 3 430
60 5 4 435
60 5 5 407
60 5 6 447
60 5 7 427
60 5 8 446
60 5 9 396
60 5 10 434
60 6 3 437
60 6 4 447
60 6 5 453
60 6 6 421
60 6 7 407
60 6 8 438
60 6 9 451
60 6 10 448
60 7 3 442
60 7 4 435
60 7 5 454
60 7 6 432
60 7 7 410
60 7 8 449
60 7 9 445
60 7 10 438
60 8 3 444
60 8 4 446
60 8 5 428
60 8 6 440
60 8 7 447
60 8 8 436
60 8 9 457
60 8 10 432
60 9 3 447
60 9 4 450
60 9 5 431
60 9 6 444
60 9 7 438
60 9 8 433
60 9 9 426
60 9 10 440
80 0 3 768
80 0 4 723
80 0 5 791
80 0 6 736
80 0 7 772
80 0 8 796
80 0 9 765
80 0 10 783
80 1 3 800
80 1 4 798
80 1 5 813
80 1 6 808
80 1 7 783
80 1 8 730
80 1 9 777
80 1 10 807
80 2 3 795
80 2 4 814
80 2 5 797
80 2 6 782
80 2 7 796
80 2 8 784
80 2 9 800
80 2 10 808
80 3 3 793
80 3 4 804
80 3 5 816
80 3 6 783
80 3 7 794
80 3 8 792
80 3 9 797
80 3 10 807
80 4 3 818
80 4 4 790
80 4 5 764
80 4 6 742
80 4 7 818
80 4 8 752
80 4 9 776
80 4 10 772
80 5 3 805
80 5 4 811
80 5 5 777
80 5 6 732
80 5 7 731
80 5 8 806
80 5 9 783
80 5 10 762
80 6 3 759
80 6 4 793
80 6 5 784
80 6 6 759
80 6 7 774
80 6 8 804
80 6 9 807
80 6 10 745
80 7 3 759
80 7 4 749
80 7 5 734
80 7 6 751
80 7 7 774
80 7 8 772
80 7 9 774
80 7 10 759
80 8 3 791
80 8 4 753
80 8 5 809
80 8 6 800
80 8 7 773
80 8 8 753
80 8 9 792
80 8 10 785
80 9 3 786
80 9 4 805
80 9 5 639
80 9 6 802
80 9 7 793
80 9 8 783
80 9 9 793
80 9 10 789
100 0 3 1235
100 0 4 1189
100 0 5 1222
100 0 6 1203
100 0 7 1183
100 0 8 1198
100 0 9 1238
100 0 10 1224
100 1 3 1238
100 1 4 1280
100 1 5 1239
100 1 6 1232
100 1 7 1204
100 1 8 1204
100 1 9 1242
100 1 10 1237
100 2 3 1236
100 2 4 1216
100 2 5 1223
100 2 6 1204
100 2 7 1208
100 2 8 1246
100 2 9 1263
100 2 10 1238
100 3 3 1233
100 3 4 1245
100 3 5 1182
100 3 6 1220
100 3 7 1231
100 3 8 1201
100 3 9 1207
100 3 10 1274
100 4 3 1239
100 4 4 1243
100 4 5 1186
100 4 6 1221
100 4 7 1229
100 4 8 1247
100 4 9 1219
100 4 10 1268
100 5 3 1181
100 5 4 1205
100 5 5 1223
100 5 6 1248
100 5 7 1196
100 5 8 1234
100 5 9 1262
100 5 10 1135
100 6 3 1248
100 6 4 1197
100 6 5 1245
100 6 6 1201
100 6 7 1245
100 6 8 1231
100 6 9 1134
100 6 10 1201
100 7 3 1174
100 7 4 1169
100 7 5 1250
100 7 6 1254
100 7 7 1188
100 7 8 1227
100 7 9 1232
100 7 10 1236
100 8 3 1221
100 8 4 1240
100 8 5 1198
100 8 6 1250
100 8 7 1255
100 8 8 1132
100 8 9 1220
100 8 10 1200
100 9 3 1242
100 9 4 1229
100 9 5 1221
100 9 6 1235
100 9 7 1235
100 9 8 1253
100 9 9 1214
100 9 10 1230
