60 0 0 438
60 0 1 412
60 0 2 437
60 1 0 432
60 1 1 448
60 1 2 429
60 2 0 453
60 2 1 420
60 2 2 401
60 3 0 434
60 3 1 436
60 3 2 435
60 4 0 441
60 4 1 445
60 4 2 412
60 5 0 454
60 5 1 441
60 5 2 428
60 6 0 426
60 6 1 422
60 6 2 406
60 7 0 397
60 7 1 444
60 7 2 449
60 8 0 416
60 8 1 449
60 8 2 407
60 9 0 424
60 9 1 426
60 9 2 446
80 0 0 786
80 0 1 800
80 0 2 771
80 1 0 808
80 1 1 772
80 1 2 764
80 2 0 791
80 2 1 684
80 2 2 801
80 3 0 789
80 3 1 795
80 3 2 760
80 4 0 775
80 4 1 722
80 4 2 801
80 5 0 740
80 5 1 721
80 5 2 779
80 6 0 748
80 6 1 753
80 6 2 769
80 7 0 786
80 7 1 802
80 7 2 787
80 8 0 781
80 8 1 761
80 8 2 793
80 9 0 782
80 9 1 742
80 9 2 768
100 0 0 1172
100 0 1 1214
100 0 2 1222
100 1 0 1259
100 1 1 1255
100 1 2 1207
100 2 0 1215
100 2 1 1136
100 2 2 1180
100 3 0 1219
100 3 1 1178
100 3 2 1196
100 4 0 1212
100 4 1 1066
100 4 2 1204
100 5 0 1230
100 5 1 1253
100 5 2 1274
100 6 0 1206
100 6 1 1240
100 6 2 1258
100 7 0 1213
100 7 1 1208
100 7 2 1228
100 8 0 1141
100 8 1 1169
100 8 2 1227
100 9 0 1252
100 9 1 1210
100 9 2 1220
60 0 3 400
60 0 4 420
60 0 5 425
60 0 6 365
60 0 7 440
60 0 8 441
60 0 9 360
60 0 10 420
60 1 3 457
60 1 4 435
60 1 5 414
60 1 6 424
60 1 7 438
60 1 8 456
60 1 9 416
60 1 10 432
60 2 3 444
60 2 4 444
60 2 5 431
60 2 6 444
60 2 7 428
60 2 8 429
60 2 9 402
60 2 10 455
60 3 3 413
60 3 4 400
60 3 5 414
60 3 6 378
60 3 7 434
60 3 8 471
60 3 9 449
60 3 10 439
60 4 3 387
60 4 4 447
60 4 5 447
60 4 6 429
60 4 7 459
60 4 8 436
60 4 9 443
60 4 10 440
60 5 3 429
60 5 4 450
60 5 5 437
60 5 6 438
60 5 7 448
60 5 8 439
60 5 9 390
60 5 10 453
60 6 3 437
60 6 4 438
60 6 5 409
60 6 6 447
60 6 7 429
60 6 8 458
60 6 9 389
60 6 10 461
60 7 3 411
60 7 4 439
60 7 5 450
60 7 6 391
60 7 7 459
60 7 8 450
60 7 9 446
60 7 10 436
60 8 3 468
60 8 4 446
60 8 5 402
60 8 6 421
60 8 7 448
60 8 8 424
60 8 9 447
60 8 10 440
60 9 3 437
60 9 4 435
60 9 5 454
60 9 6 439
60 9 7 422
60 9 8 438
60 9 9 431
60 9 10 424
80 0 3 782
80 0 4 790
80 0 5 777
80 0 6 753
80 0 7 740
80 0 8 751
80 0 9 777
80 0 10 800
80 1 3 776
80 1 4 794
80 1 5 722
80 1 6 798
80 1 7 778
80 1 8 797
80 1 9 771
80 1 10 792
80 2 3 773
80 2 4 772
80 2 5 770
80 2 6 766
80 2 7 738
80 2 8 791
80 2 9 812
80 2 10 776
80 3 3 783
80 3 4 789
80 3 5 775
80 3 6 774
80 3 7 789
80 3 8 773
80 3 9 811
80 3 10 755
80 4 3 799
80 4 4 783
80 4 5 725
80 4 6 773
80 4 7 781
80 4 8 731
80 4 9 723
80 4 10 772
80 5 3 786
80 5 4 787
80 5 5 814
80 5 6 802
80 5 7 815
80 5 8 785
80 5 9 777
80 5 10 759
80 6 3 823
80 6 4 794
80 6 5 807
80 6 6 776
80 6 7 785
80 6 8 763
80 6 9 791
80 6 10 753
80 7 3 778
80 7 4 793
80 7 5 831
80 7 6 794
80 7 7 776
80 7 8 807
80 7 9 757
80 7 10 793
80 8 3 754
80 8 4 777
80 8 5 711
80 8 6 742
80 8 7 781
80 8 8 804
80 8 9 786
80 8 10 804
80 9 3 796
80 9 4 759
80 9 5 807
80 9 6 788
80 9 7 802
80 9 8 797
80 9 9 770
80 9 10 753
100 0 3 1249
100 0 4 1243
100 0 5 1247
100 0 6 1244
100 0 7 1083
100 0 8 1184
100 0 9 1262
100 0 10 1234
100 1 3 1231
100 1 4 1233
100 1 5 1244
100 1 6 1208
100 1 7 1225
100 1 8 1218
100 1 9 1197
100 1 10 1207
100 2 3 1250
100 2 4 1260
100 2 5 1216
100 2 6 1169
100 2 7 1277
100 2 8 1249
100 2 9 1210
100 2 10 1241
100 3 3 1238
100 3 4 1097
100 3 5 1199
100 3 6 1232
100 3 7 1243
100 3 8 1251
100 3 9 1252
100 3 10 1266
100 4 3 1250
100 4 4 1288
100 4 5 1245
100 4 6 1162
100 4 7 1179
100 4 8 1240
100 4 9 1112
100 4 10 1210
100 5 3 1251
100 5 4 1240
100 5 5 1194
100 5 6 1238
100 5 7 1220
100 5 8 1176
100 5 9 1244
100 5 10 1208
100 6 3 1101
100 6 4 1254
100 6 5 1245
100 6 6 1212
100 6 7 1216
100 6 8 1216
100 6 9 1215
100 6 10 1214
100 7 3 1222
100 7 4 1105
100 7 5 1222
100 7 6 1239
100 7 7 1198
100 7 8 1274
100 7 9 1264
100 7 10 1258
100 8 3 1177
100 8 4 1261
100 8 5 1165
100 8 6 1172
100 8 7 1194
100 8 8 1212
100 8 9 1239
100 8 10 1243
100 9 3 1163
100 9 4 1220
100 9 5 1236
100 9 6 1105
100 9 7 1190
100 9 8 1245
100 9 9 1212
100 9 10 1259
