60 0 0 465
60 0 1 418
60 0 2 438
60 1 0 423
60 1 1 464
60 1 2 423
60 2 0 396
60 2 1 427
60 2 2 450
60 3 0 441
60 3 1 451
60 3 2 399
60 4 0 433
60 4 1 428
60 4 2 438
60 5 0 423
60 5 1 383
60 5 2 445
60 6 0 449
60 6 1 405
60 6 2 452
60 7 0 435
60 7 1 440
60 7 2 450
60 8 0 403
60 8 1 421
60 8 2 443
60 9 0 468
60 9 1 436
60 9 2 445
80 0 0 787
80 0 1 822
80 0 2 791
80 1 0 777
80 1 1 775
80 1 2 741
80 2 0 805
80 2 1 812
80 2 2 725
80 3 0 781
80 3 1 789
80 3 2 743
80 4 0 772
80 4 1 797
80 4 2 763
80 5 0 802
80 5 1 815
80 5 2 782
80 6 0 725
80 6 1 818
80 6 2 730
80 7 0 789
80 7 1 763
80 7 2 791
80 8 0 744
80 8 1 705
80 8 2 772
80 9 0 772
80 9 1 790
80 9 2 805
100 0 0 1209
100 0 1 1234
100 0 2 1219
100 1 0 1166
100 1 1 1254
100 1 2 1263
100 2 0 1228
100 2 1 1197
100 2 2 1205
100 3 0 1256
100 3 1 1215
100 3 2 1219
100 4 0 1242
100 4 1 1249
100 4 2 1259
100 5 0 1208
100 5 1 1241
100 5 2 1256
100 6 0 1213
100 6 1 1215
100 6 2 1215
100 7 0 1207
100 7 1 1227
100 7 2 1227
100 8 0 1265
100 8 1 1247
100 8 2 1203
100 9 0 1211
100 9 1 1237
100 9 2 1217
60 0 3 431
60 0 4 451
60 0 5 451
60 0 6 468
60 0 7 362
60 0 8 443
60 0 9 444
60 0 10 442
60 1 3 439
60 1 4 424
60 1 5 466
60 1 6 418
60 1 7 426
60 1 8 416
60 1 9 443
60 1 10 421
60 2 3 440
60 2 4 442
60 2 5 425
60 2 6 419
60 2 7 426
60 2 8 439
60 2 9 399
60 2 10 432
60 3 3 438
60 3 4 401
60 3 5 432
60 3 6 440
60 3 7 445
60 3 8 438
60 3 9 422
60 3 10 435
60 4 3 452
60 4 4 362
60 4 5 385
60 4 6 443
60 4 7 449
60 4 8 403
60 4 9 408
60 4 10 382
60 5 3 415
60 5 4 350
60 5 5 432
60 5 6 454
60 5 7 401
60 5 8 446
60 5 9 426
60 5 10 408
60 6 3 449
60 6 4 428
60 6 5 446
60 6 6 431
60 6 7 429
60 6 8 385
60 6 9 444
60 6 10 451
60 7 3 414
60 7 4 454
60 7 5 428
60 7 6 395
60 7 7 448
60 7 8 440
60 7 9 447
60 7 10 424
60 8 3 447
60 8 4 434
60 8 5 438
60 8 6 421
60 8 7 382
60 8 8 425
60 8 9 431
60 8 10 446
60 9 3 433
60 9 4 426
60 9 5 431
60 9 6 429
60 9 7 429
60 9 8 433
60 9 9 431
60 9 10 450
80 0 3 764
80 0 4 761
80 0 5 790
80 0 6 795
80 0 7 781
80 0 8 746
80 0 9 781
80 0 10 787
80 1 3 793
80 1 4 817
80 1 5 786
80 1 6 768
80 1 7 781
80 1 8 787
80 1 9 785
80 1 10 758
80 2 3 730
80 2 4 819
80 2 5 787
80 2 6 739
80 2 7 734
80 2 8 796
80 2 9 773
80 2 10 776
80 3 3 761
80 3 4 782
80 3 5 766
80 3 6 769
80 3 7 798
80 3 8 782
80 3 9 754
80 3 10 794
80 4 3 805
80 4 4 749
80 4 5 723
80 4 6 761
80 4 7 758
80 4 8 720
80 4 9 778
80 4 10 772
80 5 3 781
80 5 4 745
80 5 5 787
80 5 6 808
80 5 7 674
80 5 8 776
80 5 9 725
80 5 10 816
80 6 3 792
80 6 4 798
80 6 5 747
80 6 6 771
80 6 7 774
80 6 8 804
80 6 9 772
80 6 10 809
80 7 3 793
80 7 4 782
80 7 5 723
80 7 6 815
80 7 7 705
80 7 8 758
80 7 9 779
80 7 10 708
80 8 3 795
80 8 4 742
80 8 5 789
80 8 6 790
80 8 7 801
80 8 8 788
80 8 9 801
80 8 10 807
80 9 3 790
80 9 4 784
80 9 5 774
80 9 6 795
80 9 7 798
80 9 8 802
80 9 9 787
80 9 10 785
100 0 3 1219
100 0 4 1217
100 0 5 1148
100 0 6 1154
100 0 7 1254
100 0 8 1236
100 0 9 1260
100 0 10 1218
100 1 3 1147
100 1 4 1194
100 1 5 1189
100 1 6 1224
100 1 7 1213
100 1 8 1214
100 1 9 1192
100 1 10 1211
100 2 3 1234
100 2 4 1241
100 2 5 1144
100 2 6 1222
100 2 7 1148
100 2 8 1175
100 2 9 1160
100 2 10 1011
100 3 3 1190
100 3 4 1220
100 3 5 1235
100 3 6 1219
100 3 7 1252
100 3 8 1235
100 3 9 1248
100 3 10 1189
100 4 3 1240
100 4 4 1237
100 4 5 1207
100 4 6 1240
100 4 7 1241
100 4 8 1255
100 4 9 1196
100 4 10 1240
100 5 3 1224
100 5 4 1196
100 5 5 1211
100 5 6 1228
100 5 7 1237
100 5 8 1211
100 5 9 1224
100 5 10 1217
100 6 3 1254
100 6 4 1231
100 6 5 1215
100 6 6 1247
100 6 7 1223
100 6 8 1245
100 6 9 1249
100 6 10 1149
100 7 3 1230
100 7 4 1214
100 7 5 1254
100 7 6 1190
100 7 7 1251
100 7 8 1236
100 7 9 1250
100 7 10 1221
100 8 3 1221
100 8 4 1209
100 8 5 1218
100 8 6 1259
100 8 7 1234
100 8 8 1279
100 8 9 1141
100 8 10 1219
100 9 3 1243
100 9 4 1204
100 9 5 1209
100 9 6 1214
100 9 7 1211
100 9 8 1234
100 9 9 1190
100 9 10 1213
