60 0 0 31
60 0 1 0
60 0 2 61
60 0 3 294
60 0 4 30
60 0 5 30
60 0 6 30
60 0 7 30
60 0 8 122
60 0 9 30
60 1 0 0
60 1 1 59
60 1 2 307
60 1 3 175
60 1 4 32
60 1 5 62
60 1 6 81
60 1 7 82
60 1 8 32
60 1 9 32
60 2 0 0
60 2 1 0
60 2 2 0
60 2 3 0
60 2 4 0
60 2 5 181
60 2 6 0
60 2 7 147
60 2 8 0
60 2 9 0
60 3 0 0
60 3 1 57
60 3 2 174
60 3 3 421
60 3 4 388
60 3 5 440
60 3 6 80
60 3 7 26
60 3 8 81
60 3 9 0
60 4 0 0
60 4 1 0
60 4 2 0
60 4 3 142
60 4 4 0
60 4 5 114
60 4 6 0
60 4 7 0
60 4 8 0
60 4 9 0
60 5 0 103
60 5 1 163
60 5 2 183
60 5 3 205
60 5 4 63
60 5 5 308
60 5 6 442
60 5 7 326
60 5 8 370
60 5 9 420
60 6 0 0
60 6 1 88
60 6 2 0
60 6 3 88
60 6 4 420
60 6 5 406
60 6 6 155
60 6 7 456
60 6 8 406
60 6 9 420
60 7 0 118
60 7 1 0
60 7 2 118
60 7 3 0
60 7 4 0
60 7 5 0
60 7 6 0
60 7 7 0
60 7 8 0
60 7 9 0
60 8 0 336
60 8 1 67
60 8 2 226
60 8 3 35
60 8 4 251
60 8 5 161
60 8 6 35
60 8 7 161
60 8 8 144
60 8 9 24
60 9 0 422
60 9 1 25
60 9 2 0
60 9 3 0
60 9 4 53
60 9 5 25
60 9 6 301
60 9 7 400
60 9 8 293
60 9 9 107
80 0 0 0
80 0 1 0
80 0 2 0
80 0 3 0
80 0 4 0
80 0 5 0
80 0 6 209
80 0 7 209
80 0 8 688
80 0 9 0
80 1 0 34
80 1 1 34
80 1 2 0
80 1 3 34
80 1 4 0
80 1 5 252
80 1 6 138
80 1 7 34
80 1 8 34
80 1 9 0
80 2 0 44
80 2 1 203
80 2 2 44
80 2 3 45
80 2 4 0
80 2 5 45
80 2 6 37
80 2 7 322
80 2 8 416
80 2 9 89
80 3 0 0
80 3 1 434
80 3 2 725
80 3 3 0
80 3 4 0
80 3 5 38
80 3 6 739
80 3 7 0
80 3 8 78
80 3 9 150
80 4 0 80
80 4 1 680
80 4 2 0
80 4 3 722
80 4 4 95
80 4 5 80
80 4 6 44
80 4 7 122
80 4 8 45
80 4 9 0
80 5 0 0
80 5 1 252
80 5 2 349
80 5 3 149
80 5 4 73
80 5 5 0
80 5 6 43
80 5 7 281
80 5 8 614
80 5 9 0
80 6 0 238
80 6 1 126
80 6 2 502
80 6 3 41
80 6 4 0
80 6 5 41
80 6 6 160
80 6 7 779
80 6 8 0
80 6 9 227
80 7 0 0
80 7 1 37
80 7 2 775
80 7 3 0
80 7 4 39
80 7 5 216
80 7 6 0
80 7 7 0
80 7 8 37
80 7 9 39
80 8 0 778
80 8 1 0
80 8 2 0
80 8 3 0
80 8 4 80
80 8 5 519
80 8 6 0
80 8 7 446
80 8 8 0
80 8 9 0
80 9 0 748
80 9 1 789
80 9 2 342
80 9 3 102
80 9 4 720
80 9 5 173
80 9 6 788
80 9 7 637
80 9 8 748
80 9 9 767
100 0 0 459
100 0 1 0
100 0 2 319
100 0 3 959
100 0 4 421
100 0 5 1064
100 0 6 184
100 0 7 184
100 0 8 43
100 0 9 43
100 1 0 0
100 1 1 241
100 1 2 52
100 1 3 490
100 1 4 52
100 1 5 1243
100 1 6 95
100 1 7 95
100 1 8 529
100 1 9 0
100 2 0 0
100 2 1 0
100 2 2 0
100 2 3 0
100 2 4 0
100 2 5 0
100 2 6 0
100 2 7 0
100 2 8 0
100 2 9 0
100 3 0 95
100 3 1 95
100 3 2 95
100 3 3 0
100 3 4 95
100 3 5 95
100 3 6 0
100 3 7 95
100 3 8 0
100 3 9 95
100 4 0 0
100 4 1 45
100 4 2 0
100 4 3 45
100 4 4 45
100 4 5 48
100 4 6 0
100 4 7 0
100 4 8 0
100 4 9 48
100 5 0 108
100 5 1 56
100 5 2 108
100 5 3 108
100 5 4 56
100 5 5 52
100 5 6 56
100 5 7 52
100 5 8 108
100 5 9 0
100 6 0 975
100 6 1 0
100 6 2 1203
100 6 3 0
100 6 4 345
100 6 5 1007
100 6 6 933
100 6 7 1181
100 6 8 0
100 6 9 1181
100 7 0 106
100 7 1 621
100 7 2 0
100 7 3 50
100 7 4 0
100 7 5 50
100 7 6 443
100 7 7 0
100 7 8 50
100 7 9 0
100 8 0 54
100 8 1 1230
100 8 2 0
100 8 3 530
100 8 4 0
100 8 5 1022
100 8 6 1195
100 8 7 144
100 8 8 1248
100 8 9 605
100 9 0 1113
100 9 1 0
100 9 2 100
100 9 3 0
100 9 4 460
100 9 5 0
100 9 6 58
100 9 7 0
100 9 8 0
100 9 9 97
