60 0 0 448
60 0 1 427
60 0 2 387
60 1 0 417
60 1 1 445
60 1 2 423
60 2 0 435
60 2 1 440
60 2 2 446
60 3 0 445
60 3 1 445
60 3 2 450
60 4 0 434
60 4 1 440
60 4 2 344
60 5 0 469
60 5 1 443
60 5 2 443
60 6 0 423
60 6 1 429
60 6 2 403
60 7 0 408
60 7 1 464
60 7 2 433
60 8 0 445
60 8 1 399
60 8 2 445
60 9 0 452
60 9 1 444
60 9 2 439
80 0 0 781
80 0 1 789
80 0 2 789
80 1 0 769
80 1 1 654
80 1 2 787
80 2 0 778
80 2 1 741
80 2 2 591
80 3 0 828
80 3 1 793
80 3 2 747
80 4 0 768
80 4 1 787
80 4 2 771
80 5 0 734
80 5 1 768
80 5 2 790
80 6 0 745
80 6 1 635
80 6 2 752
80 7 0 784
80 7 1 776
80 7 2 756
80 8 0 674
80 8 1 784
80 8 2 770
80 9 0 811
80 9 1 770
80 9 2 800
100 0 0 1262
100 0 1 1141
100 0 2 1233
100 1 0 1231
100 1 1 1256
100 1 2 1189
100 2 0 1237
100 2 1 1100
100 2 2 1229
100 3 0 1204
100 3 1 1069
100 3 2 1191
100 4 0 1240
100 4 1 1175
100 4 2 1206
100 5 0 1154
100 5 1 1225
100 5 2 1163
100 6 0 1143
100 6 1 1156
100 6 2 1219
100 7 0 1247
100 7 1 1231
100 7 2 1162
100 8 0 1199
100 8 1 1187
100 8 2 1229
100 9 0 1061
100 9 1 1223
100 9 2 1257
60 0 3 444
60 0 4 439
60 0 5 422
60 0 6 440
60 0 7 434
60 0 8 435
60 0 9 438
60 0 10 426
60 1 3 449
60 1 4 437
60 1 5 438
60 1 6 470
60 1 7 382
60 1 8 410
60 1 9 428
60 1 10 444
60 2 3 442
60 2 4 349
60 2 5 451
60 2 6 435
60 2 7 399
60 2 8 435
60 2 9 442
60 2 10 394
60 3 3 423
60 3 4 436
60 3 5 342
60 3 6 450
60 3 7 416
60 3 8 400
60 3 9 447
60 3 10 415
60 4 3 403
60 4 4 425
60 4 5 451
60 4 6 442
60 4 7 456
60 4 8 409
60 4 9 400
60 4 10 435
60 5 3 416
60 5 4 421
60 5 5 392
60 5 6 442
60 5 7 450
60 5 8 425
60 5 9 449
60 5 10 431
60 6 3 433
60 6 4 443
60 6 5 451
60 6 6 411
60 6 7 443
60 6 8 445
60 6 9 372
60 6 10 451
60 7 3 434
60 7 4 459
60 7 5 450
60 7 6 418
60 7 7 415
60 7 8 374
60 7 9 439
60 7 10 443
60 8 3 433
60 8 4 419
60 8 5 399
60 8 6 429
60 8 7 431
60 8 8 423
60 8 9 437
60 8 10 422
60 9 3 439
60 9 4 435
60 9 5 428
60 9 6 436
60 9 7 446
60 9 8 433
60 9 9 444
60 9 10 426
80 0 3 813
80 0 4 791
80 0 5 747
80 0 6 768
80 0 7 803
80 0 8 805
80 0 9 771
80 0 10 729
80 1 3 805
80 1 4 802
80 1 5 796
80 1 6 760
80 1 7 769
80 1 8 776
80 1 9 702
80 1 10 783
80 2 3 745
80 2 4 785
80 2 5 770
80 2 6 776
80 2 7 769
80 2 8 713
80 2 9 771
80 2 10 745
80 3 3 628
80 3 4 782
80 3 5 788
80 3 6 764
80 3 7 770
80 3 8 758
80 3 9 804
80 3 10 736
80 4 3 778
80 4 4 781
80 4 5 795
80 4 6 756
80 4 7 734
80 4 8 731
80 4 9 715
80 4 10 670
80 5 3 763
80 5 4 748
80 5 5 677
80 5 6 780
80 5 7 781
80 5 8 726
80 5 9 807
80 5 10 796
80 6 3 815
80 6 4 797
80 6 5 813
80 6 6 774
80 6 7 575
80 6 8 807
80 6 9 803
80 6 10 727
80 7 3 793
80 7 4 786
80 7 5 812
80 7 6 669
80 7 7 734
80 7 8 770
80 7 9 775
80 7 10 713
80 8 3 760
80 8 4 737
80 8 5 734
80 8 6 731
80 8 7 802
80 8 8 800
80 8 9 796
80 8 10 765
80 9 3 776
80 9 4 735
80 9 5 765
80 9 6 773
80 9 7 759
80 9 8 770
80 9 9 799
80 9 10 783
100 0 3 1242
100 0 4 1180
100 0 5 1200
100 0 6 1218
100 0 7 1206
100 0 8 1166
100 0 9 1251
100 0 10 1184
100 1 3 1223
100 1 4 1207
100 1 5 1221
100 1 6 1220
100 1 7 1229
100 1 8 1234
100 1 9 1178
100 1 10 1233
100 2 3 1227
100 2 4 1200
100 2 5 1234
100 2 6 1277
100 2 7 1210
100 2 8 1254
100 2 9 1220
100 2 10 1234
100 3 3 1242
100 3 4 1229
100 3 5 1253
100 3 6 1181
100 3 7 1240
100 3 8 1199
100 3 9 1230
100 3 10 1222
100 4 3 1214
100 4 4 1201
100 4 5 1211
100 4 6 1191
100 4 7 1239
100 4 8 1238
100 4 9 1095
100 4 10 1131
100 5 3 1134
100 5 4 1242
100 5 5 1241
100 5 6 1240
100 5 7 1233
100 5 8 1243
100 5 9 1243
100 5 10 1258
100 6 3 1203
100 6 4 1248
100 6 5 1222
100 6 6 1167
100 6 7 1225
100 6 8 1198
100 6 9 1209
100 6 10 1254
100 7 3 1249
100 7 4 1249
100 7 5 1217
100 7 6 1178
100 7 7 1210
100 7 8 1218
100 7 9 1220
100 7 10 1236
100 8 3 1242
100 8 4 1193
100 8 5 1234
100 8 6 1260
100 8 7 1208
100 8 8 1207
100 8 9 1162
100 8 10 1184
100 9 3 1237
100 9 4 1241
100 9 5 1256
100 9 6 1222
100 9 7 1165
100 9 8 1228
100 9 9 1238
100 9 10 1175
