60 0 0 405
60 0 1 390
60 0 2 317
60 0 3 317
60 0 4 138
60 0 5 138
60 0 6 138
60 0 7 138
60 0 8 405
60 0 9 138
60 1 0 414
60 1 1 365
60 1 2 365
60 1 3 175
60 1 4 175
60 1 5 175
60 1 6 175
60 1 7 390
60 1 8 175
60 1 9 264
60 2 0 147
60 2 1 147
60 2 2 147
60 2 3 147
60 2 4 147
60 2 5 147
60 2 6 147
60 2 7 147
60 2 8 147
60 2 9 147
60 3 0 393
60 3 1 292
60 3 2 361
60 3 3 361
60 3 4 410
60 3 5 191
60 3 6 410
60 3 7 312
60 3 8 361
60 3 9 393
60 4 0 127
60 4 1 127
60 4 2 127
60 4 3 127
60 4 4 127
60 4 5 127
60 4 6 127
60 4 7 127
60 4 8 127
60 4 9 127
60 5 0 129
60 5 1 129
60 5 2 129
60 5 3 357
60 5 4 101
60 5 5 156
60 5 6 135
60 5 7 156
60 5 8 210
60 5 9 357
60 6 0 88
60 6 1 88
60 6 2 88
60 6 3 88
60 6 4 88
60 6 5 88
60 6 6 88
60 6 7 88
60 6 8 88
60 6 9 88
60 7 0 173
60 7 1 173
60 7 2 173
60 7 3 173
60 7 4 173
60 7 5 173
60 7 6 173
60 7 7 173
60 7 8 173
60 7 9 173
60 8 0 188
60 8 1 171
60 8 2 204
60 8 3 171
60 8 4 204
60 8 5 204
60 8 6 188
60 8 7 204
60 8 8 188
60 8 9 188
60 9 0 190
60 9 1 93
60 9 2 190
60 9 3 190
60 9 4 214
60 9 5 93
60 9 6 93
60 9 7 93
60 9 8 214
60 9 9 93
80 0 0 180
80 0 1 180
80 0 2 180
80 0 3 180
80 0 4 180
80 0 5 180
80 0 6 180
80 0 7 180
80 0 8 180
80 0 9 180
80 1 0 218
80 1 1 218
80 1 2 252
80 1 3 218
80 1 4 252
80 1 5 252
80 1 6 252
80 1 7 218
80 1 8 218
80 1 9 252
80 2 0 557
80 2 1 249
80 2 2 187
80 2 3 249
80 2 4 577
80 2 5 249
80 2 6 191
80 2 7 557
80 2 8 249
80 2 9 191
80 3 0 249
80 3 1 217
80 3 2 249
80 3 3 249
80 3 4 249
80 3 5 551
80 3 6 551
80 3 7 249
80 3 8 551
80 3 9 551
80 4 0 217
80 4 1 594
80 4 2 543
80 4 3 594
80 4 4 244
80 4 5 287
80 4 6 472
80 4 7 244
80 4 8 217
80 4 9 543
80 5 0 281
80 5 1 281
80 5 2 281
80 5 3 112
80 5 4 176
80 5 5 281
80 5 6 112
80 5 7 176
80 5 8 281
80 5 9 281
80 6 0 199
80 6 1 199
80 6 2 160
80 6 3 160
80 6 4 199
80 6 5 160
80 6 6 160
80 6 7 199
80 6 8 199
80 6 9 160
80 7 0 421
80 7 1 471
80 7 2 388
80 7 3 421
80 7 4 471
80 7 5 478
80 7 6 421
80 7 7 421
80 7 8 315
80 7 9 471
80 8 0 173
80 8 1 173
80 8 2 173
80 8 3 173
80 8 4 173
80 8 5 173
80 8 6 173
80 8 7 173
80 8 8 173
80 8 9 173
80 9 0 770
80 9 1 173
80 9 2 143
80 9 3 770
80 9 4 308
80 9 5 173
80 9 6 143
80 9 7 143
80 9 8 770
80 9 9 143
100 0 0 184
100 0 1 592
100 0 2 592
100 0 3 184
100 0 4 184
100 0 5 184
100 0 6 184
100 0 7 184
100 0 8 321
100 0 9 321
100 1 0 811
100 1 1 319
100 1 2 439
100 1 3 440
100 1 4 439
100 1 5 440
100 1 6 439
100 1 7 439
100 1 8 440
100 1 9 811
100 2 0 314
100 2 1 314
100 2 2 314
100 2 3 314
100 2 4 314
100 2 5 314
100 2 6 314
100 2 7 314
100 2 8 314
100 2 9 314
100 3 0 235
100 3 1 235
100 3 2 235
100 3 3 497
100 3 4 235
100 3 5 235
100 3 6 497
100 3 7 235
100 3 8 497
100 3 9 235
100 4 0 600
100 4 1 372
100 4 2 600
100 4 3 372
100 4 4 372
100 4 5 488
100 4 6 600
100 4 7 600
100 4 8 600
100 4 9 488
100 5 0 197
100 5 1 378
100 5 2 197
100 5 3 197
100 5 4 378
100 5 5 345
100 5 6 378
100 5 7 345
100 5 8 197
100 5 9 625
100 6 0 234
100 6 1 234
100 6 2 234
100 6 3 234
100 6 4 234
100 6 5 234
100 6 6 234
100 6 7 234
100 6 8 234
100 6 9 234
100 7 0 146
100 7 1 146
100 7 2 448
100 7 3 324
100 7 4 448
100 7 5 324
100 7 6 324
100 7 7 448
100 7 8 324
100 7 9 448
100 8 0 196
100 8 1 196
100 8 2 294
100 8 3 196
100 8 4 294
100 8 5 196
100 8 6 294
100 8 7 196
100 8 8 294
100 8 9 294
100 9 0 456
100 9 1 743
100 9 2 675
100 9 3 743
100 9 4 421
100 9 5 743
100 9 6 421
100 9 7 743
100 9 8 743
100 9 9 403
