60 0 0 427
60 0 1 442
60 0 2 450
60 1 0 430
60 1 1 435
60 1 2 457
60 2 0 452
60 2 1 427
60 2 2 448
60 3 0 444
60 3 1 411
60 3 2 448
60 4 0 371
60 4 1 438
60 4 2 428
60 5 0 453
60 5 1 450
60 5 2 423
60 6 0 410
60 6 1 468
60 6 2 453
60 7 0 431
60 7 1 346
60 7 2 446
60 8 0 398
60 8 1 449
60 8 2 400
60 9 0 430
60 9 1 437
60 9 2 420
80 0 0 775
80 0 1 797
80 0 2 782
80 1 0 796
80 1 1 804
80 1 2 813
80 2 0 781
80 2 1 769
80 2 2 782
80 3 0 784
80 3 1 777
80 3 2 773
80 4 0 785
80 4 1 806
80 4 2 813
80 5 0 754
80 5 1 805
80 5 2 780
80 6 0 795
80 6 1 777
80 6 2 771
80 7 0 778
80 7 1 798
80 7 2 687
80 8 0 697
80 8 1 763
80 8 2 781
80 9 0 781
80 9 1 762
80 9 2 817
100 0 0 1233
100 0 1 1283
100 0 2 1230
100 1 0 1217
100 1 1 1241
100 1 2 1228
100 2 0 1097
100 2 1 1219
100 2 2 1230
100 3 0 1233
100 3 1 1244
100 3 2 1206
100 4 0 1157
100 4 1 1226
100 4 2 1234
100 5 0 1245
100 5 1 1259
100 5 2 1245
100 6 0 1216
100 6 1 1213
100 6 2 1230
100 7 0 1242
100 7 1 1229
100 7 2 1180
100 8 0 1248
100 8 1 1244
100 8 2 1226
100 9 0 1211
100 9 1 1261
100 9 2 1305
60 0 3 457
60 0 4 440
60 0 5 434
60 0 6 439
60 0 7 431
60 0 8 436
60 0 9 441
60 0 10 450
60 1 3 439
60 1 4 430
60 1 5 427
60 1 6 421
60 1 7 449
60 1 8 449
60 1 9 449
60 1 10 382
60 2 3 436
60 2 4 440
60 2 5 430
60 2 6 390
60 2 7 455
60 2 8 430
60 2 9 430
60 2 10 439
60 3 3 395
60 3 4 436
60 3 5 418
60 3 6 460
60 3 7 434
60 3 8 427
60 3 9 427
60 3 10 429
60 4 3 439
60 4 4 440
60 4 5 433
60 4 6 457
60 4 7 436
60 4 8 450
60 4 9 430
60 4 10 440
60 5 3 462
60 5 4 444
60 5 5 380
60 5 6 423
60 5 7 450
60 5 8 417
60 5 9 437
60 5 10 422
60 6 3 447
60 6 4 418
60 6 5 412
60 6 6 465
60 6 7 441
60 6 8 446
60 6 9 387
60 6 10 447
60 7 3 436
60 7 4 436
60 7 5 438
60 7 6 446
60 7 7 396
60 7 8 460
60 7 9 448
60 7 10 448
60 8 3 428
60 8 4 402
60 8 5 406
60 8 6 449
60 8 7 419
60 8 8 420
60 8 9 433
60 8 10 424
60 9 3 380
60 9 4 442
60 9 5 461
60 9 6 448
60 9 7 420
60 9 8 462
60 9 9 453
60 9 10 423
80 0 3 683
80 0 4 813
80 0 5 783
80 0 6 746
80 0 7 776
80 0 8 782
80 0 9 795
80 0 10 778
80 1 3 810
80 1 4 756
80 1 5 767
80 1 6 788
80 1 7 793
80 1 8 779
80 1 9 814
80 1 10 774
80 2 3 779
80 2 4 785
80 2 5 793
80 2 6 791
80 2 7 796
80 2 8 780
80 2 9 782
80 2 10 777
80 3 3 780
80 3 4 792
80 3 5 794
80 3 6 767
80 3 7 801
80 3 8 819
80 3 9 784
80 3 10 733
80 4 3 782
80 4 4 784
80 4 5 784
80 4 6 788
80 4 7 778
80 4 8 786
80 4 9 814
80 4 10 794
80 5 3 778
80 5 4 741
80 5 5 783
80 5 6 777
80 5 7 790
80 5 8 791
80 5 9 781
80 5 10 812
80 6 3 762
80 6 4 789
80 6 5 776
80 6 6 774
80 6 7 790
80 6 8 790
80 6 9 756
80 6 10 826
80 7 3 794
80 7 4 765
80 7 5 806
80 7 6 801
80 7 7 819
80 7 8 789
80 7 9 783
80 7 10 799
80 8 3 799
80 8 4 789
80 8 5 807
80 8 6 771
80 8 7 814
80 8 8 778
80 8 9 787
80 8 10 798
80 9 3 792
80 9 4 760
80 9 5 710
80 9 6 787
80 9 7 815
80 9 8 720
80 9 9 791
80 9 10 781
100 0 3 1204
100 0 4 1244
100 0 5 1194
100 0 6 1208
100 0 7 1201
100 0 8 1249
100 0 9 1150
100 0 10 1235
100 1 3 1238
100 1 4 1244
100 1 5 1247
100 1 6 1198
100 1 7 1232
100 1 8 1253
100 1 9 1226
100 1 10 1223
100 2 3 1215
100 2 4 1228
100 2 5 1198
100 2 6 1219
100 2 7 1242
100 2 8 1188
100 2 9 1234
100 2 10 1229
100 3 3 1225
100 3 4 1249
100 3 5 1254
100 3 6 1213
100 3 7 1223
100 3 8 1233
100 3 9 1254
100 3 10 1224
100 4 3 1231
100 4 4 1138
100 4 5 1229
100 4 6 1238
100 4 7 1256
100 4 8 1263
100 4 9 1225
100 4 10 1236
100 5 3 1229
100 5 4 1165
100 5 5 1226
100 5 6 1243
100 5 7 1182
100 5 8 1237
100 5 9 1224
100 5 10 1281
100 6 3 1204
100 6 4 1245
100 6 5 1217
100 6 6 1237
100 6 7 1264
100 6 8 1178
100 6 9 1251
100 6 10 1251
100 7 3 1255
100 7 4 1261
100 7 5 1260
100 7 6 1238
100 7 7 1278
100 7 8 1292
100 7 9 1117
100 7 10 1227
100 8 3 1207
100 8 4 1268
100 8 5 1205
100 8 6 1243
100 8 7 1230
100 8 8 1259
100 8 9 1223
100 8 10 1209
100 9 3 1225
100 9 4 1161
100 9 5 1221
100 9 6 1256
100 9 7 1226
100 9 8 1248
100 9 9 1149
100 9 10 1179
