60 0 0 458
60 0 1 455
60 0 2 402
60 1 0 370
60 1 1 432
60 1 2 426
60 2 0 462
60 2 1 449
60 2 2 447
60 3 0 431
60 3 1 404
60 3 2 390
60 4 0 452
60 4 1 468
60 4 2 449
60 5 0 459
60 5 1 455
60 5 2 445
60 6 0 392
60 6 1 431
60 6 2 415
60 7 0 432
60 7 1 452
60 7 2 455
60 8 0 434
60 8 1 409
60 8 2 400
60 9 0 411
60 9 1 452
60 9 2 416
80 0 0 820
80 0 1 817
80 0 2 814
80 1 0 796
80 1 1 804
80 1 2 796
80 2 0 801
80 2 1 770
80 2 2 801
80 3 0 803
80 3 1 746
80 3 2 789
80 4 0 799
80 4 1 796
80 4 2 801
80 5 0 767
80 5 1 794
80 5 2 806
80 6 0 805
80 6 1 800
80 6 2 764
80 7 0 783
80 7 1 815
80 7 2 789
80 8 0 779
80 8 1 759
80 8 2 777
80 9 0 776
80 9 1 792
80 9 2 746
100 0 0 1254
100 0 1 1230
100 0 2 1193
100 1 0 1227
100 1 1 1240
100 1 2 1256
100 2 0 1252
100 2 1 1230
100 2 2 1211
100 3 0 1194
100 3 1 1242
100 3 2 1250
100 4 0 1242
100 4 1 1277
100 4 2 1192
100 5 0 1258
100 5 1 1222
100 5 2 1131
100 6 0 1217
100 6 1 1230
100 6 2 1201
100 7 0 1243
100 7 1 1238
100 7 2 1243
100 8 0 1207
100 8 1 1202
100 8 2 1251
100 9 0 1207
100 9 1 1233
100 9 2 1229
60 0 3 440
60 0 4 428
60 0 5 419
60 0 6 443
60 0 7 433
60 0 8 434
60 0 9 420
60 0 10 441
60 1 3 452
60 1 4 383
60 1 5 413
60 1 6 444
60 1 7 407
60 1 8 439
60 1 9 423
60 1 10 469
60 2 3 449
60 2 4 451
60 2 5 459
60 2 6 439
60 2 7 431
60 2 8 447
60 2 9 449
60 2 10 405
60 3 3 392
60 3 4 433
60 3 5 427
60 3 6 448
60 3 7 437
60 3 8 462
60 3 9 442
60 3 10 454
60 4 3 439
60 4 4 432
60 4 5 444
60 4 6 461
60 4 7 446
60 4 8 442
60 4 9 436
60 4 10 391
60 5 3 431
60 5 4 438
60 5 5 456
60 5 6 428
60 5 7 452
60 5 8 461
60 5 9 376
60 5 10 453
60 6 3 444
60 6 4 442
60 6 5 414
60 6 6 438
60 6 7 414
60 6 8 461
60 6 9 449
60 6 10 430
60 7 3 382
60 7 4 421
60 7 5 447
60 7 6 459
60 7 7 456
60 7 8 432
60 7 9 429
60 7 10 459
60 8 3 449
60 8 4 433
60 8 5 412
60 8 6 435
60 8 7 444
60 8 8 470
60 8 9 466
60 8 10 404
60 9 3 430
60 9 4 439
60 9 5 436
60 9 6 463
60 9 7 453
60 9 8 438
60 9 9 424
60 9 10 438
80 0 3 792
80 0 4 757
80 0 5 799
80 0 6 788
80 0 7 785
80 0 8 755
80 0 9 808
80 0 10 799
80 1 3 741
80 1 4 702
80 1 5 788
80 1 6 719
80 1 7 792
80 1 8 798
80 1 9 812
80 1 10 761
80 2 3 761
80 2 4 778
80 2 5 829
80 2 6 772
80 2 7 797
80 2 8 772
80 2 9 785
80 2 10 792
80 3 3 716
80 3 4 733
80 3 5 775
80 3 6 769
80 3 7 787
80 3 8 618
80 3 9 783
80 3 10 800
80 4 3 814
80 4 4 776
80 4 5 786
80 4 6 773
80 4 7 809
80 4 8 787
80 4 9 783
80 4 10 784
80 5 3 729
80 5 4 788
80 5 5 778
80 5 6 786
80 5 7 789
80 5 8 783
80 5 9 776
80 5 10 729
80 6 3 769
80 6 4 755
80 6 5 802
80 6 6 757
80 6 7 778
80 6 8 801
80 6 9 806
80 6 10 787
80 7 3 756
80 7 4 796
80 7 5 753
80 7 6 793
80 7 7 782
80 7 8 803
80 7 9 730
80 7 10 782
80 8 3 768
80 8 4 827
80 8 5 819
80 8 6 800
80 8 7 789
80 8 8 745
80 8 9 766
80 8 10 800
80 9 3 808
80 9 4 762
80 9 5 769
80 9 6 771
80 9 7 802
80 9 8 794
80 9 9 815
80 9 10 796
100 0 3 1284
100 0 4 1229
100 0 5 1255
100 0 6 1174
100 0 7 1214
100 0 8 1178
100 0 9 1256
100 0 10 1203
100 1 3 1193
100 1 4 1235
100 1 5 1129
100 1 6 1247
100 1 7 1197
100 1 8 1232
100 1 9 1205
100 1 10 1228
100 2 3 1255
100 2 4 1222
100 2 5 1272
100 2 6 1269
100 2 7 1263
100 2 8 1240
100 2 9 1234
100 2 10 1214
100 3 3 1242
100 3 4 1216
100 3 5 1181
100 3 6 1234
100 3 7 1233
100 3 8 1214
100 3 9 1252
100 3 10 1195
100 4 3 1214
100 4 4 1259
100 4 5 1231
100 4 6 1250
100 4 7 1211
100 4 8 1250
100 4 9 1240
100 4 10 1188
100 5 3 1184
100 5 4 1226
100 5 5 1233
100 5 6 1197
100 5 7 1225
100 5 8 1230
100 5 9 1187
100 5 10 1220
100 6 3 1195
100 6 4 1259
100 6 5 1214
100 6 6 1243
100 6 7 1231
100 6 8 1208
100 6 9 1226
100 6 10 1240
100 7 3 1245
100 7 4 1234
100 7 5 1247
100 7 6 1210
100 7 7 1211
100 7 8 1242
100 7 9 1205
100 7 10 1224
100 8 3 1238
100 8 4 1221
100 8 5 1238
100 8 6 1253
100 8 7 1165
100 8 8 1195
100 8 9 1253
100 8 10 1233
100 9 3 1217
100 9 4 1212
100 9 5 1241
100 9 6 1234
100 9 7 1243
100 9 8 1272
100 9 9 1284
100 9 10 1236
