60 0 0 441
60 0 1 444
60 0 2 400
60 1 0 450
60 1 1 426
60 1 2 415
60 2 0 434
60 2 1 447
60 2 2 430
60 3 0 443
60 3 1 472
60 3 2 418
60 4 0 360
60 4 1 456
60 4 2 454
60 5 0 421
60 5 1 446
60 5 2 450
60 6 0 448
60 6 1 434
60 6 2 412
60 7 0 431
60 7 1 443
60 7 2 457
60 8 0 415
60 8 1 447
60 8 2 436
60 9 0 445
60 9 1 419
60 9 2 439
80 0 0 806
80 0 1 680
80 0 2 708
80 1 0 813
80 1 1 791
80 1 2 781
80 2 0 776
80 2 1 776
80 2 2 752
80 3 0 809
80 3 1 799
80 3 2 772
80 4 0 810
80 4 1 772
80 4 2 714
80 5 0 772
80 5 1 792
80 5 2 762
80 6 0 775
80 6 1 792
80 6 2 803
80 7 0 784
80 7 1 811
80 7 2 799
80 8 0 791
80 8 1 798
80 8 2 787
80 9 0 790
80 9 1 778
80 9 2 797
100 0 0 1222
100 0 1 1237
100 0 2 1210
100 1 0 1255
100 1 1 1243
100 1 2 1230
100 2 0 1264
100 2 1 1248
100 2 2 1204
100 3 0 1191
100 3 1 1209
100 3 2 1263
100 4 0 1238
100 4 1 1224
100 4 2 1244
100 5 0 1213
100 5 1 1247
100 5 2 1207
100 6 0 1240
100 6 1 1252
100 6 2 1253
100 7 0 1227
100 7 1 1252
100 7 2 1244
100 8 0 1206
100 8 1 1271
100 8 2 1266
100 9 0 1226
100 9 1 1270
100 9 2 1251
60 0 3 444
60 0 4 427
60 0 5 431
60 0 6 435
60 0 7 405
60 0 8 457
60 0 9 437
60 0 10 433
60 1 3 460
60 1 4 453
60 1 5 440
60 1 6 458
60 1 7 451
60 1 8 435
60 1 9 433
60 1 10 389
60 2 3 453
60 2 4 416
60 2 5 467
60 2 6 443
60 2 7 437
60 2 8 454
60 2 9 448
60 2 10 436
60 3 3 406
60 3 4 444
60 3 5 434
60 3 6 459
60 3 7 449
60 3 8 421
60 3 9 379
60 3 10 433
60 4 3 428
60 4 4 438
60 4 5 396
60 4 6 426
60 4 7 447
60 4 8 375
60 4 9 441
60 4 10 449
60 5 3 445
60 5 4 447
60 5 5 436
60 5 6 444
60 5 7 409
60 5 8 419
60 5 9 440
60 5 10 443
60 6 3 452
60 6 4 432
60 6 5 429
60 6 6 366
60 6 7 427
60 6 8 394
60 6 9 452
60 6 10 447
60 7 3 448
60 7 4 431
60 7 5 444
60 7 6 436
60 7 7 434
60 7 8 445
60 7 9 440
60 7 10 438
60 8 3 451
60 8 4 402
60 8 5 443
60 8 6 443
60 8 7 442
60 8 8 398
60 8 9 414
60 8 10 432
60 9 3 444
60 9 4 442
60 9 5 434
60 9 6 415
60 9 7 444
60 9 8 470
60 9 9 446
60 9 10 441
80 0 3 786
80 0 4 777
80 0 5 774
80 0 6 815
80 0 7 792
80 0 8 788
80 0 9 814
80 0 10 780
80 1 3 784
80 1 4 822
80 1 5 807
80 1 6 778
80 1 7 810
80 1 8 785
80 1 9 769
80 1 10 799
80 2 3 798
80 2 4 772
80 2 5 785
80 2 6 807
80 2 7 738
80 2 8 799
80 2 9 718
80 2 10 731
80 3 3 748
80 3 4 680
80 3 5 813
80 3 6 793
80 3 7 767
80 3 8 769
80 3 9 802
80 3 10 809
80 4 3 798
80 4 4 779
80 4 5 807
80 4 6 693
80 4 7 796
80 4 8 754
80 4 9 766
80 4 10 778
80 5 3 816
80 5 4 811
80 5 5 751
80 5 6 789
80 5 7 798
80 5 8 729
80 5 9 749
80 5 10 811
80 6 3 778
80 6 4 810
80 6 5 804
80 6 6 791
80 6 7 807
80 6 8 788
80 6 9 803
80 6 10 760
80 7 3 808
80 7 4 770
80 7 5 675
80 7 6 826
80 7 7 797
80 7 8 803
80 7 9 805
80 7 10 769
80 8 3 794
80 8 4 799
80 8 5 789
80 8 6 723
80 8 7 788
80 8 8 802
80 8 9 755
80 8 10 799
80 9 3 783
80 9 4 759
80 9 5 752
80 9 6 794
80 9 7 741
80 9 8 766
80 9 9 777
80 9 10 810
100 0 3 1180
100 0 4 1249
100 0 5 1243
100 0 6 1249
100 0 7 1222
100 0 8 1210
100 0 9 1234
100 0 10 1237
100 1 3 1234
100 1 4 1192
100 1 5 1253
100 1 6 1229
100 1 7 1139
100 1 8 1235
100 1 9 1224
100 1 10 1201
100 2 3 1108
100 2 4 1233
100 2 5 1256
100 2 6 1246
100 2 7 1236
100 2 8 1237
100 2 9 1238
100 2 10 1301
100 3 3 1245
100 3 4 1231
100 3 5 1224
100 3 6 1245
100 3 7 1237
100 3 8 1258
100 3 9 1235
100 3 10 1141
100 4 3 1251
100 4 4 1174
100 4 5 1248
100 4 6 1215
100 4 7 1200
100 4 8 1212
100 4 9 1221
100 4 10 1253
100 5 3 1246
100 5 4 1227
100 5 5 1266
100 5 6 1255
100 5 7 1184
100 5 8 1238
100 5 9 1230
100 5 10 1254
100 6 3 1208
100 6 4 1248
100 6 5 1188
100 6 6 1231
100 6 7 1193
100 6 8 1239
100 6 9 1165
100 6 10 1250
100 7 3 1249
100 7 4 1226
100 7 5 1244
100 7 6 1187
100 7 7 1243
100 7 8 1221
100 7 9 1142
100 7 10 1226
100 8 3 1200
100 8 4 1223
100 8 5 1219
100 8 6 1202
100 8 7 1121
100 8 8 1231
100 8 9 1252
100 8 10 1252
100 9 3 1235
100 9 4 1124
100 9 5 1137
100 9 6 1231
100 9 7 1181
100 9 8 1213
100 9 9 1249
100 9 10 1193
