60 0 0 460
60 0 1 426
60 0 2 435
60 1 0 432
60 1 1 440
60 1 2 437
60 2 0 440
60 2 1 423
60 2 2 446
60 3 0 443
60 3 1 453
60 3 2 437
60 4 0 447
60 4 1 399
60 4 2 414
60 5 0 430
60 5 1 434
60 5 2 427
60 6 0 416
60 6 1 448
60 6 2 421
60 7 0 461
60 7 1 448
60 7 2 415
60 8 0 449
60 8 1 452
60 8 2 445
60 9 0 434
60 9 1 411
60 9 2 434
80 0 0 815
80 0 1 746
80 0 2 795
80 1 0 796
80 1 1 744
80 1 2 794
80 2 0 792
80 2 1 739
80 2 2 786
80 3 0 752
80 3 1 788
80 3 2 772
80 4 0 804
80 4 1 438
80 4 2 802
80 5 0 805
80 5 1 801
80 5 2 817
80 6 0 798
80 6 1 780
80 6 2 796
80 7 0 782
80 7 1 813
80 7 2 802
80 8 0 802
80 8 1 802
80 8 2 799
80 9 0 749
80 9 1 707
80 9 2 801
100 0 0 1220
100 0 1 1132
100 0 2 1204
100 1 0 1243
100 1 1 1207
100 1 2 1187
100 2 0 1246
100 2 1 1134
100 2 2 1277
100 3 0 1223
100 3 1 1229
100 3 2 1242
100 4 0 1130
100 4 1 1198
100 4 2 1168
100 5 0 1227
100 5 1 1157
100 5 2 1222
100 6 0 1246
100 6 1 1166
100 6 2 1147
100 7 0 1218
100 7 1 1232
100 7 2 1272
100 8 0 1248
100 8 1 1245
100 8 2 1266
100 9 0 1217
100 9 1 1170
100 9 2 1242
60 0 3 416
60 0 4 444
60 0 5 410
60 0 6 437
60 0 7 441
60 0 8 457
60 0 9 444
60 0 10 448
60 1 3 429
60 1 4 450
60 1 5 451
60 1 6 439
60 1 7 450
60 1 8 435
60 1 9 450
60 1 10 449
60 2 3 429
60 2 4 438
60 2 5 433
60 2 6 436
60 2 7 444
60 2 8 423
60 2 9 433
60 2 10 361
60 3 3 352
60 3 4 360
60 3 5 449
60 3 6 450
60 3 7 445
60 3 8 405
60 3 9 424
60 3 10 431
60 4 3 452
60 4 4 428
60 4 5 459
60 4 6 423
60 4 7 423
60 4 8 436
60 4 9 458
60 4 10 448
60 5 3 418
60 5 4 440
60 5 5 435
60 5 6 439
60 5 7 445
60 5 8 438
60 5 9 468
60 5 10 454
60 6 3 455
60 6 4 406
60 6 5 439
60 6 6 447
60 6 7 434
60 6 8 444
60 6 9 447
60 6 10 441
60 7 3 429
60 7 4 448
60 7 5 454
60 7 6 429
60 7 7 456
60 7 8 411
60 7 9 436
60 7 10 342
60 8 3 425
60 8 4 440
60 8 5 401
60 8 6 415
60 8 7 428
60 8 8 432
60 8 9 455
60 8 10 439
60 9 3 432
60 9 4 447
60 9 5 398
60 9 6 409
60 9 7 451
60 9 8 405
60 9 9 439
60 9 10 448
80 0 3 808
80 0 4 796
80 0 5 754
80 0 6 798
80 0 7 732
80 0 8 795
80 0 9 764
80 0 10 753
80 1 3 791
80 1 4 773
80 1 5 798
80 1 6 816
80 1 7 734
80 1 8 781
80 1 9 787
80 1 10 802
80 2 3 798
80 2 4 754
80 2 5 787
80 2 6 769
80 2 7 788
80 2 8 771
80 2 9 725
80 2 10 789
80 3 3 794
80 3 4 795
80 3 5 775
80 3 6 807
80 3 7 774
80 3 8 785
80 3 9 787
80 3 10 787
80 4 3 783
80 4 4 795
80 4 5 793
80 4 6 779
80 4 7 779
80 4 8 755
80 4 9 750
80 4 10 804
80 5 3 809
80 5 4 842
80 5 5 789
80 5 6 791
80 5 7 781
80 5 8 793
80 5 9 794
80 5 10 776
80 6 3 811
80 6 4 804
80 6 5 785
80 6 6 765
80 6 7 785
80 6 8 764
80 6 9 809
80 6 10 790
80 7 3 827
80 7 4 781
80 7 5 807
80 7 6 774
80 7 7 786
80 7 8 802
80 7 9 788
80 7 10 780
80 8 3 800
80 8 4 810
80 8 5 776
80 8 6 779
80 8 7 779
80 8 8 808
80 8 9 784
80 8 10 799
80 9 3 755
80 9 4 765
80 9 5 711
80 9 6 762
80 9 7 761
80 9 8 765
80 9 9 785
80 9 10 798
100 0 3 1236
100 0 4 1241
100 0 5 1283
100 0 6 1253
100 0 7 1264
100 0 8 1249
100 0 9 1234
100 0 10 1199
100 1 3 1228
100 1 4 1141
100 1 5 1271
100 1 6 1253
100 1 7 1061
100 1 8 1232
100 1 9 1239
100 1 10 1251
100 2 3 1255
100 2 4 1182
100 2 5 1247
100 2 6 1285
100 2 7 1238
100 2 8 1277
100 2 9 1186
100 2 10 1226
100 3 3 1227
100 3 4 1211
100 3 5 1253
100 3 6 1208
100 3 7 1227
100 3 8 1256
100 3 9 1249
100 3 10 1154
100 4 3 1221
100 4 4 1223
100 4 5 1165
100 4 6 1245
100 4 7 1274
100 4 8 1222
100 4 9 1210
100 4 10 1229
100 5 3 1265
100 5 4 1246
100 5 5 1223
100 5 6 1247
100 5 7 1177
100 5 8 1272
100 5 9 1241
100 5 10 1240
100 6 3 1237
100 6 4 1222
100 6 5 1257
100 6 6 1224
100 6 7 1235
100 6 8 1266
100 6 9 1240
100 6 10 1262
100 7 3 1246
100 7 4 1215
100 7 5 1187
100 7 6 1140
100 7 7 1241
100 7 8 1267
100 7 9 1253
100 7 10 1231
100 8 3 1188
100 8 4 1238
100 8 5 1221
100 8 6 1172
100 8 7 1289
100 8 8 1208
100 8 9 1250
100 8 10 1260
100 9 3 1141
100 9 4 1248
100 9 5 1170
100 9 6 1208
100 9 7 1189
100 9 8 1258
100 9 9 1251
100 9 10 1236
