60 0 0 424
60 0 1 399
60 0 2 352
60 1 0 432
60 1 1 283
60 1 2 419
60 2 0 441
60 2 1 418
60 2 2 444
60 3 0 387
60 3 1 394
60 3 2 436
60 4 0 382
60 4 1 237
60 4 2 222
60 5 0 381
60 5 1 369
60 5 2 333
60 6 0 350
60 6 1 373
60 6 2 416
60 7 0 451
60 7 1 458
60 7 2 329
60 8 0 424
60 8 1 407
60 8 2 425
60 9 0 460
60 9 1 431
60 9 2 400
80 0 0 769
80 0 1 781
80 0 2 786
80 1 0 779
80 1 1 776
80 1 2 754
80 2 0 800
80 2 1 782
80 2 2 371
80 3 0 755
80 3 1 399
80 3 2 548
80 4 0 618
80 4 1 789
80 4 2 805
80 5 0 770
80 5 1 773
80 5 2 784
80 6 0 701
80 6 1 687
80 6 2 769
80 7 0 741
80 7 1 691
80 7 2 755
80 8 0 752
80 8 1 773
80 8 2 762
80 9 0 679
80 9 1 787
80 9 2 615
100 0 0 1227
100 0 1 1149
100 0 2 1162
100 1 0 1206
100 1 1 1194
100 1 2 797
100 2 0 1231
100 2 1 1171
100 2 2 1215
100 3 0 1256
100 3 1 785
100 3 2 1184
100 4 0 1225
100 4 1 1202
100 4 2 1066
100 5 0 742
100 5 1 1208
100 5 2 1219
100 6 0 1200
100 6 1 1214
100 6 2 1159
100 7 0 1213
100 7 1 1247
100 7 2 1062
100 8 0 1167
100 8 1 1257
100 8 2 1088
100 9 0 1237
100 9 1 1214
100 9 2 1192
60 0 3 445
60 0 4 428
60 0 5 420
60 0 6 411
60 0 7 349
60 0 8 417
60 0 9 445
60 0 10 425
60 1 3 444
60 1 4 413
60 1 5 428
60 1 6 325
60 1 7 368
60 1 8 437
60 1 9 450
60 1 10 410
60 2 3 424
60 2 4 302
60 2 5 429
60 2 6 348
60 2 7 327
60 2 8 443
60 2 9 375
60 2 10 414
60 3 3 343
60 3 4 452
60 3 5 447
60 3 6 373
60 3 7 418
60 3 8 382
60 3 9 455
60 3 10 385
60 4 3 387
60 4 4 390
60 4 5 416
60 4 6 281
60 4 7 415
60 4 8 175
60 4 9 418
60 4 10 356
60 5 3 442
60 5 4 353
60 5 5 418
60 5 6 411
60 5 7 380
60 5 8 432
60 5 9 440
60 5 10 406
60 6 3 357
60 6 4 422
60 6 5 429
60 6 6 408
60 6 7 445
60 6 8 440
60 6 9 374
60 6 10 411
60 7 3 350
60 7 4 389
60 7 5 368
60 7 6 402
60 7 7 363
60 7 8 406
60 7 9 441
60 7 10 387
60 8 3 387
60 8 4 447
60 8 5 450
60 8 6 452
60 8 7 375
60 8 8 418
60 8 9 434
60 8 10 417
60 9 3 438
60 9 4 437
60 9 5 365
60 9 6 444
60 9 7 448
60 9 8 432
60 9 9 389
60 9 10 338
80 0 3 803
80 0 4 634
80 0 5 786
80 0 6 777
80 0 7 415
80 0 8 792
80 0 9 720
80 0 10 762
80 1 3 791
80 1 4 788
80 1 5 779
80 1 6 768
80 1 7 766
80 1 8 706
80 1 9 785
80 1 10 776
80 2 3 767
80 2 4 704
80 2 5 786
80 2 6 671
80 2 7 819
80 2 8 699
80 2 9 766
80 2 10 630
80 3 3 700
80 3 4 652
80 3 5 711
80 3 6 777
80 3 7 795
80 3 8 633
80 3 9 742
80 3 10 575
80 4 3 778
80 4 4 639
80 4 5 701
80 4 6 780
80 4 7 628
80 4 8 756
80 4 9 733
80 4 10 780
80 5 3 500
80 5 4 780
80 5 5 764
80 5 6 780
80 5 7 779
80 5 8 776
80 5 9 647
80 5 10 728
80 6 3 722
80 6 4 791
80 6 5 738
80 6 6 749
80 6 7 747
80 6 8 690
80 6 9 756
80 6 10 522
80 7 3 774
80 7 4 622
80 7 5 782
80 7 6 644
80 7 7 770
80 7 8 795
80 7 9 767
80 7 10 766
80 8 3 778
80 8 4 789
80 8 5 621
80 8 6 790
80 8 7 367
80 8 8 783
80 8 9 659
80 8 10 708
80 9 3 752
80 9 4 785
80 9 5 770
80 9 6 734
80 9 7 797
80 9 8 783
80 9 9 568
80 9 10 749
100 0 3 1238
100 0 4 771
100 0 5 1257
100 0 6 1169
100 0 7 1075
100 0 8 1140
100 0 9 1241
100 0 10 1225
100 1 3 1177
100 1 4 1217
100 1 5 858
100 1 6 1141
100 1 7 1270
100 1 8 1206
100 1 9 1245
100 1 10 1243
100 2 3 1227
100 2 4 1188
100 2 5 1257
100 2 6 1128
100 2 7 1177
100 2 8 1172
100 2 9 820
100 2 10 1198
100 3 3 1247
100 3 4 1148
100 3 5 1102
100 3 6 1197
100 3 7 898
100 3 8 1246
100 3 9 984
100 3 10 1171
100 4 3 1233
100 4 4 1206
100 4 5 1231
100 4 6 902
100 4 7 1242
100 4 8 1190
100 4 9 961
100 4 10 1171
100 5 3 1256
100 5 4 1076
100 5 5 1116
100 5 6 1207
100 5 7 1234
100 5 8 1152
100 5 9 1176
100 5 10 1164
100 6 3 1144
100 6 4 1200
100 6 5 1227
100 6 6 1140
100 6 7 1171
100 6 8 1144
100 6 9 973
100 6 10 1236
100 7 3 855
100 7 4 835
100 7 5 1242
100 7 6 1244
100 7 7 1249
100 7 8 1097
100 7 9 1218
100 7 10 1219
100 8 3 1236
100 8 4 920
100 8 5 1206
100 8 6 1138
100 8 7 1225
100 8 8 1173
100 8 9 1148
100 8 10 1148
100 9 3 1058
100 9 4 1084
100 9 5 1228
100 9 6 928
100 9 7 1219
100 9 8 1199
100 9 9 1176
100 9 10 1005
