60 0 0 430
60 0 1 433
60 0 2 438
60 1 0 424
60 1 1 448
60 1 2 444
60 2 0 436
60 2 1 393
60 2 2 452
60 3 0 429
60 3 1 440
60 3 2 419
60 4 0 444
60 4 1 368
60 4 2 383
60 5 0 458
60 5 1 427
60 5 2 426
60 6 0 436
60 6 1 426
60 6 2 444
60 7 0 401
60 7 1 381
60 7 2 426
60 8 0 408
60 8 1 416
60 8 2 440
60 9 0 445
60 9 1 385
60 9 2 417
80 0 0 737
80 0 1 790
80 0 2 800
80 1 0 753
80 1 1 769
80 1 2 791
80 2 0 784
80 2 1 789
80 2 2 796
80 3 0 806
80 3 1 656
80 3 2 764
80 4 0 801
80 4 1 771
80 4 2 785
80 5 0 778
80 5 1 789
80 5 2 731
80 6 0 756
80 6 1 761
80 6 2 772
80 7 0 788
80 7 1 777
80 7 2 776
80 8 0 761
80 8 1 824
80 8 2 804
80 9 0 690
80 9 1 709
80 9 2 782
100 0 0 1199
100 0 1 1200
100 0 2 1187
100 1 0 1225
100 1 1 1226
100 1 2 1250
100 2 0 1230
100 2 1 1227
100 2 2 1250
100 3 0 1267
100 3 1 1182
100 3 2 1186
100 4 0 1226
100 4 1 1188
100 4 2 1244
100 5 0 1233
100 5 1 1237
100 5 2 1213
100 6 0 1259
100 6 1 1158
100 6 2 1205
100 7 0 1206
100 7 1 1119
100 7 2 1236
100 8 0 1231
100 8 1 1238
100 8 2 1215
100 9 0 1138
100 9 1 1209
100 9 2 1242
60 0 3 445
60 0 4 436
60 0 5 376
60 0 6 424
60 0 7 420
60 0 8 382
60 0 9 362
60 0 10 461
60 1 3 424
60 1 4 443
60 1 5 454
60 1 6 416
60 1 7 437
60 1 8 397
60 1 9 434
60 1 10 438
60 2 3 421
60 2 4 440
60 2 5 388
60 2 6 411
60 2 7 439
60 2 8 450
60 2 9 426
60 2 10 447
60 3 3 423
60 3 4 440
60 3 5 441
60 3 6 456
60 3 7 347
60 3 8 427
60 3 9 441
60 3 10 424
60 4 3 421
60 4 4 462
60 4 5 425
60 4 6 410
60 4 7 415
60 4 8 441
60 4 9 372
60 4 10 461
60 5 3 348
60 5 4 434
60 5 5 451
60 5 6 421
60 5 7 422
60 5 8 415
60 5 9 439
60 5 10 408
60 6 3 445
60 6 4 454
60 6 5 446
60 6 6 428
60 6 7 452
60 6 8 402
60 6 9 431
60 6 10 467
60 7 3 410
60 7 4 391
60 7 5 418
60 7 6 454
60 7 7 454
60 7 8 437
60 7 9 427
60 7 10 440
60 8 3 415
60 8 4 328
60 8 5 436
60 8 6 434
60 8 7 391
60 8 8 435
60 8 9 423
60 8 10 459
60 9 3 430
60 9 4 423
60 9 5 442
60 9 6 446
60 9 7 408
60 9 8 439
60 9 9 415
60 9 10 418
80 0 3 761
80 0 4 778
80 0 5 783
80 0 6 792
80 0 7 800
80 0 8 773
80 0 9 792
80 0 10 742
80 1 3 771
80 1 4 765
80 1 5 762
80 1 6 649
80 1 7 791
80 1 8 783
80 1 9 702
80 1 10 801
80 2 3 797
80 2 4 778
80 2 5 790
80 2 6 710
80 2 7 797
80 2 8 764
80 2 9 753
80 2 10 743
80 3 3 819
80 3 4 764
80 3 5 751
80 3 6 796
80 3 7 789
80 3 8 743
80 3 9 685
80 3 10 782
80 4 3 790
80 4 4 765
80 4 5 781
80 4 6 738
80 4 7 791
80 4 8 783
80 4 9 784
80 4 10 782
80 5 3 776
80 5 4 774
80 5 5 756
80 5 6 774
80 5 7 800
80 5 8 794
80 5 9 763
80 5 10 797
80 6 3 767
80 6 4 797
80 6 5 783
80 6 6 787
80 6 7 765
80 6 8 814
80 6 9 814
80 6 10 733
80 7 3 824
80 7 4 767
80 7 5 729
80 7 6 763
80 7 7 790
80 7 8 788
80 7 9 815
80 7 10 750
80 8 3 781
80 8 4 781
80 8 5 758
80 8 6 806
80 8 7 818
80 8 8 795
80 8 9 749
80 8 10 787
80 9 3 805
80 9 4 777
80 9 5 794
80 9 6 792
80 9 7 786
80 9 8 789
80 9 9 799
80 9 10 809
100 0 3 1196
100 0 4 1238
100 0 5 1245
100 0 6 1209
100 0 7 1218
100 0 8 1224
100 0 9 1217
100 0 10 1241
100 1 3 1217
100 1 4 1237
100 1 5 1248
100 1 6 1255
100 1 7 1247
100 1 8 1173
100 1 9 1201
100 1 10 1233
100 2 3 1169
100 2 4 1233
100 2 5 1227
100 2 6 1182
100 2 7 1222
100 2 8 1233
100 2 9 1241
100 2 10 1245
100 3 3 1178
100 3 4 1259
100 3 5 1239
100 3 6 1230
100 3 7 1206
100 3 8 1184
100 3 9 1182
100 3 10 1194
100 4 3 1208
100 4 4 1200
100 4 5 1260
100 4 6 1187
100 4 7 1227
100 4 8 1248
100 4 9 1218
100 4 10 1216
100 5 3 1258
100 5 4 1150
100 5 5 1281
100 5 6 1264
100 5 7 1227
100 5 8 1168
100 5 9 1194
100 5 10 1181
100 6 3 1285
100 6 4 1234
100 6 5 1122
100 6 6 1194
100 6 7 1236
100 6 8 1196
100 6 9 1213
100 6 10 1246
100 7 3 1248
100 7 4 1215
100 7 5 1229
100 7 6 1217
100 7 7 1260
100 7 8 1253
100 7 9 1212
100 7 10 1218
100 8 3 1262
100 8 4 1280
100 8 5 1271
100 8 6 1243
100 8 7 1225
100 8 8 1175
100 8 9 1197
100 8 10 1201
100 9 3 1231
100 9 4 1163
100 9 5 1242
100 9 6 1206
100 9 7 1222
100 9 8 1204
100 9 9 1072
100 9 10 1217
