60 0 0 393
60 0 1 407
60 0 2 424
60 1 0 456
60 1 1 451
60 1 2 394
60 2 0 432
60 2 1 387
60 2 2 445
60 3 0 462
60 3 1 406
60 3 2 451
60 4 0 440
60 4 1 434
60 4 2 440
60 5 0 422
60 5 1 374
60 5 2 420
60 6 0 413
60 6 1 440
60 6 2 418
60 7 0 429
60 7 1 437
60 7 2 429
60 8 0 453
60 8 1 404
60 8 2 434
60 9 0 440
60 9 1 444
60 9 2 441
80 0 0 787
80 0 1 788
80 0 2 761
80 1 0 794
80 1 1 763
80 1 2 759
80 2 0 785
80 2 1 795
80 2 2 660
80 3 0 792
80 3 1 799
80 3 2 726
80 4 0 773
80 4 1 774
80 4 2 822
80 5 0 772
80 5 1 774
80 5 2 759
80 6 0 782
80 6 1 747
80 6 2 802
80 7 0 798
80 7 1 788
80 7 2 788
80 8 0 756
80 8 1 762
80 8 2 793
80 9 0 792
80 9 1 787
80 9 2 806
100 0 0 1236
100 0 1 1236
100 0 2 1218
100 1 0 1225
100 1 1 1181
100 1 2 1225
100 2 0 1240
100 2 1 1229
100 2 2 1230
100 3 0 1224
100 3 1 1197
100 3 2 1242
100 4 0 1264
100 4 1 1198
100 4 2 1215
100 5 0 1226
100 5 1 1217
100 5 2 1150
100 6 0 1181
100 6 1 1210
100 6 2 1217
100 7 0 1219
100 7 1 1225
100 7 2 1207
100 8 0 1237
100 8 1 1277
100 8 2 1207
100 9 0 1259
100 9 1 1172
100 9 2 1258
60 0 3 452
60 0 4 447
60 0 5 419
60 0 6 401
60 0 7 435
60 0 8 420
60 0 9 394
60 0 10 446
60 1 3 444
60 1 4 359
60 1 5 453
60 1 6 456
60 1 7 362
60 1 8 431
60 1 9 426
60 1 10 464
60 2 3 436
60 2 4 433
60 2 5 432
60 2 6 448
60 2 7 461
60 2 8 444
60 2 9 374
60 2 10 419
60 3 3 435
60 3 4 389
60 3 5 427
60 3 6 422
60 3 7 431
60 3 8 336
60 3 9 443
60 3 10 425
60 4 3 415
60 4 4 442
60 4 5 424
60 4 6 371
60 4 7 432
60 4 8 433
60 4 9 391
60 4 10 438
60 5 3 451
60 5 4 417
60 5 5 453
60 5 6 436
60 5 7 421
60 5 8 430
60 5 9 429
60 5 10 428
60 6 3 407
60 6 4 430
60 6 5 448
60 6 6 449
60 6 7 441
60 6 8 428
60 6 9 429
60 6 10 430
60 7 3 425
60 7 4 427
60 7 5 412
60 7 6 457
60 7 7 408
60 7 8 445
60 7 9 465
60 7 10 448
60 8 3 447
60 8 4 433
60 8 5 423
60 8 6 418
60 8 7 428
60 8 8 446
60 8 9 425
60 8 10 437
60 9 3 459
60 9 4 458
60 9 5 439
60 9 6 442
60 9 7 462
60 9 8 377
60 9 9 430
60 9 10 440
80 0 3 787
80 0 4 764
80 0 5 808
80 0 6 779
80 0 7 768
80 0 8 782
80 0 9 812
80 0 10 795
80 1 3 777
80 1 4 798
80 1 5 823
80 1 6 801
80 1 7 788
80 1 8 790
80 1 9 798
80 1 10 778
80 2 3 771
80 2 4 793
80 2 5 776
80 2 6 784
80 2 7 735
80 2 8 772
80 2 9 754
80 2 10 742
80 3 3 765
80 3 4 767
80 3 5 780
80 3 6 783
80 3 7 764
80 3 8 767
80 3 9 782
80 3 10 794
80 4 3 787
80 4 4 790
80 4 5 775
80 4 6 775
80 4 7 774
80 4 8 716
80 4 9 765
80 4 10 761
80 5 3 817
80 5 4 792
80 5 5 780
80 5 6 787
80 5 7 780
80 5 8 769
80 5 9 743
80 5 10 755
80 6 3 798
80 6 4 802
80 6 5 799
80 6 6 774
80 6 7 783
80 6 8 784
80 6 9 762
80 6 10 789
80 7 3 769
80 7 4 756
80 7 5 805
80 7 6 775
80 7 7 827
80 7 8 781
80 7 9 677
80 7 10 804
80 8 3 735
80 8 4 790
80 8 5 724
80 8 6 795
80 8 7 750
80 8 8 780
80 8 9 806
80 8 10 789
80 9 3 753
80 9 4 798
80 9 5 790
80 9 6 761
80 9 7 798
80 9 8 785
80 9 9 792
80 9 10 785
100 0 3 1229
100 0 4 1230
100 0 5 1230
100 0 6 1182
100 0 7 1253
100 0 8 1238
100 0 9 1246
100 0 10 1235
100 1 3 1239
100 1 4 1228
100 1 5 1174
100 1 6 1209
100 1 7 1258
100 1 8 1222
100 1 9 1265
100 1 10 1267
100 2 3 1245
100 2 4 1264
100 2 5 1250
100 2 6 1182
100 2 7 1269
100 2 8 1221
100 2 9 1216
100 2 10 1255
100 3 3 1107
100 3 4 1240
100 3 5 1165
100 3 6 1168
100 3 7 1209
100 3 8 1104
100 3 9 1257
100 3 10 1252
100 4 3 1153
100 4 4 1210
100 4 5 1224
100 4 6 1232
100 4 7 1265
100 4 8 1203
100 4 9 1242
100 4 10 1221
100 5 3 1226
100 5 4 1241
100 5 5 1231
100 5 6 1206
100 5 7 1222
100 5 8 1238
100 5 9 1234
100 5 10 1233
100 6 3 1217
100 6 4 1218
100 6 5 1239
100 6 6 1239
100 6 7 1244
100 6 8 1239
100 6 9 1220
100 6 10 1223
100 7 3 1258
100 7 4 1242
100 7 5 1256
100 7 6 1263
100 7 7 1225
100 7 8 1149
100 7 9 1145
100 7 10 1222
100 8 3 1220
100 8 4 1232
100 8 5 1114
100 8 6 1249
100 8 7 1236
100 8 8 1246
100 8 9 1262
100 8 10 1226
100 9 3 1241
100 9 4 1241
100 9 5 1216
100 9 6 1194
100 9 7 1254
100 9 8 1260
100 9 9 1173
100 9 10 1248
