60 0 0 406
60 0 1 398
60 0 2 411
60 1 0 429
60 1 1 449
60 1 2 434
60 2 0 444
60 2 1 447
60 2 2 452
60 3 0 438
60 3 1 446
60 3 2 425
60 4 0 431
60 4 1 446
60 4 2 432
60 5 0 438
60 5 1 443
60 5 2 452
60 6 0 437
60 6 1 458
60 6 2 466
60 7 0 434
60 7 1 440
60 7 2 450
60 8 0 441
60 8 1 461
60 8 2 446
60 9 0 459
60 9 1 440
60 9 2 452
80 0 0 784
80 0 1 794
80 0 2 784
80 1 0 802
80 1 1 683
80 1 2 718
80 2 0 809
80 2 1 753
80 2 2 802
80 3 0 794
80 3 1 802
80 3 2 792
80 4 0 756
80 4 1 789
80 4 2 766
80 5 0 787
80 5 1 804
80 5 2 783
80 6 0 728
80 6 1 791
80 6 2 753
80 7 0 764
80 7 1 708
80 7 2 719
80 8 0 700
80 8 1 746
80 8 2 774
80 9 0 776
80 9 1 779
80 9 2 706
100 0 0 1234
100 0 1 1190
100 0 2 1231
100 1 0 1231
100 1 1 1237
100 1 2 1225
100 2 0 1234
100 2 1 1205
100 2 2 1215
100 3 0 1186
100 3 1 1237
100 3 2 1242
100 4 0 1246
100 4 1 1258
100 4 2 1214
100 5 0 1282
100 5 1 1190
100 5 2 1176
100 6 0 1240
100 6 1 1174
100 6 2 1218
100 7 0 1169
100 7 1 1193
100 7 2 1235
100 8 0 1258
100 8 1 1244
100 8 2 1227
100 9 0 1218
100 9 1 1262
100 9 2 1219
60 0 3 447
60 0 4 415
60 0 5 444
60 0 6 416
60 0 7 427
60 0 8 458
60 0 9 432
60 0 10 438
60 1 3 441
60 1 4 440
60 1 5 425
60 1 6 406
60 1 7 453
60 1 8 450
60 1 9 439
60 1 10 432
60 2 3 431
60 2 4 395
60 2 5 436
60 2 6 427
60 2 7 369
60 2 8 452
60 2 9 448
60 2 10 417
60 3 3 428
60 3 4 428
60 3 5 416
60 3 6 427
60 3 7 461
60 3 8 424
60 3 9 462
60 3 10 459
60 4 3 396
60 4 4 430
60 4 5 442
60 4 6 428
60 4 7 440
60 4 8 434
60 4 9 431
60 4 10 426
60 5 3 447
60 5 4 436
60 5 5 430
60 5 6 430
60 5 7 445
60 5 8 451
60 5 9 393
60 5 10 445
60 6 3 380
60 6 4 423
60 6 5 430
60 6 6 407
60 6 7 460
60 6 8 432
60 6 9 453
60 6 10 467
60 7 3 457
60 7 4 428
60 7 5 435
60 7 6 464
60 7 7 440
60 7 8 450
60 7 9 376
60 7 10 430
60 8 3 463
60 8 4 405
60 8 5 444
60 8 6 423
60 8 7 439
60 8 8 444
60 8 9 405
60 8 10 451
60 9 3 440
60 9 4 462
60 9 5 442
60 9 6 428
60 9 7 445
60 9 8 442
60 9 9 429
60 9 10 458
80 0 3 781
80 0 4 771
80 0 5 779
80 0 6 797
80 0 7 762
80 0 8 779
80 0 9 770
80 0 10 779
80 1 3 772
80 1 4 808
80 1 5 783
80 1 6 752
80 1 7 755
80 1 8 786
80 1 9 775
80 1 10 794
80 2 3 806
80 2 4 775
80 2 5 789
80 2 6 785
80 2 7 801
80 2 8 766
80 2 9 808
80 2 10 796
80 3 3 778
80 3 4 786
80 3 5 713
80 3 6 762
80 3 7 775
80 3 8 774
80 3 9 773
80 3 10 704
80 4 3 734
80 4 4 818
80 4 5 789
80 4 6 802
80 4 7 786
80 4 8 717
80 4 9 751
80 4 10 766
80 5 3 757
80 5 4 791
80 5 5 788
80 5 6 741
80 5 7 788
80 5 8 798
80 5 9 777
80 5 10 725
80 6 3 764
80 6 4 781
80 6 5 814
80 6 6 810
80 6 7 800
80 6 8 749
80 6 9 776
80 6 10 788
80 7 3 718
80 7 4 796
80 7 5 683
80 7 6 749
80 7 7 781
80 7 8 596
80 7 9 764
80 7 10 771
80 8 3 807
80 8 4 751
80 8 5 766
80 8 6 798
80 8 7 677
80 8 8 806
80 8 9 777
80 8 10 785
80 9 3 806
80 9 4 778
80 9 5 738
80 9 6 810
80 9 7 803
80 9 8 735
80 9 9 786
80 9 10 788
100 0 3 1208
100 0 4 1283
100 0 5 1238
100 0 6 1196
100 0 7 1196
100 0 8 1236
100 0 9 1241
100 0 10 1234
100 1 3 1216
100 1 4 1206
100 1 5 1255
100 1 6 1207
100 1 7 1224
100 1 8 1260
100 1 9 1173
100 1 10 1246
100 2 3 1181
100 2 4 1232
100 2 5 1232
100 2 6 1261
100 2 7 1224
100 2 8 1234
100 2 9 1226
100 2 10 1243
100 3 3 1247
100 3 4 1217
100 3 5 1230
100 3 6 1237
100 3 7 1259
100 3 8 1259
100 3 9 1190
100 3 10 1214
100 4 3 1225
100 4 4 1241
100 4 5 1255
100 4 6 1252
100 4 7 1267
100 4 8 1249
100 4 9 1247
100 4 10 1239
100 5 3 1221
100 5 4 1264
100 5 5 1229
100 5 6 1229
100 5 7 1233
100 5 8 1220
100 5 9 1266
100 5 10 1221
100 6 3 1228
100 6 4 1250
100 6 5 1237
100 6 6 1217
100 6 7 1228
100 6 8 1196
100 6 9 1255
100 6 10 1226
100 7 3 1251
100 7 4 1233
100 7 5 1203
100 7 6 1280
100 7 7 1244
100 7 8 1229
100 7 9 1238
100 7 10 1254
100 8 3 1240
100 8 4 1241
100 8 5 1206
100 8 6 1202
100 8 7 1197
100 8 8 1231
100 8 9 1267
100 8 10 1246
100 9 3 1226
100 9 4 1243
100 9 5 1253
100 9 6 1271
100 9 7 1247
100 9 8 1178
100 9 9 1240
100 9 10 1222
