60 0 0 413
60 0 1 439
60 0 2 428
60 1 0 442
60 1 1 439
60 1 2 426
60 2 0 449
60 2 1 459
60 2 2 424
60 3 0 405
60 3 1 433
60 3 2 442
60 4 0 458
60 4 1 428
60 4 2 451
60 5 0 437
60 5 1 457
60 5 2 448
60 6 0 461
60 6 1 444
60 6 2 447
60 7 0 419
60 7 1 418
60 7 2 428
60 8 0 443
60 8 1 473
60 8 2 445
60 9 0 440
60 9 1 435
60 9 2 465
80 0 0 794
80 0 1 762
80 0 2 776
80 1 0 815
80 1 1 791
80 1 2 777
80 2 0 791
80 2 1 732
80 2 2 793
80 3 0 795
80 3 1 802
80 3 2 772
80 4 0 682
80 4 1 772
80 4 2 795
80 5 0 818
80 5 1 790
80 5 2 744
80 6 0 800
80 6 1 760
80 6 2 817
80 7 0 782
80 7 1 746
80 7 2 727
80 8 0 820
80 8 1 767
80 8 2 752
80 9 0 790
80 9 1 792
80 9 2 812
100 0 0 1243
100 0 1 1242
100 0 2 1260
100 1 0 1247
100 1 1 1246
100 1 2 1235
100 2 0 1254
100 2 1 1210
100 2 2 1229
100 3 0 1213
100 3 1 1213
100 3 2 1252
100 4 0 1223
100 4 1 1262
100 4 2 1226
100 5 0 1246
100 5 1 1197
100 5 2 1259
100 6 0 1250
100 6 1 1138
100 6 2 1176
100 7 0 1258
100 7 1 1236
100 7 2 1225
100 8 0 1201
100 8 1 1234
100 8 2 1201
100 9 0 1206
100 9 1 1254
100 9 2 1204
60 0 3 436
60 0 4 408
60 0 5 446
60 0 6 438
60 0 7 463
60 0 8 440
60 0 9 421
60 0 10 438
60 1 3 442
60 1 4 455
60 1 5 434
60 1 6 391
60 1 7 428
60 1 8 411
60 1 9 429
60 1 10 422
60 2 3 435
60 2 4 382
60 2 5 444
60 2 6 448
60 2 7 438
60 2 8 440
60 2 9 450
60 2 10 422
60 3 3 444
60 3 4 455
60 3 5 418
60 3 6 436
60 3 7 457
60 3 8 410
60 3 9 448
60 3 10 468
60 4 3 440
60 4 4 445
60 4 5 432
60 4 6 447
60 4 7 419
60 4 8 456
60 4 9 345
60 4 10 426
60 5 3 444
60 5 4 435
60 5 5 455
60 5 6 414
60 5 7 437
60 5 8 447
60 5 9 467
60 5 10 422
60 6 3 404
60 6 4 418
60 6 5 444
60 6 6 442
60 6 7 432
60 6 8 457
60 6 9 436
60 6 10 441
60 7 3 417
60 7 4 449
60 7 5 415
60 7 6 438
60 7 7 445
60 7 8 431
60 7 9 451
60 7 10 436
60 8 3 406
60 8 4 455
60 8 5 457
60 8 6 429
60 8 7 458
60 8 8 450
60 8 9 418
60 8 10 437
60 9 3 453
60 9 4 435
60 9 5 455
60 9 6 445
60 9 7 441
60 9 8 397
60 9 9 425
60 9 10 476
80 0 3 788
80 0 4 755
80 0 5 785
80 0 6 799
80 0 7 729
80 0 8 771
80 0 9 799
80 0 10 764
80 1 3 770
80 1 4 776
80 1 5 766
80 1 6 782
80 1 7 778
80 1 8 787
80 1 9 752
80 1 10 785
80 2 3 788
80 2 4 788
80 2 5 778
80 2 6 765
80 2 7 773
80 2 8 785
80 2 9 770
80 2 10 750
80 3 3 775
80 3 4 757
80 3 5 786
80 3 6 777
80 3 7 772
80 3 8 788
80 3 9 786
80 3 10 797
80 4 3 792
80 4 4 820
80 4 5 737
80 4 6 750
80 4 7 791
80 4 8 727
80 4 9 792
80 4 10 813
80 5 3 804
80 5 4 776
80 5 5 773
80 5 6 735
80 5 7 797
80 5 8 784
80 5 9 782
80 5 10 801
80 6 3 758
80 6 4 793
80 6 5 736
80 6 6 798
80 6 7 776
80 6 8 781
80 6 9 812
80 6 10 745
80 7 3 785
80 7 4 764
80 7 5 821
80 7 6 789
80 7 7 764
80 7 8 776
80 7 9 815
80 7 10 773
80 8 3 776
80 8 4 788
80 8 5 779
80 8 6 790
80 8 7 782
80 8 8 777
80 8 9 751
80 8 10 798
80 9 3 748
80 9 4 776
80 9 5 800
80 9 6 793
80 9 7 781
80 9 8 788
80 9 9 806
80 9 10 807
100 0 3 1198
100 0 4 1136
100 0 5 1247
100 0 6 1249
100 0 7 1216
100 0 8 1234
100 0 9 1195
100 0 10 1236
100 1 3 1257
100 1 4 1245
100 1 5 1207
100 1 6 1227
100 1 7 1254
100 1 8 1240
100 1 9 1224
100 1 10 1239
100 2 3 1234
100 2 4 1272
100 2 5 1251
100 2 6 1217
100 2 7 1216
100 2 8 1240
100 2 9 1230
100 2 10 1241
100 3 3 1228
100 3 4 1240
100 3 5 1262
100 3 6 1182
100 3 7 1254
100 3 8 1238
100 3 9 1181
100 3 10 1253
100 4 3 1243
100 4 4 1214
100 4 5 1237
100 4 6 1282
100 4 7 1240
100 4 8 1223
100 4 9 1226
100 4 10 1244
100 5 3 1227
100 5 4 1223
100 5 5 1243
100 5 6 1244
100 5 7 1247
100 5 8 1239
100 5 9 1235
100 5 10 1220
100 6 3 1265
100 6 4 1233
100 6 5 1225
100 6 6 1250
100 6 7 1231
100 6 8 1189
100 6 9 1228
100 6 10 1196
100 7 3 1233
100 7 4 1233
100 7 5 1224
100 7 6 1230
100 7 7 1248
100 7 8 1258
100 7 9 1252
100 7 10 1232
100 8 3 1183
100 8 4 1176
100 8 5 1211
100 8 6 1257
100 8 7 1261
100 8 8 1228
100 8 9 1238
100 8 10 1129
100 9 3 1259
100 9 4 1223
100 9 5 1223
100 9 6 1248
100 9 7 1182
100 9 8 1216
100 9 9 1192
100 9 10 1240
