60 0 0 435
60 0 1 434
60 0 2 429
60 1 0 428
60 1 1 422
60 1 2 394
60 2 0 401
60 2 1 410
60 2 2 442
60 3 0 457
60 3 1 422
60 3 2 443
60 4 0 435
60 4 1 410
60 4 2 444
60 5 0 426
60 5 1 445
60 5 2 396
60 6 0 459
60 6 1 448
60 6 2 444
60 7 0 433
60 7 1 435
60 7 2 453
60 8 0 437
60 8 1 416
60 8 2 426
60 9 0 429
60 9 1 442
60 9 2 443
80 0 0 673
80 0 1 821
80 0 2 811
80 1 0 760
80 1 1 768
80 1 2 783
80 2 0 803
80 2 1 772
80 2 2 791
80 3 0 808
80 3 1 747
80 3 2 781
80 4 0 795
80 4 1 784
80 4 2 786
80 5 0 729
80 5 1 786
80 5 2 753
80 6 0 771
80 6 1 811
80 6 2 790
80 7 0 645
80 7 1 745
80 7 2 803
80 8 0 772
80 8 1 794
80 8 2 808
80 9 0 795
80 9 1 794
80 9 2 785
100 0 0 1059
100 0 1 1171
100 0 2 1260
100 1 0 1119
100 1 1 1222
100 1 2 1252
100 2 0 1192
100 2 1 1218
100 2 2 1216
100 3 0 1239
100 3 1 1208
100 3 2 1252
100 4 0 1269
100 4 1 1181
100 4 2 1215
100 5 0 1225
100 5 1 1053
100 5 2 1173
100 6 0 1238
100 6 1 1247
100 6 2 1216
100 7 0 1258
100 7 1 1262
100 7 2 1208
100 8 0 1167
100 8 1 1233
100 8 2 1237
100 9 0 1254
100 9 1 1253
100 9 2 1247
60 0 3 443
60 0 4 425
60 0 5 433
60 0 6 362
60 0 7 459
60 0 8 429
60 0 9 460
60 0 10 450
60 1 3 380
60 1 4 382
60 1 5 360
60 1 6 457
60 1 7 429
60 1 8 442
60 1 9 410
60 1 10 337
60 2 3 431
60 2 4 453
60 2 5 440
60 2 6 436
60 2 7 295
60 2 8 346
60 2 9 453
60 2 10 437
60 3 3 443
60 3 4 460
60 3 5 441
60 3 6 425
60 3 7 426
60 3 8 440
60 3 9 444
60 3 10 446
60 4 3 446
60 4 4 439
60 4 5 423
60 4 6 407
60 4 7 421
60 4 8 413
60 4 9 450
60 4 10 448
60 5 3 441
60 5 4 452
60 5 5 434
60 5 6 427
60 5 7 440
60 5 8 429
60 5 9 435
60 5 10 452
60 6 3 454
60 6 4 416
60 6 5 407
60 6 6 436
60 6 7 437
60 6 8 421
60 6 9 426
60 6 10 440
60 7 3 448
60 7 4 401
60 7 5 436
60 7 6 447
60 7 7 450
60 7 8 440
60 7 9 443
60 7 10 454
60 8 3 445
60 8 4 363
60 8 5 413
60 8 6 430
60 8 7 428
60 8 8 390
60 8 9 426
60 8 10 439
60 9 3 442
60 9 4 430
60 9 5 425
60 9 6 378
60 9 7 441
60 9 8 375
60 9 9 430
60 9 10 428
80 0 3 796
80 0 4 783
80 0 5 774
80 0 6 806
80 0 7 695
80 0 8 789
80 0 9 553
80 0 10 745
80 1 3 775
80 1 4 742
80 1 5 794
80 1 6 804
80 1 7 777
80 1 8 707
80 1 9 747
80 1 10 771
80 2 3 801
80 2 4 784
80 2 5 805
80 2 6 778
80 2 7 811
80 2 8 689
80 2 9 756
80 2 10 766
80 3 3 765
80 3 4 764
80 3 5 767
80 3 6 759
80 3 7 796
80 3 8 770
80 3 9 796
80 3 10 773
80 4 3 784
80 4 4 806
80 4 5 752
80 4 6 803
80 4 7 777
80 4 8 802
80 4 9 793
80 4 10 779
80 5 3 782
80 5 4 769
80 5 5 819
80 5 6 780
80 5 7 779
80 5 8 814
80 5 9 769
80 5 10 784
80 6 3 766
80 6 4 795
80 6 5 791
80 6 6 783
80 6 7 805
80 6 8 789
80 6 9 762
80 6 10 724
80 7 3 799
80 7 4 765
80 7 5 766
80 7 6 784
80 7 7 748
80 7 8 757
80 7 9 736
80 7 10 792
80 8 3 722
80 8 4 776
80 8 5 744
80 8 6 781
80 8 7 793
80 8 8 740
80 8 9 787
80 8 10 804
80 9 3 767
80 9 4 808
80 9 5 733
80 9 6 746
80 9 7 782
80 9 8 819
80 9 9 736
80 9 10 823
100 0 3 1199
100 0 4 1232
100 0 5 1204
100 0 6 1219
100 0 7 1226
100 0 8 1231
100 0 9 1184
100 0 10 1238
100 1 3 1222
100 1 4 1250
100 1 5 1235
100 1 6 1160
100 1 7 1261
100 1 8 1197
100 1 9 1189
100 1 10 1168
100 2 3 1199
100 2 4 1206
100 2 5 1141
100 2 6 1233
100 2 7 1212
100 2 8 1241
100 2 9 1238
100 2 10 1198
100 3 3 1150
100 3 4 1252
100 3 5 1169
100 3 6 1238
100 3 7 1199
100 3 8 1227
100 3 9 1229
100 3 10 1181
100 4 3 1143
100 4 4 1141
100 4 5 1216
100 4 6 1208
100 4 7 1154
100 4 8 1209
100 4 9 1249
100 4 10 1243
100 5 3 1192
100 5 4 1174
100 5 5 1223
100 5 6 1186
100 5 7 1130
100 5 8 1240
100 5 9 1170
100 5 10 1195
100 6 3 1248
100 6 4 1267
100 6 5 1219
100 6 6 1213
100 6 7 1242
100 6 8 1226
100 6 9 1228
100 6 10 1219
100 7 3 1243
100 7 4 1239
100 7 5 1200
100 7 6 1234
100 7 7 1152
100 7 8 1271
100 7 9 1246
100 7 10 1169
100 8 3 1197
100 8 4 1176
100 8 5 1034
100 8 6 1182
100 8 7 1170
100 8 8 1238
100 8 9 1214
100 8 10 1200
100 9 3 1068
100 9 4 1221
100 9 5 1097
100 9 6 1063
100 9 7 1233
100 9 8 1217
100 9 9 1262
100 9 10 1208
