60 0 0 437
60 0 1 340
60 0 2 425
60 1 0 390
60 1 1 400
60 1 2 438
60 2 0 443
60 2 1 424
60 2 2 468
60 3 0 376
60 3 1 450
60 3 2 433
60 4 0 453
60 4 1 446
60 4 2 330
60 5 0 445
60 5 1 428
60 5 2 442
60 6 0 436
60 6 1 445
60 6 2 443
60 7 0 452
60 7 1 436
60 7 2 436
60 8 0 422
60 8 1 455
60 8 2 434
60 9 0 428
60 9 1 440
60 9 2 430
80 0 0 810
80 0 1 782
80 0 2 725
80 1 0 757
80 1 1 792
80 1 2 747
80 2 0 775
80 2 1 650
80 2 2 778
80 3 0 696
80 3 1 725
80 3 2 781
80 4 0 765
80 4 1 754
80 4 2 757
80 5 0 730
80 5 1 803
80 5 2 721
80 6 0 782
80 6 1 776
80 6 2 784
80 7 0 721
80 7 1 802
80 7 2 780
80 8 0 761
80 8 1 768
80 8 2 788
80 9 0 735
80 9 1 798
80 9 2 772
100 0 0 1260
100 0 1 1165
100 0 2 1203
100 1 0 1230
100 1 1 1243
100 1 2 1181
100 2 0 1176
100 2 1 1242
100 2 2 1224
100 3 0 1073
100 3 1 908
100 3 2 1222
100 4 0 1150
100 4 1 1202
100 4 2 1145
100 5 0 1231
100 5 1 1102
100 5 2 1073
100 6 0 1208
100 6 1 1287
100 6 2 1225
100 7 0 1210
100 7 1 1151
100 7 2 1137
100 8 0 1156
100 8 1 595
100 8 2 1262
100 9 0 1238
100 9 1 1242
100 9 2 1230
60 0 3 341
60 0 4 440
60 0 5 437
60 0 6 399
60 0 7 445
60 0 8 414
60 0 9 369
60 0 10 430
60 1 3 431
60 1 4 440
60 1 5 443
60 1 6 396
60 1 7 452
60 1 8 426
60 1 9 434
60 1 10 430
60 2 3 438
60 2 4 379
60 2 5 451
60 2 6 430
60 2 7 443
60 2 8 457
60 2 9 446
60 2 10 465
60 3 3 422
60 3 4 383
60 3 5 423
60 3 6 431
60 3 7 431
60 3 8 442
60 3 9 434
60 3 10 442
60 4 3 431
60 4 4 440
60 4 5 423
60 4 6 413
60 4 7 353
60 4 8 456
60 4 9 440
60 4 10 453
60 5 3 431
60 5 4 410
60 5 5 402
60 5 6 423
60 5 7 402
60 5 8 438
60 5 9 449
60 5 10 429
60 6 3 399
60 6 4 398
60 6 5 409
60 6 6 443
60 6 7 431
60 6 8 438
60 6 9 438
60 6 10 386
60 7 3 417
60 7 4 414
60 7 5 459
60 7 6 422
60 7 7 394
60 7 8 414
60 7 9 424
60 7 10 442
60 8 3 441
60 8 4 441
60 8 5 461
60 8 6 444
60 8 7 381
60 8 8 413
60 8 9 413
60 8 10 428
60 9 3 415
60 9 4 391
60 9 5 415
60 9 6 429
60 9 7 403
60 9 8 439
60 9 9 429
60 9 10 404
80 0 3 721
80 0 4 809
80 0 5 783
80 0 6 795
80 0 7 801
80 0 8 612
80 0 9 794
80 0 10 790
80 1 3 805
80 1 4 651
80 1 5 753
80 1 6 793
80 1 7 735
80 1 8 724
80 1 9 724
80 1 10 697
80 2 3 693
80 2 4 727
80 2 5 809
80 2 6 733
80 2 7 761
80 2 8 762
80 2 9 794
80 2 10 747
80 3 3 759
80 3 4 603
80 3 5 705
80 3 6 657
80 3 7 724
80 3 8 785
80 3 9 803
80 3 10 803
80 4 3 685
80 4 4 786
80 4 5 691
80 4 6 793
80 4 7 805
80 4 8 776
80 4 9 781
80 4 10 761
80 5 3 776
80 5 4 712
80 5 5 749
80 5 6 771
80 5 7 783
80 5 8 794
80 5 9 812
80 5 10 779
80 6 3 790
80 6 4 797
80 6 5 751
80 6 6 785
80 6 7 805
80 6 8 784
80 6 9 804
80 6 10 787
80 7 3 665
80 7 4 773
80 7 5 766
80 7 6 682
80 7 7 809
80 7 8 674
80 7 9 618
80 7 10 712
80 8 3 778
80 8 4 788
80 8 5 805
80 8 6 746
80 8 7 787
80 8 8 824
80 8 9 787
80 8 10 775
80 9 3 770
80 9 4 764
80 9 5 792
80 9 6 775
80 9 7 762
80 9 8 707
80 9 9 787
80 9 10 801
100 0 3 1256
100 0 4 1209
100 0 5 1253
100 0 6 1195
100 0 7 1235
100 0 8 1156
100 0 9 1156
100 0 10 1211
100 1 3 1213
100 1 4 1252
100 1 5 1234
100 1 6 1234
100 1 7 1123
100 1 8 1259
100 1 9 1164
100 1 10 1216
100 2 3 1193
100 2 4 1151
100 2 5 1241
100 2 6 1199
100 2 7 1104
100 2 8 1172
100 2 9 1216
100 2 10 1241
100 3 3 1020
100 3 4 1235
100 3 5 1132
100 3 6 1257
100 3 7 1126
100 3 8 1161
100 3 9 1249
100 3 10 1223
100 4 3 1130
100 4 4 1267
100 4 5 1236
100 4 6 1241
100 4 7 1235
100 4 8 1220
100 4 9 1257
100 4 10 1111
100 5 3 1216
100 5 4 1176
100 5 5 1173
100 5 6 1263
100 5 7 1263
100 5 8 1147
100 5 9 1229
100 5 10 1231
100 6 3 1208
100 6 4 1219
100 6 5 1199
100 6 6 1173
100 6 7 1242
100 6 8 1195
100 6 9 1216
100 6 10 1095
100 7 3 1107
100 7 4 1141
100 7 5 1260
100 7 6 1230
100 7 7 1159
100 7 8 1205
100 7 9 1146
100 7 10 908
100 8 3 1249
100 8 4 1237
100 8 5 1177
100 8 6 1222
100 8 7 1236
100 8 8 1239
100 8 9 1182
100 8 10 1019
100 9 3 1105
100 9 4 1224
100 9 5 1217
100 9 6 1194
100 9 7 1195
100 9 8 1177
100 9 9 1247
100 9 10 1225
