60 0 0 390
60 0 1 424
60 0 2 425
60 1 0 423
60 1 1 457
60 1 2 410
60 2 0 387
60 2 1 435
60 2 2 347
60 3 0 429
60 3 1 453
60 3 2 448
60 4 0 430
60 4 1 440
60 4 2 392
60 5 0 434
60 5 1 442
60 5 2 457
60 6 0 444
60 6 1 444
60 6 2 454
60 7 0 427
60 7 1 457
60 7 2 425
60 8 0 451
60 8 1 433
60 8 2 458
60 9 0 390
60 9 1 428
60 9 2 440
80 0 0 701
80 0 1 739
80 0 2 795
80 1 0 796
80 1 1 729
80 1 2 742
80 2 0 785
80 2 1 795
80 2 2 748
80 3 0 753
80 3 1 799
80 3 2 750
80 4 0 778
80 4 1 809
80 4 2 806
80 5 0 798
80 5 1 788
80 5 2 779
80 6 0 747
80 6 1 802
80 6 2 802
80 7 0 801
80 7 1 787
80 7 2 752
80 8 0 652
80 8 1 693
80 8 2 800
80 9 0 782
80 9 1 781
80 9 2 790
100 0 0 1254
100 0 1 1236
100 0 2 1248
100 1 0 1206
100 1 1 1185
100 1 2 1248
100 2 0 1219
100 2 1 1243
100 2 2 1182
100 3 0 1262
100 3 1 1225
100 3 2 1208
100 4 0 1129
100 4 1 1168
100 4 2 1161
100 5 0 1232
100 5 1 1205
100 5 2 1246
100 6 0 1234
100 6 1 1200
100 6 2 1210
100 7 0 1220
100 7 1 1235
100 7 2 1231
100 8 0 1247
100 8 1 1205
100 8 2 1252
100 9 0 1247
100 9 1 1220
100 9 2 1191
60 0 3 433
60 0 4 444
60 0 5 418
60 0 6 408
60 0 7 439
60 0 8 423
60 0 9 444
60 0 10 430
60 1 3 446
60 1 4 431
60 1 5 429
60 1 6 420
60 1 7 450
60 1 8 324
60 1 9 402
60 1 10 445
60 2 3 359
60 2 4 437
60 2 5 436
60 2 6 459
60 2 7 441
60 2 8 413
60 2 9 449
60 2 10 445
60 3 3 448
60 3 4 445
60 3 5 353
60 3 6 440
60 3 7 427
60 3 8 455
60 3 9 368
60 3 10 456
60 4 3 447
60 4 4 434
60 4 5 435
60 4 6 444
60 4 7 437
60 4 8 418
60 4 9 442
60 4 10 465
60 5 3 410
60 5 4 414
60 5 5 415
60 5 6 434
60 5 7 421
60 5 8 447
60 5 9 430
60 5 10 422
60 6 3 437
60 6 4 405
60 6 5 458
60 6 6 403
60 6 7 437
60 6 8 419
60 6 9 444
60 6 10 404
60 7 3 456
60 7 4 443
60 7 5 403
60 7 6 422
60 7 7 436
60 7 8 394
60 7 9 452
60 7 10 448
60 8 3 404
60 8 4 415
60 8 5 454
60 8 6 413
60 8 7 446
60 8 8 434
60 8 9 348
60 8 10 446
60 9 3 397
60 9 4 417
60 9 5 436
60 9 6 461
60 9 7 437
60 9 8 419
60 9 9 439
60 9 10 446
80 0 3 754
80 0 4 746
80 0 5 778
80 0 6 768
80 0 7 816
80 0 8 785
80 0 9 773
80 0 10 657
80 1 3 799
80 1 4 795
80 1 5 782
80 1 6 801
80 1 7 793
80 1 8 717
80 1 9 787
80 1 10 712
80 2 3 772
80 2 4 806
80 2 5 777
80 2 6 775
80 2 7 741
80 2 8 743
80 2 9 789
80 2 10 786
80 3 3 799
80 3 4 749
80 3 5 745
80 3 6 780
80 3 7 760
80 3 8 782
80 3 9 770
80 3 10 785
80 4 3 776
80 4 4 680
80 4 5 776
80 4 6 632
80 4 7 785
80 4 8 782
80 4 9 793
80 4 10 759
80 5 3 664
80 5 4 692
80 5 5 807
80 5 6 813
80 5 7 789
80 5 8 826
80 5 9 790
80 5 10 766
80 6 3 772
80 6 4 762
80 6 5 656
80 6 6 780
80 6 7 798
80 6 8 735
80 6 9 815
80 6 10 804
80 7 3 811
80 7 4 799
80 7 5 793
80 7 6 537
80 7 7 797
80 7 8 772
80 7 9 796
80 7 10 810
80 8 3 796
80 8 4 808
80 8 5 793
80 8 6 768
80 8 7 723
80 8 8 764
80 8 9 753
80 8 10 799
80 9 3 778
80 9 4 797
80 9 5 763
80 9 6 742
80 9 7 777
80 9 8 810
80 9 9 791
80 9 10 769
100 0 3 1233
100 0 4 1236
100 0 5 1170
100 0 6 1217
100 0 7 1224
100 0 8 1236
100 0 9 1232
100 0 10 1174
100 1 3 1245
100 1 4 1227
100 1 5 1256
100 1 6 1210
100 1 7 1220
100 1 8 1222
100 1 9 1230
100 1 10 1229
100 2 3 1264
100 2 4 1228
100 2 5 1270
100 2 6 1263
100 2 7 1222
100 2 8 1194
100 2 9 1217
100 2 10 1206
100 3 3 1195
100 3 4 1182
100 3 5 1225
100 3 6 1097
100 3 7 1249
100 3 8 1263
100 3 9 1234
100 3 10 1223
100 4 3 1230
100 4 4 1214
100 4 5 1231
100 4 6 1247
100 4 7 1194
100 4 8 1264
100 4 9 1241
100 4 10 1262
100 5 3 1207
100 5 4 1217
100 5 5 1155
100 5 6 1185
100 5 7 1163
100 5 8 1164
100 5 9 1218
100 5 10 1229
100 6 3 1133
100 6 4 1216
100 6 5 1187
100 6 6 1251
100 6 7 1188
100 6 8 1233
100 6 9 1229
100 6 10 1212
100 7 3 1268
100 7 4 1245
100 7 5 1250
100 7 6 1224
100 7 7 1214
100 7 8 1153
100 7 9 1239
100 7 10 1196
100 8 3 1234
100 8 4 1199
100 8 5 1112
100 8 6 1150
100 8 7 1238
100 8 8 1239
100 8 9 950
100 8 10 1224
100 9 3 1038
100 9 4 1214
100 9 5 1190
100 9 6 1255
100 9 7 1229
100 9 8 1215
100 9 9 1234
100 9 10 1202
