60 0 0 447
60 0 1 422
60 0 2 436
60 1 0 442
60 1 1 441
60 1 2 447
60 2 0 439
60 2 1 461
60 2 2 437
60 3 0 340
60 3 1 446
60 3 2 413
60 4 0 464
60 4 1 430
60 4 2 473
60 5 0 432
60 5 1 443
60 5 2 443
60 6 0 421
60 6 1 433
60 6 2 424
60 7 0 463
60 7 1 435
60 7 2 461
60 8 0 444
60 8 1 437
60 8 2 436
60 9 0 439
60 9 1 407
60 9 2 427
80 0 0 744
80 0 1 786
80 0 2 773
80 1 0 808
80 1 1 786
80 1 2 818
80 2 0 810
80 2 1 746
80 2 2 795
80 3 0 808
80 3 1 722
80 3 2 787
80 4 0 759
80 4 1 791
80 4 2 792
80 5 0 788
80 5 1 783
80 5 2 795
80 6 0 781
80 6 1 768
80 6 2 784
80 7 0 779
80 7 1 778
80 7 2 772
80 8 0 792
80 8 1 790
80 8 2 767
80 9 0 796
80 9 1 750
80 9 2 821
100 0 0 1068
100 0 1 1260
100 0 2 1237
100 1 0 1212
100 1 1 1216
100 1 2 1216
100 2 0 1215
100 2 1 1235
100 2 2 1246
100 3 0 1158
100 3 1 1223
100 3 2 1207
100 4 0 1235
100 4 1 1267
100 4 2 1222
100 5 0 1193
100 5 1 1238
100 5 2 1247
100 6 0 1247
100 6 1 1219
100 6 2 1247
100 7 0 1213
100 7 1 1181
100 7 2 1239
100 8 0 1215
100 8 1 1253
100 8 2 1227
100 9 0 1253
100 9 1 1214
100 9 2 1235
60 0 3 443
60 0 4 404
60 0 5 384
60 0 6 453
60 0 7 427
60 0 8 449
60 0 9 452
60 0 10 460
60 1 3 408
60 1 4 436
60 1 5 432
60 1 6 411
60 1 7 443
60 1 8 334
60 1 9 396
60 1 10 444
60 2 3 442
60 2 4 406
60 2 5 433
60 2 6 458
60 2 7 441
60 2 8 438
60 2 9 368
60 2 10 406
60 3 3 436
60 3 4 429
60 3 5 421
60 3 6 452
60 3 7 434
60 3 8 434
60 3 9 451
60 3 10 428
60 4 3 423
60 4 4 464
60 4 5 415
60 4 6 439
60 4 7 428
60 4 8 411
60 4 9 426
60 4 10 341
60 5 3 429
60 5 4 382
60 5 5 408
60 5 6 440
60 5 7 441
60 5 8 346
60 5 9 454
60 5 10 436
60 6 3 435
60 6 4 429
60 6 5 434
60 6 6 456
60 6 7 453
60 6 8 423
60 6 9 444
60 6 10 451
60 7 3 416
60 7 4 456
60 7 5 411
60 7 6 462
60 7 7 440
60 7 8 448
60 7 9 456
60 7 10 424
60 8 3 426
60 8 4 440
60 8 5 394
60 8 6 441
60 8 7 426
60 8 8 431
60 8 9 422
60 8 10 427
60 9 3 442
60 9 4 427
60 9 5 423
60 9 6 458
60 9 7 443
60 9 8 436
60 9 9 432
60 9 10 411
80 0 3 767
80 0 4 783
80 0 5 804
80 0 6 800
80 0 7 742
80 0 8 791
80 0 9 756
80 0 10 801
80 1 3 747
80 1 4 768
80 1 5 807
80 1 6 774
80 1 7 793
80 1 8 802
80 1 9 759
80 1 10 784
80 2 3 800
80 2 4 807
80 2 5 811
80 2 6 788
80 2 7 798
80 2 8 756
80 2 9 790
80 2 10 819
80 3 3 778
80 3 4 781
80 3 5 781
80 3 6 758
80 3 7 750
80 3 8 781
80 3 9 794
80 3 10 717
80 4 3 788
80 4 4 745
80 4 5 772
80 4 6 800
80 4 7 723
80 4 8 806
80 4 9 811
80 4 10 784
80 5 3 777
80 5 4 793
80 5 5 777
80 5 6 790
80 5 7 761
80 5 8 774
80 5 9 805
80 5 10 783
80 6 3 783
80 6 4 785
80 6 5 778
80 6 6 777
80 6 7 811
80 6 8 791
80 6 9 785
80 6 10 781
80 7 3 688
80 7 4 779
80 7 5 749
80 7 6 763
80 7 7 781
80 7 8 772
80 7 9 804
80 7 10 739
80 8 3 796
80 8 4 770
80 8 5 791
80 8 6 802
80 8 7 801
80 8 8 809
80 8 9 787
80 8 10 780
80 9 3 799
80 9 4 789
80 9 5 803
80 9 6 803
80 9 7 794
80 9 8 779
80 9 9 768
80 9 10 803
100 0 3 1184
100 0 4 1161
100 0 5 1218
100 0 6 1187
100 0 7 1194
100 0 8 1224
100 0 9 1256
100 0 10 1215
100 1 3 1263
100 1 4 1257
100 1 5 1243
100 1 6 1246
100 1 7 1242
100 1 8 1225
100 1 9 1228
100 1 10 1222
100 2 3 1190
100 2 4 1267
100 2 5 1260
100 2 6 1237
100 2 7 1259
100 2 8 1150
100 2 9 1233
100 2 10 1186
100 3 3 1237
100 3 4 1105
100 3 5 1233
100 3 6 1213
100 3 7 1227
100 3 8 1233
100 3 9 1242
100 3 10 1082
100 4 3 1167
100 4 4 1249
100 4 5 1245
100 4 6 1199
100 4 7 1166
100 4 8 1181
100 4 9 1194
100 4 10 1239
100 5 3 1223
100 5 4 1235
100 5 5 1249
100 5 6 1232
100 5 7 1229
100 5 8 1257
100 5 9 1179
100 5 10 1244
100 6 3 1222
100 6 4 1241
100 6 5 1214
100 6 6 1274
100 6 7 1260
100 6 8 1256
100 6 9 1246
100 6 10 1248
100 7 3 1229
100 7 4 1227
100 7 5 1250
100 7 6 1235
100 7 7 1255
100 7 8 1255
100 7 9 1214
100 7 10 1215
100 8 3 1229
100 8 4 1227
100 8 5 1252
100 8 6 1229
100 8 7 1252
100 8 8 1155
100 8 9 1265
100 8 10 1079
100 9 3 1249
100 9 4 1215
100 9 5 1248
100 9 6 1257
100 9 7 1200
100 9 8 1240
100 9 9 1222
100 9 10 1241
