60 0 0 454
60 0 1 421
60 0 2 428
60 1 0 431
60 1 1 437
60 1 2 427
60 2 0 437
60 2 1 469
60 2 2 455
60 3 0 384
60 3 1 442
60 3 2 419
60 4 0 402
60 4 1 444
60 4 2 423
60 5 0 438
60 5 1 456
60 5 2 441
60 6 0 439
60 6 1 450
60 6 2 432
60 7 0 450
60 7 1 430
60 7 2 445
60 8 0 465
60 8 1 437
60 8 2 452
60 9 0 459
60 9 1 403
60 9 2 416
80 0 0 772
80 0 1 778
80 0 2 787
80 1 0 799
80 1 1 797
80 1 2 783
80 2 0 736
80 2 1 764
80 2 2 778
80 3 0 790
80 3 1 788
80 3 2 802
80 4 0 778
80 4 1 791
80 4 2 780
80 5 0 788
80 5 1 802
80 5 2 789
80 6 0 815
80 6 1 796
80 6 2 791
80 7 0 773
80 7 1 793
80 7 2 800
80 8 0 805
80 8 1 800
80 8 2 792
80 9 0 786
80 9 1 784
80 9 2 770
100 0 0 1185
100 0 1 1245
100 0 2 1242
100 1 0 1261
100 1 1 1236
100 1 2 1209
100 2 0 1211
100 2 1 1226
100 2 2 1221
100 3 0 1201
100 3 1 1233
100 3 2 1245
100 4 0 1226
100 4 1 1184
100 4 2 1181
100 5 0 1242
100 5 1 1210
100 5 2 1223
100 6 0 1175
100 6 1 1205
100 6 2 1222
100 7 0 1258
100 7 1 1265
100 7 2 1232
100 8 0 1230
100 8 1 1255
100 8 2 1160
100 9 0 1233
100 9 1 1244
100 9 2 1254
60 0 3 433
60 0 4 441
60 0 5 434
60 0 6 430
60 0 7 439
60 0 8 454
60 0 9 439
60 0 10 459
60 1 3 439
60 1 4 415
60 1 5 439
60 1 6 450
60 1 7 446
60 1 8 440
60 1 9 423
60 1 10 428
60 2 3 455
60 2 4 419
60 2 5 460
60 2 6 438
60 2 7 434
60 2 8 450
60 2 9 450
60 2 10 410
60 3 3 426
60 3 4 415
60 3 5 407
60 3 6 411
60 3 7 461
60 3 8 434
60 3 9 425
60 3 10 425
60 4 3 451
60 4 4 412
60 4 5 443
60 4 6 450
60 4 7 454
60 4 8 401
60 4 9 431
60 4 10 420
60 5 3 443
60 5 4 433
60 5 5 462
60 5 6 451
60 5 7 428
60 5 8 440
60 5 9 370
60 5 10 405
60 6 3 426
60 6 4 439
60 6 5 446
60 6 6 442
60 6 7 438
60 6 8 447
60 6 9 452
60 6 10 459
60 7 3 456
60 7 4 457
60 7 5 400
60 7 6 444
60 7 7 415
60 7 8 450
60 7 9 447
60 7 10 449
60 8 3 417
60 8 4 449
60 8 5 441
60 8 6 384
60 8 7 439
60 8 8 461
60 8 9 419
60 8 10 442
60 9 3 378
60 9 4 429
60 9 5 447
60 9 6 444
60 9 7 451
60 9 8 445
60 9 9 438
60 9 10 419
80 0 3 772
80 0 4 811
80 0 5 803
80 0 6 783
80 0 7 781
80 0 8 770
80 0 9 717
80 0 10 793
80 1 3 776
80 1 4 761
80 1 5 812
80 1 6 816
80 1 7 773
80 1 8 788
80 1 9 789
80 1 10 779
80 2 3 770
80 2 4 768
80 2 5 694
80 2 6 779
80 2 7 774
80 2 8 785
80 2 9 791
80 2 10 796
80 3 3 791
80 3 4 767
80 3 5 772
80 3 6 810
80 3 7 793
80 3 8 789
80 3 9 801
80 3 10 777
80 4 3 771
80 4 4 764
80 4 5 782
80 4 6 785
80 4 7 791
80 4 8 787
80 4 9 792
80 4 10 781
80 5 3 792
80 5 4 801
80 5 5 815
80 5 6 792
80 5 7 762
80 5 8 805
80 5 9 789
80 5 10 791
80 6 3 794
80 6 4 794
80 6 5 778
80 6 6 794
80 6 7 777
80 6 8 790
80 6 9 801
80 6 10 780
80 7 3 805
80 7 4 731
80 7 5 778
80 7 6 806
80 7 7 752
80 7 8 790
80 7 9 784
80 7 10 788
80 8 3 809
80 8 4 778
80 8 5 703
80 8 6 772
80 8 7 787
80 8 8 783
80 8 9 806
80 8 10 791
80 9 3 787
80 9 4 800
80 9 5 787
80 9 6 759
80 9 7 789
80 9 8 790
80 9 9 814
80 9 10 793
100 0 3 1238
100 0 4 1241
100 0 5 1203
100 0 6 1165
100 0 7 1190
100 0 8 1229
100 0 9 1265
100 0 10 1244
100 1 3 1182
100 1 4 1246
100 1 5 1225
100 1 6 1242
100 1 7 1234
100 1 8 1263
100 1 9 1224
100 1 10 1202
100 2 3 1202
100 2 4 1199
100 2 5 1241
100 2 6 1194
100 2 7 1212
100 2 8 1245
100 2 9 1261
100 2 10 1206
100 3 3 1240
100 3 4 1148
100 3 5 1225
100 3 6 1231
100 3 7 1163
100 3 8 1257
100 3 9 1231
100 3 10 1239
100 4 3 1219
100 4 4 1199
100 4 5 1250
100 4 6 1266
100 4 7 1243
100 4 8 1236
100 4 9 1216
100 4 10 1221
100 5 3 1277
100 5 4 1254
100 5 5 1239
100 5 6 1256
100 5 7 1211
100 5 8 1160
100 5 9 1237
100 5 10 1236
100 6 3 1248
100 6 4 1209
100 6 5 1272
100 6 6 1234
100 6 7 1212
100 6 8 1180
100 6 9 1226
100 6 10 1243
100 7 3 1199
100 7 4 1160
100 7 5 1233
100 7 6 1244
100 7 7 1232
100 7 8 1260
100 7 9 1211
100 7 10 1235
100 8 3 1273
100 8 4 1272
100 8 5 1271
100 8 6 1218
100 8 7 1237
100 8 8 1226
100 8 9 1253
100 8 10 1236
100 9 3 1231
100 9 4 1238
100 9 5 1164
100 9 6 1213
100 9 7 1212
100 9 8 1237
100 9 9 1250
100 9 10 1203
