60 0 0 435
60 0 1 433
60 0 2 440
60 1 0 451
60 1 1 464
60 1 2 449
60 2 0 414
60 2 1 424
60 2 2 449
60 3 0 415
60 3 1 430
60 3 2 442
60 4 0 417
60 4 1 431
60 4 2 413
60 5 0 446
60 5 1 449
60 5 2 427
60 6 0 445
60 6 1 444
60 6 2 447
60 7 0 460
60 7 1 448
60 7 2 434
60 8 0 379
60 8 1 439
60 8 2 451
60 9 0 419
60 9 1 441
60 9 2 452
80 0 0 790
80 0 1 789
80 0 2 758
80 1 0 788
80 1 1 786
80 1 2 769
80 2 0 796
80 2 1 813
80 2 2 791
80 3 0 724
80 3 1 731
80 3 2 783
80 4 0 786
80 4 1 792
80 4 2 751
80 5 0 730
80 5 1 764
80 5 2 783
80 6 0 775
80 6 1 795
80 6 2 768
80 7 0 796
80 7 1 786
80 7 2 813
80 8 0 777
80 8 1 805
80 8 2 787
80 9 0 775
80 9 1 759
80 9 2 818
100 0 0 1257
100 0 1 1239
100 0 2 1272
100 1 0 1264
100 1 1 1247
100 1 2 1199
100 2 0 1261
100 2 1 1222
100 2 2 1230
100 3 0 1184
100 3 1 1228
100 3 2 1256
100 4 0 1231
100 4 1 1217
100 4 2 1276
100 5 0 1183
100 5 1 1231
100 5 2 1191
100 6 0 1212
100 6 1 1215
100 6 2 1211
100 7 0 1222
100 7 1 1216
100 7 2 1241
100 8 0 1256
100 8 1 1134
100 8 2 1249
100 9 0 1243
100 9 1 1263
100 9 2 1237
60 0 3 384
60 0 4 428
60 0 5 449
60 0 6 379
60 0 7 365
60 0 8 433
60 0 9 444
60 0 10 458
60 1 3 419
60 1 4 427
60 1 5 435
60 1 6 410
60 1 7 442
60 1 8 418
60 1 9 441
60 1 10 467
60 2 3 397
60 2 4 431
60 2 5 449
60 2 6 446
60 2 7 439
60 2 8 444
60 2 9 443
60 2 10 426
60 3 3 423
60 3 4 442
60 3 5 435
60 3 6 430
60 3 7 438
60 3 8 442
60 3 9 452
60 3 10 425
60 4 3 406
60 4 4 430
60 4 5 426
60 4 6 388
60 4 7 450
60 4 8 442
60 4 9 428
60 4 10 447
60 5 3 444
60 5 4 450
60 5 5 466
60 5 6 455
60 5 7 448
60 5 8 452
60 5 9 449
60 5 10 439
60 6 3 432
60 6 4 450
60 6 5 380
60 6 6 426
60 6 7 406
60 6 8 391
60 6 9 424
60 6 10 432
60 7 3 434
60 7 4 447
60 7 5 405
60 7 6 419
60 7 7 473
60 7 8 434
60 7 9 436
60 7 10 450
60 8 3 461
60 8 4 430
60 8 5 430
60 8 6 430
60 8 7 442
60 8 8 415
60 8 9 454
60 8 10 436
60 9 3 464
60 9 4 405
60 9 5 455
60 9 6 446
60 9 7 451
60 9 8 445
60 9 9 405
60 9 10 438
80 0 3 795
80 0 4 791
80 0 5 788
80 0 6 778
80 0 7 791
80 0 8 761
80 0 9 752
80 0 10 751
80 1 3 768
80 1 4 810
80 1 5 792
80 1 6 787
80 1 7 783
80 1 8 723
80 1 9 804
80 1 10 800
80 2 3 802
80 2 4 811
80 2 5 765
80 2 6 814
80 2 7 784
80 2 8 790
80 2 9 777
80 2 10 759
80 3 3 825
80 3 4 808
80 3 5 759
80 3 6 780
80 3 7 758
80 3 8 806
80 3 9 803
80 3 10 798
80 4 3 802
80 4 4 802
80 4 5 779
80 4 6 795
80 4 7 761
80 4 8 718
80 4 9 715
80 4 10 809
80 5 3 783
80 5 4 792
80 5 5 773
80 5 6 800
80 5 7 777
80 5 8 801
80 5 9 786
80 5 10 786
80 6 3 781
80 6 4 645
80 6 5 792
80 6 6 757
80 6 7 797
80 6 8 689
80 6 9 753
80 6 10 765
80 7 3 783
80 7 4 771
80 7 5 711
80 7 6 779
80 7 7 759
80 7 8 719
80 7 9 746
80 7 10 784
80 8 3 810
80 8 4 802
80 8 5 769
80 8 6 785
80 8 7 794
80 8 8 739
80 8 9 801
80 8 10 789
80 9 3 773
80 9 4 786
80 9 5 794
80 9 6 786
80 9 7 751
80 9 8 715
80 9 9 737
80 9 10 733
100 0 3 1254
100 0 4 1232
100 0 5 1253
100 0 6 1257
100 0 7 1249
100 0 8 1240
100 0 9 1226
100 0 10 1217
100 1 3 1226
100 1 4 1168
100 1 5 1290
100 1 6 1231
100 1 7 1181
100 1 8 1251
100 1 9 1158
100 1 10 1249
100 2 3 1222
100 2 4 1270
100 2 5 1203
100 2 6 1222
100 2 7 1236
100 2 8 1205
100 2 9 1210
100 2 10 1233
100 3 3 1239
100 3 4 1144
100 3 5 1222
100 3 6 1241
100 3 7 1190
100 3 8 1237
100 3 9 1242
100 3 10 1235
100 4 3 1218
100 4 4 1229
100 4 5 1244
100 4 6 1227
100 4 7 1201
100 4 8 1207
100 4 9 1234
100 4 10 1246
100 5 3 1222
100 5 4 1217
100 5 5 1161
100 5 6 1222
100 5 7 1204
100 5 8 1215
100 5 9 1185
100 5 10 1212
100 6 3 1274
100 6 4 1243
100 6 5 1221
100 6 6 1219
100 6 7 1237
100 6 8 1256
100 6 9 1222
100 6 10 1266
100 7 3 1254
100 7 4 1238
100 7 5 1235
100 7 6 1218
100 7 7 1239
100 7 8 1247
100 7 9 1270
100 7 10 1241
100 8 3 1180
100 8 4 1215
100 8 5 1221
100 8 6 1197
100 8 7 1219
100 8 8 1168
100 8 9 1249
100 8 10 1229
100 9 3 1219
100 9 4 1224
100 9 5 1221
100 9 6 1218
100 9 7 1117
100 9 8 1205
100 9 9 1218
100 9 10 1217
