60 0 0 311
60 0 1 430
60 0 2 441
60 1 0 428
60 1 1 407
60 1 2 447
60 2 0 437
60 2 1 441
60 2 2 440
60 3 0 437
60 3 1 345
60 3 2 445
60 4 0 418
60 4 1 416
60 4 2 439
60 5 0 438
60 5 1 462
60 5 2 405
60 6 0 442
60 6 1 428
60 6 2 451
60 7 0 427
60 7 1 453
60 7 2 421
60 8 0 461
60 8 1 436
60 8 2 378
60 9 0 449
60 9 1 445
60 9 2 434
80 0 0 813
80 0 1 818
80 0 2 763
80 1 0 793
80 1 1 791
80 1 2 788
80 2 0 756
80 2 1 807
80 2 2 757
80 3 0 782
80 3 1 798
80 3 2 753
80 4 0 781
80 4 1 764
80 4 2 785
80 5 0 792
80 5 1 819
80 5 2 803
80 6 0 776
80 6 1 752
80 6 2 795
80 7 0 803
80 7 1 776
80 7 2 784
80 8 0 726
80 8 1 780
80 8 2 727
80 9 0 685
80 9 1 814
80 9 2 757
100 0 0 1244
100 0 1 1232
100 0 2 1268
100 1 0 1222
100 1 1 1253
100 1 2 1257
100 2 0 1254
100 2 1 1243
100 2 2 1269
100 3 0 1254
100 3 1 1241
100 3 2 1159
100 4 0 1221
100 4 1 1197
100 4 2 1238
100 5 0 1190
100 5 1 1244
100 5 2 1217
100 6 0 1237
100 6 1 1214
100 6 2 1258
100 7 0 1225
100 7 1 1239
100 7 2 1244
100 8 0 1184
100 8 1 1282
100 8 2 1156
100 9 0 1245
100 9 1 1216
100 9 2 1245
60 0 3 442
60 0 4 412
60 0 5 413
60 0 6 441
60 0 7 430
60 0 8 362
60 0 9 404
60 0 10 435
60 1 3 439
60 1 4 454
60 1 5 427
60 1 6 443
60 1 7 439
60 1 8 420
60 1 9 451
60 1 10 425
60 2 3 446
60 2 4 416
60 2 5 439
60 2 6 366
60 2 7 442
60 2 8 442
60 2 9 441
60 2 10 445
60 3 3 438
60 3 4 442
60 3 5 422
60 3 6 415
60 3 7 423
60 3 8 444
60 3 9 467
60 3 10 455
60 4 3 427
60 4 4 445
60 4 5 448
60 4 6 466
60 4 7 440
60 4 8 388
60 4 9 472
60 4 10 430
60 5 3 372
60 5 4 417
60 5 5 444
60 5 6 424
60 5 7 440
60 5 8 438
60 5 9 420
60 5 10 420
60 6 3 461
60 6 4 398
60 6 5 421
60 6 6 427
60 6 7 432
60 6 8 451
60 6 9 433
60 6 10 448
60 7 3 459
60 7 4 393
60 7 5 440
60 7 6 435
60 7 7 478
60 7 8 399
60 7 9 440
60 7 10 364
60 8 3 446
60 8 4 433
60 8 5 457
60 8 6 441
60 8 7 437
60 8 8 439
60 8 9 439
60 8 10 422
60 9 3 433
60 9 4 458
60 9 5 444
60 9 6 433
60 9 7 447
60 9 8 461
60 9 9 438
60 9 10 419
80 0 3 784
80 0 4 756
80 0 5 779
80 0 6 760
80 0 7 778
80 0 8 772
80 0 9 785
80 0 10 787
80 1 3 778
80 1 4 806
80 1 5 754
80 1 6 777
80 1 7 785
80 1 8 798
80 1 9 705
80 1 10 803
80 2 3 621
80 2 4 813
80 2 5 757
80 2 6 778
80 2 7 797
80 2 8 804
80 2 9 755
80 2 10 775
80 3 3 812
80 3 4 801
80 3 5 705
80 3 6 781
80 3 7 717
80 3 8 768
80 3 9 777
80 3 10 770
80 4 3 798
80 4 4 774
80 4 5 792
80 4 6 775
80 4 7 783
80 4 8 813
80 4 9 806
80 4 10 784
80 5 3 791
80 5 4 769
80 5 5 758
80 5 6 768
80 5 7 799
80 5 8 812
80 5 9 766
80 5 10 782
80 6 3 787
80 6 4 821
80 6 5 788
80 6 6 785
80 6 7 805
80 6 8 789
80 6 9 752
80 6 10 824
80 7 3 809
80 7 4 798
80 7 5 732
80 7 6 785
80 7 7 803
80 7 8 780
80 7 9 796
80 7 10 794
80 8 3 797
80 8 4 783
80 8 5 768
80 8 6 777
80 8 7 807
80 8 8 794
80 8 9 821
80 8 10 766
80 9 3 778
80 9 4 801
80 9 5 783
80 9 6 747
80 9 7 751
80 9 8 808
80 9 9 761
80 9 10 768
100 0 3 1247
100 0 4 1226
100 0 5 1264
100 0 6 1107
100 0 7 1233
100 0 8 1223
100 0 9 1160
100 0 10 1224
100 1 3 1255
100 1 4 1152
100 1 5 1242
100 1 6 1256
100 1 7 1256
100 1 8 1264
100 1 9 1229
100 1 10 1217
100 2 3 1253
100 2 4 1198
100 2 5 1200
100 2 6 1246
100 2 7 1247
100 2 8 1208
100 2 9 1209
100 2 10 1195
100 3 3 1232
100 3 4 1208
100 3 5 1226
100 3 6 1224
100 3 7 1231
100 3 8 1252
100 3 9 1214
100 3 10 1243
100 4 3 1224
100 4 4 1174
100 4 5 1204
100 4 6 1216
100 4 7 1215
100 4 8 1212
100 4 9 1235
100 4 10 1230
100 5 3 1215
100 5 4 1228
100 5 5 1233
100 5 6 1255
100 5 7 1246
100 5 8 1242
100 5 9 1248
100 5 10 1256
100 6 3 1248
100 6 4 1227
100 6 5 1257
100 6 6 1222
100 6 7 1228
100 6 8 1245
100 6 9 1167
100 6 10 1244
100 7 3 1226
100 7 4 1096
100 7 5 1228
100 7 6 1228
100 7 7 1253
100 7 8 1235
100 7 9 1248
100 7 10 1233
100 8 3 1201
100 8 4 1244
100 8 5 1243
100 8 6 1225
100 8 7 1146
100 8 8 1187
100 8 9 1221
100 8 10 1209
100 9 3 1253
100 9 4 1267
100 9 5 1235
100 9 6 1231
100 9 7 1248
100 9 8 1128
100 9 9 1196
100 9 10 1255
