60 0 0 435
60 0 1 358
60 0 2 433
60 1 0 418
60 1 1 444
60 1 2 429
60 2 0 448
60 2 1 432
60 2 2 437
60 3 0 450
60 3 1 426
60 3 2 394
60 4 0 444
60 4 1 432
60 4 2 332
60 5 0 436
60 5 1 454
60 5 2 421
60 6 0 459
60 6 1 394
60 6 2 448
60 7 0 447
60 7 1 416
60 7 2 453
60 8 0 396
60 8 1 420
60 8 2 428
60 9 0 443
60 9 1 451
60 9 2 447
80 0 0 768
80 0 1 770
80 0 2 773
80 1 0 793
80 1 1 692
80 1 2 750
80 2 0 789
80 2 1 734
80 2 2 792
80 3 0 808
80 3 1 751
80 3 2 750
80 4 0 786
80 4 1 664
80 4 2 783
80 5 0 783
80 5 1 776
80 5 2 731
80 6 0 785
80 6 1 783
80 6 2 643
80 7 0 742
80 7 1 779
80 7 2 746
80 8 0 744
80 8 1 784
80 8 2 737
80 9 0 716
80 9 1 804
80 9 2 794
100 0 0 1231
100 0 1 1220
100 0 2 1159
100 1 0 1235
100 1 1 1227
100 1 2 1185
100 2 0 1255
100 2 1 1174
100 2 2 1232
100 3 0 1118
100 3 1 1172
100 3 2 1093
100 4 0 1212
100 4 1 1133
100 4 2 1214
100 5 0 1249
100 5 1 1241
100 5 2 1249
100 6 0 1243
100 6 1 1247
100 6 2 1230
100 7 0 1265
100 7 1 1243
100 7 2 1233
100 8 0 1250
100 8 1 1068
100 8 2 1254
100 9 0 1177
100 9 1 1179
100 9 2 1232
60 0 3 450
60 0 4 403
60 0 5 413
60 0 6 414
60 0 7 399
60 0 8 437
60 0 9 430
60 0 10 420
60 1 3 456
60 1 4 452
60 1 5 419
60 1 6 385
60 1 7 448
60 1 8 440
60 1 9 440
60 1 10 438
60 2 3 400
60 2 4 398
60 2 5 424
60 2 6 401
60 2 7 422
60 2 8 444
60 2 9 441
60 2 10 391
60 3 3 447
60 3 4 452
60 3 5 415
60 3 6 445
60 3 7 425
60 3 8 434
60 3 9 438
60 3 10 429
60 4 3 441
60 4 4 435
60 4 5 417
60 4 6 429
60 4 7 441
60 4 8 432
60 4 9 415
60 4 10 449
60 5 3 435
60 5 4 434
60 5 5 436
60 5 6 435
60 5 7 448
60 5 8 367
60 5 9 411
60 5 10 417
60 6 3 429
60 6 4 405
60 6 5 435
60 6 6 458
60 6 7 408
60 6 8 451
60 6 9 437
60 6 10 426
60 7 3 443
60 7 4 428
60 7 5 392
60 7 6 415
60 7 7 428
60 7 8 439
60 7 9 426
60 7 10 406
60 8 3 440
60 8 4 397
60 8 5 438
60 8 6 450
60 8 7 443
60 8 8 438
60 8 9 448
60 8 10 445
60 9 3 443
60 9 4 440
60 9 5 437
60 9 6 429
60 9 7 439
60 9 8 377
60 9 9 393
60 9 10 444
80 0 3 796
80 0 4 796
80 0 5 785
80 0 6 784
80 0 7 764
80 0 8 807
80 0 9 792
80 0 10 798
80 1 3 769
80 1 4 750
80 1 5 772
80 1 6 786
80 1 7 801
80 1 8 767
80 1 9 813
80 1 10 790
80 2 3 781
80 2 4 674
80 2 5 732
80 2 6 768
80 2 7 678
80 2 8 787
80 2 9 731
80 2 10 765
80 3 3 749
80 3 4 762
80 3 5 770
80 3 6 790
80 3 7 776
80 3 8 776
80 3 9 774
80 3 10 757
80 4 3 773
80 4 4 778
80 4 5 796
80 4 6 805
80 4 7 795
80 4 8 817
80 4 9 762
80 4 10 777
80 5 3 769
80 5 4 752
80 5 5 778
80 5 6 798
80 5 7 759
80 5 8 782
80 5 9 747
80 5 10 768
80 6 3 777
80 6 4 768
80 6 5 792
80 6 6 739
80 6 7 750
80 6 8 782
80 6 9 786
80 6 10 733
80 7 3 702
80 7 4 780
80 7 5 768
80 7 6 809
80 7 7 798
80 7 8 780
80 7 9 808
80 7 10 809
80 8 3 792
80 8 4 765
80 8 5 764
80 8 6 797
80 8 7 728
80 8 8 783
80 8 9 781
80 8 10 789
80 9 3 771
80 9 4 765
80 9 5 779
80 9 6 798
80 9 7 770
80 9 8 798
80 9 9 820
80 9 10 728
100 0 3 1272
100 0 4 1227
100 0 5 1237
100 0 6 1226
100 0 7 1251
100 0 8 1240
100 0 9 1201
100 0 10 1274
100 1 3 1217
100 1 4 1241
100 1 5 1228
100 1 6 1184
100 1 7 1264
100 1 8 1239
100 1 9 1185
100 1 10 1212
100 2 3 1210
100 2 4 1232
100 2 5 1251
100 2 6 1220
100 2 7 1209
100 2 8 1243
100 2 9 1225
100 2 10 1218
100 3 3 1222
100 3 4 1243
100 3 5 1212
100 3 6 1200
100 3 7 1229
100 3 8 1089
100 3 9 1246
100 3 10 1161
100 4 3 1190
100 4 4 1196
100 4 5 1094
100 4 6 1248
100 4 7 1252
100 4 8 1203
100 4 9 1198
100 4 10 1228
100 5 3 1243
100 5 4 1231
100 5 5 1229
100 5 6 1232
100 5 7 1246
100 5 8 1173
100 5 9 1248
100 5 10 1239
100 6 3 1171
100 6 4 1199
100 6 5 1253
100 6 6 1271
100 6 7 1200
100 6 8 1232
100 6 9 1247
100 6 10 1162
100 7 3 1114
100 7 4 1233
100 7 5 1251
100 7 6 1257
100 7 7 1046
100 7 8 1256
100 7 9 1242
100 7 10 1215
100 8 3 1201
100 8 4 1238
100 8 5 1188
100 8 6 1227
100 8 7 1151
100 8 8 1253
100 8 9 1228
100 8 10 1123
100 9 3 1220
100 9 4 1228
100 9 5 1237
100 9 6 1088
100 9 7 1226
100 9 8 1268
100 9 9 1183
100 9 10 1234
