60 0 0 432
60 0 1 457
60 0 2 443
60 1 0 455
60 1 1 439
60 1 2 433
60 2 0 382
60 2 1 411
60 2 2 448
60 3 0 429
60 3 1 436
60 3 2 428
60 4 0 447
60 4 1 405
60 4 2 428
60 5 0 444
60 5 1 451
60 5 2 425
60 6 0 438
60 6 1 405
60 6 2 423
60 7 0 336
60 7 1 441
60 7 2 451
60 8 0 441
60 8 1 427
60 8 2 432
60 9 0 453
60 9 1 402
60 9 2 456
80 0 0 802
80 0 1 790
80 0 2 790
80 1 0 802
80 1 1 803
80 1 2 769
80 2 0 792
80 2 1 779
80 2 2 813
80 3 0 750
80 3 1 808
80 3 2 764
80 4 0 794
80 4 1 770
80 4 2 718
80 5 0 773
80 5 1 781
80 5 2 770
80 6 0 782
80 6 1 680
80 6 2 750
80 7 0 768
80 7 1 725
80 7 2 747
80 8 0 789
80 8 1 810
80 8 2 814
80 9 0 778
80 9 1 773
80 9 2 788
100 0 0 1232
100 0 1 1260
100 0 2 1212
100 1 0 1212
100 1 1 1212
100 1 2 1195
100 2 0 1235
100 2 1 1222
100 2 2 1240
100 3 0 1251
100 3 1 1206
100 3 2 1248
100 4 0 1235
100 4 1 1227
100 4 2 1211
100 5 0 1201
100 5 1 1209
100 5 2 1254
100 6 0 1226
100 6 1 1217
100 6 2 1197
100 7 0 1204
100 7 1 1223
100 7 2 1235
100 8 0 1206
100 8 1 1251
100 8 2 1173
100 9 0 1017
100 9 1 1221
100 9 2 1254
60 0 3 411
60 0 4 431
60 0 5 436
60 0 6 399
60 0 7 444
60 0 8 414
60 0 9 423
60 0 10 431
60 1 3 440
60 1 4 437
60 1 5 440
60 1 6 399
60 1 7 414
60 1 8 413
60 1 9 432
60 1 10 454
60 2 3 381
60 2 4 451
60 2 5 452
60 2 6 435
60 2 7 425
60 2 8 445
60 2 9 413
60 2 10 438
60 3 3 434
60 3 4 451
60 3 5 448
60 3 6 444
60 3 7 459
60 3 8 413
60 3 9 368
60 3 10 459
60 4 3 442
60 4 4 434
60 4 5 379
60 4 6 466
60 4 7 440
60 4 8 414
60 4 9 413
60 4 10 443
60 5 3 457
60 5 4 439
60 5 5 421
60 5 6 425
60 5 7 439
60 5 8 452
60 5 9 428
60 5 10 444
60 6 3 461
60 6 4 459
60 6 5 444
60 6 6 434
60 6 7 448
60 6 8 408
60 6 9 437
60 6 10 403
60 7 3 434
60 7 4 427
60 7 5 434
60 7 6 449
60 7 7 465
60 7 8 450
60 7 9 440
60 7 10 436
60 8 3 430
60 8 4 419
60 8 5 421
60 8 6 447
60 8 7 467
60 8 8 423
60 8 9 439
60 8 10 460
60 9 3 441
60 9 4 440
60 9 5 459
60 9 6 436
60 9 7 459
60 9 8 455
60 9 9 435
60 9 10 456
80 0 3 798
80 0 4 805
80 0 5 749
80 0 6 741
80 0 7 793
80 0 8 735
80 0 9 740
80 0 10 733
80 1 3 769
80 1 4 718
80 1 5 732
80 1 6 746
80 1 7 806
80 1 8 794
80 1 9 802
80 1 10 759
80 2 3 733
80 2 4 792
80 2 5 789
80 2 6 782
80 2 7 791
80 2 8 808
80 2 9 785
80 2 10 790
80 3 3 798
80 3 4 743
80 3 5 796
80 3 6 785
80 3 7 770
80 3 8 804
80 3 9 777
80 3 10 780
80 4 3 808
80 4 4 823
80 4 5 791
80 4 6 787
80 4 7 759
80 4 8 786
80 4 9 755
80 4 10 743
80 5 3 809
80 5 4 775
80 5 5 776
80 5 6 779
80 5 7 788
80 5 8 781
80 5 9 802
80 5 10 775
80 6 3 739
80 6 4 789
80 6 5 793
80 6 6 805
80 6 7 824
80 6 8 759
80 6 9 801
80 6 10 739
80 7 3 772
80 7 4 800
80 7 5 817
80 7 6 802
80 7 7 764
80 7 8 787
80 7 9 803
80 7 10 793
80 8 3 803
80 8 4 788
80 8 5 777
80 8 6 784
80 8 7 800
80 8 8 768
80 8 9 790
80 8 10 767
80 9 3 792
80 9 4 792
80 9 5 766
80 9 6 775
80 9 7 794
80 9 8 793
80 9 9 795
80 9 10 827
100 0 3 1218
100 0 4 1239
100 0 5 1267
100 0 6 1234
100 0 7 1252
100 0 8 1224
100 0 9 1195
100 0 10 1215
100 1 3 1242
100 1 4 1223
100 1 5 1261
100 1 6 1206
100 1 7 1244
100 1 8 1232
100 1 9 1132
100 1 10 1171
100 2 3 1239
100 2 4 1217
100 2 5 1133
100 2 6 1197
100 2 7 1215
100 2 8 1238
100 2 9 1275
100 2 10 1246
100 3 3 1285
100 3 4 1218
100 3 5 1209
100 3 6 1216
100 3 7 1195
100 3 8 1206
100 3 9 1221
100 3 10 1223
100 4 3 1230
100 4 4 1223
100 4 5 1270
100 4 6 1214
100 4 7 1212
100 4 8 1240
100 4 9 1250
100 4 10 1275
100 5 3 1225
100 5 4 1236
100 5 5 1235
100 5 6 1286
100 5 7 1264
100 5 8 1248
100 5 9 1216
100 5 10 1240
100 6 3 1244
100 6 4 1281
100 6 5 1230
100 6 6 1223
100 6 7 1099
100 6 8 1248
100 6 9 1164
100 6 10 1254
100 7 3 1218
100 7 4 1268
100 7 5 1227
100 7 6 1241
100 7 7 1224
100 7 8 1220
100 7 9 1191
100 7 10 1259
100 8 3 1223
100 8 4 1238
100 8 5 1213
100 8 6 1237
100 8 7 1266
100 8 8 1209
100 8 9 1271
100 8 10 1218
100 9 3 1237
100 9 4 1216
100 9 5 1263
100 9 6 1231
100 9 7 1182
100 9 8 1244
100 9 9 1042
100 9 10 1184
