60 0 0 453
60 0 1 420
60 0 2 424
60 1 0 432
60 1 1 430
60 1 2 424
60 2 0 444
60 2 1 432
60 2 2 413
60 3 0 421
60 3 1 387
60 3 2 418
60 4 0 449
60 4 1 421
60 4 2 437
60 5 0 432
60 5 1 426
60 5 2 442
60 6 0 446
60 6 1 416
60 6 2 400
60 7 0 421
60 7 1 415
60 7 2 401
60 8 0 446
60 8 1 433
60 8 2 421
60 9 0 445
60 9 1 451
60 9 2 436
80 0 0 754
80 0 1 775
80 0 2 786
80 1 0 721
80 1 1 804
80 1 2 785
80 2 0 762
80 2 1 801
80 2 2 788
80 3 0 789
80 3 1 786
80 3 2 716
80 4 0 777
80 4 1 683
80 4 2 816
80 5 0 802
80 5 1 794
80 5 2 778
80 6 0 790
80 6 1 803
80 6 2 771
80 7 0 800
80 7 1 779
80 7 2 769
80 8 0 788
80 8 1 787
80 8 2 753
80 9 0 801
80 9 1 741
80 9 2 731
100 0 0 1252
100 0 1 1263
100 0 2 1214
100 1 0 1218
100 1 1 1234
100 1 2 1243
100 2 0 1238
100 2 1 1220
100 2 2 1239
100 3 0 1172
100 3 1 1248
100 3 2 1263
100 4 0 1229
100 4 1 1205
100 4 2 1227
100 5 0 1253
100 5 1 1243
100 5 2 1244
100 6 0 1138
100 6 1 1210
100 6 2 1127
100 7 0 1257
100 7 1 1238
100 7 2 1208
100 8 0 1231
100 8 1 1141
100 8 2 1245
100 9 0 1255
100 9 1 1242
100 9 2 1270
60 0 3 452
60 0 4 442
60 0 5 429
60 0 6 423
60 0 7 444
60 0 8 435
60 0 9 432
60 0 10 462
60 1 3 445
60 1 4 451
60 1 5 443
60 1 6 426
60 1 7 456
60 1 8 449
60 1 9 455
60 1 10 408
60 2 3 405
60 2 4 437
60 2 5 427
60 2 6 422
60 2 7 458
60 2 8 442
60 2 9 444
60 2 10 427
60 3 3 442
60 3 4 447
60 3 5 443
60 3 6 445
60 3 7 414
60 3 8 431
60 3 9 400
60 3 10 423
60 4 3 434
60 4 4 411
60 4 5 451
60 4 6 397
60 4 7 432
60 4 8 437
60 4 9 410
60 4 10 446
60 5 3 459
60 5 4 460
60 5 5 451
60 5 6 436
60 5 7 451
60 5 8 405
60 5 9 414
60 5 10 426
60 6 3 402
60 6 4 461
60 6 5 420
60 6 6 441
60 6 7 460
60 6 8 426
60 6 9 413
60 6 10 440
60 7 3 452
60 7 4 449
60 7 5 422
60 7 6 334
60 7 7 457
60 7 8 433
60 7 9 441
60 7 10 431
60 8 3 447
60 8 4 412
60 8 5 455
60 8 6 433
60 8 7 463
60 8 8 441
60 8 9 448
60 8 10 439
60 9 3 416
60 9 4 432
60 9 5 455
60 9 6 443
60 9 7 441
60 9 8 468
60 9 9 436
60 9 10 445
80 0 3 792
80 0 4 750
80 0 5 783
80 0 6 767
80 0 7 757
80 0 8 778
80 0 9 803
80 0 10 763
80 1 3 793
80 1 4 811
80 1 5 779
80 1 6 780
80 1 7 759
80 1 8 784
80 1 9 793
80 1 10 785
80 2 3 792
80 2 4 809
80 2 5 823
80 2 6 796
80 2 7 814
80 2 8 790
80 2 9 795
80 2 10 767
80 3 3 775
80 3 4 787
80 3 5 804
80 3 6 801
80 3 7 782
80 3 8 699
80 3 9 754
80 3 10 787
80 4 3 761
80 4 4 788
80 4 5 783
80 4 6 803
80 4 7 775
80 4 8 635
80 4 9 786
80 4 10 792
80 5 3 785
80 5 4 730
80 5 5 802
80 5 6 768
80 5 7 751
80 5 8 785
80 5 9 719
80 5 10 767
80 6 3 799
80 6 4 796
80 6 5 786
80 6 6 774
80 6 7 777
80 6 8 780
80 6 9 776
80 6 10 741
80 7 3 672
80 7 4 777
80 7 5 753
80 7 6 671
80 7 7 791
80 7 8 788
80 7 9 769
80 7 10 780
80 8 3 780
80 8 4 711
80 8 5 781
80 8 6 788
80 8 7 813
80 8 8 773
80 8 9 720
80 8 10 793
80 9 3 766
80 9 4 784
80 9 5 781
80 9 6 773
80 9 7 790
80 9 8 786
80 9 9 801
80 9 10 786
100 0 3 1194
100 0 4 1193
100 0 5 1216
100 0 6 1070
100 0 7 1237
100 0 8 1232
100 0 9 1220
100 0 10 1242
100 1 3 1228
100 1 4 1203
100 1 5 1215
100 1 6 1234
100 1 7 1260
100 1 8 1251
100 1 9 1222
100 1 10 1205
100 2 3 1160
100 2 4 1240
100 2 5 1215
100 2 6 1218
100 2 7 1197
100 2 8 1227
100 2 9 1211
100 2 10 1087
100 3 3 1237
100 3 4 1235
100 3 5 1221
100 3 6 1220
100 3 7 1231
100 3 8 1214
100 3 9 1205
100 3 10 1249
100 4 3 1262
100 4 4 1228
100 4 5 1262
100 4 6 1212
100 4 7 1219
100 4 8 1219
100 4 9 1187
100 4 10 1242
100 5 3 1216
100 5 4 1259
100 5 5 1217
100 5 6 1140
100 5 7 1261
100 5 8 1258
100 5 9 1226
100 5 10 1216
100 6 3 1210
100 6 4 1187
100 6 5 1222
100 6 6 1266
100 6 7 1179
100 6 8 1207
100 6 9 1229
100 6 10 1218
100 7 3 1142
100 7 4 1268
100 7 5 1264
100 7 6 1254
100 7 7 1168
100 7 8 1210
100 7 9 1263
100 7 10 1247
100 8 3 1156
100 8 4 1202
100 8 5 1225
100 8 6 1212
100 8 7 1223
100 8 8 1211
100 8 9 1206
100 8 10 1230
100 9 3 1226
100 9 4 1246
100 9 5 1224
100 9 6 1228
100 9 7 1201
100 9 8 1257
100 9 9 1217
100 9 10 1232
