60 0 0 31
60 0 1 0
60 0 2 29
60 0 3 29
60 0 4 206
60 0 5 206
60 0 6 206
60 0 7 206
60 0 8 31
60 0 9 206
60 1 0 0
60 1 1 32
60 1 2 32
60 1 3 417
60 1 4 417
60 1 5 417
60 1 6 417
60 1 7 27
60 1 8 417
60 1 9 83
60 2 0 0
60 2 1 0
60 2 2 0
60 2 3 0
60 2 4 0
60 2 5 0
60 2 6 0
60 2 7 0
60 2 8 0
60 2 9 0
60 3 0 0
60 3 1 81
60 3 2 163
60 3 3 163
60 3 4 55
60 3 5 83
60 3 6 55
60 3 7 26
60 3 8 163
60 3 9 0
60 4 0 0
60 4 1 0
60 4 2 0
60 4 3 0
60 4 4 0
60 4 5 0
60 4 6 0
60 4 7 0
60 4 8 0
60 4 9 0
60 5 0 413
60 5 1 413
60 5 2 413
60 5 3 29
60 5 4 199
60 5 5 28
60 5 6 313
60 5 7 28
60 5 8 0
60 5 9 29
60 6 0 399
60 6 1 399
60 6 2 399
60 6 3 399
60 6 4 399
60 6 5 399
60 6 6 399
60 6 7 399
60 6 8 399
60 6 9 399
60 7 0 0
60 7 1 0
60 7 2 0
60 7 3 0
60 7 4 0
60 7 5 0
60 7 6 0
60 7 7 0
60 7 8 0
60 7 9 0
60 8 0 24
60 8 1 35
60 8 2 0
60 8 3 35
60 8 4 0
60 8 5 0
60 8 6 24
60 8 7 0
60 8 8 24
60 8 9 24
60 9 0 0
60 9 1 210
60 9 2 0
60 9 3 0
60 9 4 25
60 9 5 210
60 9 6 210
60 9 7 210
60 9 8 25
60 9 9 210
80 0 0 759
80 0 1 759
80 0 2 759
80 0 3 759
80 0 4 759
80 0 5 759
80 0 6 759
80 0 7 759
80 0 8 759
80 0 9 759
80 1 0 71
80 1 1 71
80 1 2 0
80 1 3 71
80 1 4 0
80 1 5 0
80 1 6 0
80 1 7 71
80 1 8 71
80 1 9 0
80 2 0 44
80 2 1 45
80 2 2 583
80 2 3 45
80 2 4 0
80 2 5 45
80 2 6 392
80 2 7 44
80 2 8 45
80 2 9 392
80 3 0 0
80 3 1 776
80 3 2 0
80 3 3 0
80 3 4 0
80 3 5 137
80 3 6 137
80 3 7 0
80 3 8 137
80 3 9 137
80 4 0 80
80 4 1 44
80 4 2 0
80 4 3 44
80 4 4 153
80 4 5 45
80 4 6 79
80 4 7 153
80 4 8 80
80 4 9 0
80 5 0 0
80 5 1 0
80 5 2 0
80 5 3 355
80 5 4 799
80 5 5 0
80 5 6 355
80 5 7 799
80 5 8 0
80 5 9 0
80 6 0 0
80 6 1 0
80 6 2 754
80 6 3 754
80 6 4 0
80 6 5 754
80 6 6 754
80 6 7 0
80 6 8 0
80 6 9 754
80 7 0 0
80 7 1 37
80 7 2 141
80 7 3 0
80 7 4 37
80 7 5 159
80 7 6 0
80 7 7 0
80 7 8 78
80 7 9 37
80 8 0 0
80 8 1 0
80 8 2 0
80 8 3 0
80 8 4 0
80 8 5 0
80 8 6 0
80 8 7 0
80 8 8 0
80 8 9 0
80 9 0 176
80 9 1 670
80 9 2 342
80 9 3 176
80 9 4 0
80 9 5 670
80 9 6 342
80 9 7 342
80 9 8 176
80 9 9 342
100 0 0 453
100 0 1 0
100 0 2 0
100 0 3 453
100 0 4 453
100 0 5 453
100 0 6 453
100 0 7 453
100 0 8 43
100 0 9 43
100 1 0 0
100 1 1 1246
100 1 2 52
100 1 3 133
100 1 4 52
100 1 5 133
100 1 6 52
100 1 7 52
100 1 8 133
100 1 9 0
100 2 0 0
100 2 1 0
100 2 2 0
100 2 3 0
100 2 4 0
100 2 5 0
100 2 6 0
100 2 7 0
100 2 8 0
100 2 9 0
100 3 0 543
100 3 1 543
100 3 2 543
100 3 3 0
100 3 4 543
100 3 5 543
100 3 6 0
100 3 7 543
100 3 8 0
100 3 9 543
100 4 0 0
100 4 1 45
100 4 2 0
100 4 3 45
100 4 4 45
100 4 5 48
100 4 6 0
100 4 7 0
100 4 8 0
100 4 9 48
100 5 0 719
100 5 1 56
100 5 2 719
100 5 3 719
100 5 4 56
100 5 5 52
100 5 6 56
100 5 7 52
100 5 8 719
100 5 9 0
100 6 0 1189
100 6 1 1189
100 6 2 1189
100 6 3 1189
100 6 4 1189
100 6 5 1189
100 6 6 1189
100 6 7 1189
100 6 8 1189
100 6 9 1189
100 7 0 229
100 7 1 229
100 7 2 0
100 7 3 184
100 7 4 0
100 7 5 184
100 7 6 184
100 7 7 0
100 7 8 184
100 7 9 0
100 8 0 472
100 8 1 472
100 8 2 0
100 8 3 472
100 8 4 0
100 8 5 472
100 8 6 0
100 8 7 472
100 8 8 0
100 8 9 0
100 9 0 100
100 9 1 0
100 9 2 58
100 9 3 0
100 9 4 139
100 9 5 0
100 9 6 139
100 9 7 0
100 9 8 0
100 9 9 97
