60 0 0 31
60 0 1 311
60 0 2 374
60 0 3 210
60 0 4 295
60 0 5 191
60 0 6 317
60 0 7 391
60 0 8 67
60 0 9 340
60 1 0 338
60 1 1 59
60 1 2 209
60 1 3 128
60 1 4 422
60 1 5 322
60 1 6 322
60 1 7 82
60 1 8 370
60 1 9 211
60 2 0 0
60 2 1 396
60 2 2 371
60 2 3 383
60 2 4 426
60 2 5 118
60 2 6 371
60 2 7 88
60 2 8 340
60 2 9 324
60 3 0 357
60 3 1 440
60 3 2 138
60 3 3 335
60 3 4 386
60 3 5 294
60 3 6 55
60 3 7 335
60 3 8 354
60 3 9 357
60 4 0 393
60 4 1 365
60 4 2 436
60 4 3 114
60 4 4 381
60 4 5 88
60 4 6 302
60 4 7 302
60 4 8 399
60 4 9 365
60 5 0 89
60 5 1 163
60 5 2 183
60 5 3 183
60 5 4 442
60 5 5 126
60 5 6 163
60 5 7 126
60 5 8 184
60 5 9 135
60 6 0 220
60 6 1 62
60 6 2 240
60 6 3 62
60 6 4 165
60 6 5 165
60 6 6 179
60 6 7 165
60 6 8 165
60 6 9 165
60 7 0 88
60 7 1 432
60 7 2 88
60 7 3 276
60 7 4 261
60 7 5 343
60 7 6 276
60 7 7 243
60 7 8 276
60 7 9 276
60 8 0 230
60 8 1 35
60 8 2 162
60 8 3 381
60 8 4 162
60 8 5 200
60 8 6 238
60 8 7 162
60 8 8 67
60 8 9 253
60 9 0 165
60 9 1 285
60 9 2 253
60 9 3 318
60 9 4 261
60 9 5 342
60 9 6 119
60 9 7 137
60 9 8 231
60 9 9 82
80 0 0 414
80 0 1 759
80 0 2 494
80 0 3 494
80 0 4 267
80 0 5 774
80 0 6 180
80 0 7 79
80 0 8 663
80 0 9 759
80 1 0 437
80 1 1 699
80 1 2 729
80 1 3 369
80 1 4 0
80 1 5 217
80 1 6 103
80 1 7 785
80 1 8 489
80 1 9 669
80 2 0 772
80 2 1 289
80 2 2 665
80 2 3 647
80 2 4 560
80 2 5 349
80 2 6 736
80 2 7 226
80 2 8 289
80 2 9 773
80 3 0 249
80 3 1 122
80 3 2 225
80 3 3 588
80 3 4 369
80 3 5 499
80 3 6 343
80 3 7 343
80 3 8 78
80 3 9 121
80 4 0 431
80 4 1 581
80 4 2 773
80 4 3 321
80 4 4 356
80 4 5 778
80 4 6 44
80 4 7 716
80 4 8 755
80 4 9 759
80 5 0 552
80 5 1 217
80 5 2 181
80 5 3 213
80 5 4 603
80 5 5 309
80 5 6 378
80 5 7 149
80 5 8 309
80 5 9 392
80 6 0 199
80 6 1 81
80 6 2 354
80 6 3 438
80 6 4 331
80 6 5 294
80 6 6 85
80 6 7 266
80 6 8 331
80 6 9 227
80 7 0 750
80 7 1 37
80 7 2 549
80 7 3 421
80 7 4 39
80 7 5 122
80 7 6 421
80 7 7 776
80 7 8 37
80 7 9 39
80 8 0 540
80 8 1 620
80 8 2 401
80 8 3 446
80 8 4 80
80 8 5 310
80 8 6 446
80 8 7 310
80 8 8 310
80 8 9 377
80 9 0 253
80 9 1 283
80 9 2 313
80 9 3 102
80 9 4 285
80 9 5 98
80 9 6 313
80 9 7 449
80 9 8 253
80 9 9 342
100 0 0 437
100 0 1 1197
100 0 2 273
100 0 3 437
100 0 4 477
100 0 5 272
100 0 6 135
100 0 7 89
100 0 8 701
100 0 9 891
100 1 0 625
100 1 1 188
100 1 2 816
100 1 3 404
100 1 4 614
100 1 5 318
100 1 6 796
100 1 7 52
100 1 8 363
100 1 9 823
100 2 0 1070
100 2 1 1043
100 2 2 0
100 2 3 1041
100 2 4 677
100 2 5 187
100 2 6 974
100 2 7 1089
100 2 8 1221
100 2 9 1185
100 3 0 485
100 3 1 893
100 3 2 406
100 3 3 1154
100 3 4 631
100 3 5 445
100 3 6 1021
100 3 7 556
100 3 8 96
100 3 9 556
100 4 0 463
100 4 1 1221
100 4 2 809
100 4 3 1225
100 4 4 848
100 4 5 1233
100 4 6 1235
100 4 7 1157
100 4 8 1218
100 4 9 80
100 5 0 998
100 5 1 686
100 5 2 1143
100 5 3 646
100 5 4 1048
100 5 5 987
100 5 6 937
100 5 7 869
100 5 8 1100
100 5 9 1250
100 6 0 286
100 6 1 547
100 6 2 325
100 6 3 422
100 6 4 377
100 6 5 377
100 6 6 377
100 6 7 619
100 6 8 547
100 6 9 325
100 7 0 613
100 7 1 347
100 7 2 691
100 7 3 619
100 7 4 626
100 7 5 547
100 7 6 749
100 7 7 764
100 7 8 508
100 7 9 1012
100 8 0 430
100 8 1 505
100 8 2 789
100 8 3 384
100 8 4 476
100 8 5 505
100 8 6 639
100 8 7 430
100 8 8 384
100 8 9 476
100 9 0 719
100 9 1 1250
100 9 2 622
100 9 3 1148
100 9 4 243
100 9 5 1028
100 9 6 58
100 9 7 1231
100 9 8 1175
100 9 9 728
