60 0 0 426
60 0 1 414
60 0 2 445
60 1 0 460
60 1 1 459
60 1 2 415
60 2 0 410
60 2 1 454
60 2 2 453
60 3 0 432
60 3 1 437
60 3 2 438
60 4 0 433
60 4 1 451
60 4 2 376
60 5 0 437
60 5 1 424
60 5 2 433
60 6 0 459
60 6 1 452
60 6 2 446
60 7 0 407
60 7 1 424
60 7 2 442
60 8 0 421
60 8 1 445
60 8 2 430
60 9 0 432
60 9 1 459
60 9 2 455
80 0 0 772
80 0 1 773
80 0 2 739
80 1 0 762
80 1 1 769
80 1 2 807
80 2 0 805
80 2 1 775
80 2 2 777
80 3 0 776
80 3 1 784
80 3 2 758
80 4 0 781
80 4 1 800
80 4 2 759
80 5 0 769
80 5 1 718
80 5 2 767
80 6 0 772
80 6 1 794
80 6 2 721
80 7 0 773
80 7 1 772
80 7 2 750
80 8 0 790
80 8 1 773
80 8 2 758
80 9 0 725
80 9 1 795
80 9 2 703
100 0 0 1242
100 0 1 1261
100 0 2 1173
100 1 0 1219
100 1 1 1226
100 1 2 1242
100 2 0 1219
100 2 1 1240
100 2 2 1206
100 3 0 1251
100 3 1 1209
100 3 2 1244
100 4 0 1257
100 4 1 1250
100 4 2 1252
100 5 0 1232
100 5 1 1161
100 5 2 1204
100 6 0 1226
100 6 1 1172
100 6 2 1236
100 7 0 1191
100 7 1 1223
100 7 2 1264
100 8 0 1212
100 8 1 1212
100 8 2 1238
100 9 0 1200
100 9 1 1272
100 9 2 1226
60 0 3 452
60 0 4 439
60 0 5 445
60 0 6 438
60 0 7 448
60 0 8 441
60 0 9 430
60 0 10 413
60 1 3 438
60 1 4 444
60 1 5 442
60 1 6 428
60 1 7 432
60 1 8 453
60 1 9 451
60 1 10 386
60 2 3 454
60 2 4 432
60 2 5 450
60 2 6 455
60 2 7 443
60 2 8 437
60 2 9 461
60 2 10 442
60 3 3 429
60 3 4 401
60 3 5 434
60 3 6 439
60 3 7 426
60 3 8 427
60 3 9 437
60 3 10 430
60 4 3 427
60 4 4 427
60 4 5 423
60 4 6 419
60 4 7 419
60 4 8 426
60 4 9 414
60 4 10 429
60 5 3 446
60 5 4 436
60 5 5 455
60 5 6 397
60 5 7 406
60 5 8 427
60 5 9 424
60 5 10 431
60 6 3 424
60 6 4 468
60 6 5 435
60 6 6 425
60 6 7 439
60 6 8 450
60 6 9 430
60 6 10 439
60 7 3 404
60 7 4 448
60 7 5 411
60 7 6 434
60 7 7 443
60 7 8 426
60 7 9 444
60 7 10 419
60 8 3 447
60 8 4 457
60 8 5 440
60 8 6 420
60 8 7 428
60 8 8 444
60 8 9 452
60 8 10 455
60 9 3 430
60 9 4 445
60 9 5 421
60 9 6 438
60 9 7 429
60 9 8 448
60 9 9 374
60 9 10 454
80 0 3 802
80 0 4 797
80 0 5 753
80 0 6 797
80 0 7 692
80 0 8 775
80 0 9 754
80 0 10 768
80 1 3 763
80 1 4 736
80 1 5 753
80 1 6 783
80 1 7 753
80 1 8 701
80 1 9 781
80 1 10 778
80 2 3 788
80 2 4 773
80 2 5 752
80 2 6 774
80 2 7 779
80 2 8 786
80 2 9 776
80 2 10 807
80 3 3 774
80 3 4 749
80 3 5 774
80 3 6 817
80 3 7 772
80 3 8 812
80 3 9 741
80 3 10 796
80 4 3 789
80 4 4 788
80 4 5 789
80 4 6 787
80 4 7 796
80 4 8 780
80 4 9 801
80 4 10 761
80 5 3 802
80 5 4 774
80 5 5 769
80 5 6 800
80 5 7 779
80 5 8 820
80 5 9 655
80 5 10 710
80 6 3 716
80 6 4 689
80 6 5 732
80 6 6 787
80 6 7 798
80 6 8 758
80 6 9 785
80 6 10 820
80 7 3 784
80 7 4 758
80 7 5 754
80 7 6 789
80 7 7 796
80 7 8 791
80 7 9 787
80 7 10 782
80 8 3 714
80 8 4 765
80 8 5 786
80 8 6 799
80 8 7 774
80 8 8 773
80 8 9 747
80 8 10 771
80 9 3 767
80 9 4 780
80 9 5 824
80 9 6 776
80 9 7 773
80 9 8 757
80 9 9 776
80 9 10 779
100 0 3 1257
100 0 4 1196
100 0 5 1194
100 0 6 1237
100 0 7 1234
100 0 8 1215
100 0 9 1183
100 0 10 1255
100 1 3 1267
100 1 4 1206
100 1 5 1244
100 1 6 1193
100 1 7 1225
100 1 8 1244
100 1 9 1239
100 1 10 1267
100 2 3 1293
100 2 4 1189
100 2 5 1180
100 2 6 1251
100 2 7 1216
100 2 8 1134
100 2 9 1229
100 2 10 1227
100 3 3 1260
100 3 4 1173
100 3 5 1230
100 3 6 1234
100 3 7 1236
100 3 8 1229
100 3 9 1222
100 3 10 1220
100 4 3 1161
100 4 4 1183
100 4 5 1158
100 4 6 1197
100 4 7 1230
100 4 8 1212
100 4 9 1247
100 4 10 1215
100 5 3 1224
100 5 4 1255
100 5 5 1242
100 5 6 1244
100 5 7 1244
100 5 8 1245
100 5 9 1245
100 5 10 1221
100 6 3 1269
100 6 4 1208
100 6 5 1245
100 6 6 1228
100 6 7 1184
100 6 8 1251
100 6 9 1143
100 6 10 1230
100 7 3 1204
100 7 4 1264
100 7 5 1134
100 7 6 1241
100 7 7 1210
100 7 8 1244
100 7 9 1234
100 7 10 1213
100 8 3 1208
100 8 4 1224
100 8 5 1278
100 8 6 1223
100 8 7 1209
100 8 8 1200
100 8 9 1265
100 8 10 1204
100 9 3 1230
100 9 4 1236
100 9 5 1226
100 9 6 1199
100 9 7 1261
100 9 8 1143
100 9 9 1246
100 9 10 1159
