60 0 0 406
60 0 1 398
60 0 2 447
60 1 0 450
60 1 1 388
60 1 2 452
60 2 0 432
60 2 1 418
60 2 2 442
60 3 0 422
60 3 1 438
60 3 2 357
60 4 0 435
60 4 1 407
60 4 2 430
60 5 0 435
60 5 1 419
60 5 2 391
60 6 0 422
60 6 1 453
60 6 2 434
60 7 0 443
60 7 1 455
60 7 2 384
60 8 0 441
60 8 1 433
60 8 2 456
60 9 0 440
60 9 1 444
60 9 2 436
80 0 0 812
80 0 1 821
80 0 2 783
80 1 0 812
80 1 1 729
80 1 2 746
80 2 0 775
80 2 1 692
80 2 2 741
80 3 0 788
80 3 1 760
80 3 2 722
80 4 0 766
80 4 1 810
80 4 2 773
80 5 0 771
80 5 1 711
80 5 2 783
80 6 0 801
80 6 1 797
80 6 2 795
80 7 0 790
80 7 1 744
80 7 2 787
80 8 0 773
80 8 1 790
80 8 2 781
80 9 0 735
80 9 1 805
80 9 2 808
100 0 0 1197
100 0 1 1256
100 0 2 1236
100 1 0 1215
100 1 1 1212
100 1 2 1256
100 2 0 1177
100 2 1 1241
100 2 2 1255
100 3 0 1196
100 3 1 1220
100 3 2 1216
100 4 0 1232
100 4 1 1200
100 4 2 1143
100 5 0 1226
100 5 1 1144
100 5 2 1225
100 6 0 1191
100 6 1 1222
100 6 2 1209
100 7 0 1233
100 7 1 1237
100 7 2 1265
100 8 0 1187
100 8 1 1241
100 8 2 1232
100 9 0 1199
100 9 1 1249
100 9 2 1238
60 0 3 435
60 0 4 363
60 0 5 429
60 0 6 407
60 0 7 419
60 0 8 431
60 0 9 448
60 0 10 459
60 1 3 439
60 1 4 442
60 1 5 426
60 1 6 435
60 1 7 427
60 1 8 444
60 1 9 436
60 1 10 447
60 2 3 437
60 2 4 379
60 2 5 406
60 2 6 386
60 2 7 430
60 2 8 456
60 2 9 428
60 2 10 413
60 3 3 439
60 3 4 441
60 3 5 427
60 3 6 422
60 3 7 419
60 3 8 421
60 3 9 419
60 3 10 415
60 4 3 439
60 4 4 426
60 4 5 440
60 4 6 433
60 4 7 449
60 4 8 436
60 4 9 453
60 4 10 413
60 5 3 421
60 5 4 445
60 5 5 436
60 5 6 431
60 5 7 451
60 5 8 426
60 5 9 390
60 5 10 444
60 6 3 453
60 6 4 430
60 6 5 428
60 6 6 371
60 6 7 414
60 6 8 421
60 6 9 441
60 6 10 392
60 7 3 441
60 7 4 427
60 7 5 415
60 7 6 424
60 7 7 447
60 7 8 459
60 7 9 424
60 7 10 452
60 8 3 424
60 8 4 448
60 8 5 444
60 8 6 479
60 8 7 449
60 8 8 447
60 8 9 441
60 8 10 435
60 9 3 448
60 9 4 456
60 9 5 425
60 9 6 437
60 9 7 456
60 9 8 434
60 9 9 401
60 9 10 416
80 0 3 829
80 0 4 811
80 0 5 792
80 0 6 782
80 0 7 807
80 0 8 747
80 0 9 783
80 0 10 768
80 1 3 754
80 1 4 721
80 1 5 764
80 1 6 757
80 1 7 765
80 1 8 733
80 1 9 812
80 1 10 761
80 2 3 786
80 2 4 688
80 2 5 796
80 2 6 740
80 2 7 791
80 2 8 774
80 2 9 779
80 2 10 747
80 3 3 781
80 3 4 810
80 3 5 783
80 3 6 718
80 3 7 772
80 3 8 807
80 3 9 801
80 3 10 755
80 4 3 767
80 4 4 806
80 4 5 690
80 4 6 801
80 4 7 788
80 4 8 772
80 4 9 804
80 4 10 766
80 5 3 795
80 5 4 780
80 5 5 790
80 5 6 774
80 5 7 784
80 5 8 784
80 5 9 788
80 5 10 816
80 6 3 786
80 6 4 805
80 6 5 691
80 6 6 767
80 6 7 786
80 6 8 803
80 6 9 798
80 6 10 793
80 7 3 771
80 7 4 776
80 7 5 764
80 7 6 788
80 7 7 781
80 7 8 698
80 7 9 786
80 7 10 743
80 8 3 804
80 8 4 800
80 8 5 764
80 8 6 789
80 8 7 776
80 8 8 779
80 8 9 786
80 8 10 803
80 9 3 795
80 9 4 758
80 9 5 713
80 9 6 744
80 9 7 769
80 9 8 806
80 9 9 785
80 9 10 751
100 0 3 1202
100 0 4 1229
100 0 5 1256
100 0 6 1255
100 0 7 1231
100 0 8 1243
100 0 9 1274
100 0 10 1259
100 1 3 1257
100 1 4 1239
100 1 5 1168
100 1 6 1222
100 1 7 1224
100 1 8 1150
100 1 9 1254
100 1 10 1245
100 2 3 1245
100 2 4 1198
100 2 5 1214
100 2 6 1257
100 2 7 1232
100 2 8 1210
100 2 9 1212
100 2 10 1238
100 3 3 1145
100 3 4 1220
100 3 5 1268
100 3 6 1183
100 3 7 1224
100 3 8 1246
100 3 9 1152
100 3 10 1144
100 4 3 1197
100 4 4 1247
100 4 5 1238
100 4 6 1248
100 4 7 1228
100 4 8 1264
100 4 9 1111
100 4 10 1171
100 5 3 1256
100 5 4 1235
100 5 5 1096
100 5 6 1273
100 5 7 1224
100 5 8 1242
100 5 9 1243
100 5 10 1241
100 6 3 1204
100 6 4 1201
100 6 5 1196
100 6 6 1216
100 6 7 1284
100 6 8 1263
100 6 9 1254
100 6 10 1177
100 7 3 1206
100 7 4 1225
100 7 5 1241
100 7 6 1120
100 7 7 1197
100 7 8 1260
100 7 9 1262
100 7 10 1202
100 8 3 1251
100 8 4 1230
100 8 5 1233
100 8 6 1231
100 8 7 1210
100 8 8 1217
100 8 9 1248
100 8 10 1238
100 9 3 1259
100 9 4 1254
100 9 5 1268
100 9 6 1231
100 9 7 1208
100 9 8 1230
100 9 9 1244
100 9 10 1245
