60 0 0 385
60 0 1 408
60 0 2 444
60 1 0 443
60 1 1 411
60 1 2 444
60 2 0 433
60 2 1 415
60 2 2 448
60 3 0 463
60 3 1 438
60 3 2 432
60 4 0 450
60 4 1 392
60 4 2 434
60 5 0 427
60 5 1 429
60 5 2 439
60 6 0 445
60 6 1 461
60 6 2 461
60 7 0 450
60 7 1 434
60 7 2 450
60 8 0 440
60 8 1 404
60 8 2 451
60 9 0 416
60 9 1 441
60 9 2 423
80 0 0 786
80 0 1 689
80 0 2 737
80 1 0 792
80 1 1 771
80 1 2 769
80 2 0 813
80 2 1 700
80 2 2 770
80 3 0 782
80 3 1 816
80 3 2 796
80 4 0 781
80 4 1 789
80 4 2 771
80 5 0 807
80 5 1 789
80 5 2 765
80 6 0 772
80 6 1 784
80 6 2 798
80 7 0 833
80 7 1 691
80 7 2 824
80 8 0 771
80 8 1 676
80 8 2 751
80 9 0 792
80 9 1 765
80 9 2 808
100 0 0 1248
100 0 1 1208
100 0 2 1244
100 1 0 1276
100 1 1 1253
100 1 2 1248
100 2 0 1215
100 2 1 1200
100 2 2 1214
100 3 0 1228
100 3 1 1248
100 3 2 1256
100 4 0 1182
100 4 1 1261
100 4 2 1224
100 5 0 1142
100 5 1 1212
100 5 2 1243
100 6 0 1212
100 6 1 1239
100 6 2 1270
100 7 0 1195
100 7 1 1214
100 7 2 1215
100 8 0 1245
100 8 1 1203
100 8 2 1198
100 9 0 1207
100 9 1 1189
100 9 2 1205
60 0 3 446
60 0 4 447
60 0 5 377
60 0 6 450
60 0 7 431
60 0 8 408
60 0 9 403
60 0 10 455
60 1 3 378
60 1 4 437
60 1 5 465
60 1 6 432
60 1 7 429
60 1 8 452
60 1 9 438
60 1 10 405
60 2 3 425
60 2 4 423
60 2 5 436
60 2 6 452
60 2 7 421
60 2 8 444
60 2 9 401
60 2 10 448
60 3 3 442
60 3 4 370
60 3 5 413
60 3 6 433
60 3 7 455
60 3 8 375
60 3 9 436
60 3 10 440
60 4 3 437
60 4 4 422
60 4 5 434
60 4 6 323
60 4 7 448
60 4 8 435
60 4 9 432
60 4 10 391
60 5 3 423
60 5 4 462
60 5 5 440
60 5 6 432
60 5 7 442
60 5 8 453
60 5 9 440
60 5 10 442
60 6 3 442
60 6 4 452
60 6 5 455
60 6 6 441
60 6 7 437
60 6 8 434
60 6 9 419
60 6 10 396
60 7 3 435
60 7 4 425
60 7 5 466
60 7 6 445
60 7 7 428
60 7 8 435
60 7 9 447
60 7 10 453
60 8 3 440
60 8 4 431
60 8 5 435
60 8 6 429
60 8 7 433
60 8 8 437
60 8 9 423
60 8 10 389
60 9 3 436
60 9 4 461
60 9 5 449
60 9 6 444
60 9 7 422
60 9 8 459
60 9 9 412
60 9 10 438
80 0 3 765
80 0 4 745
80 0 5 757
80 0 6 809
80 0 7 761
80 0 8 817
80 0 9 765
80 0 10 785
80 1 3 762
80 1 4 782
80 1 5 781
80 1 6 770
80 1 7 793
80 1 8 794
80 1 9 799
80 1 10 733
80 2 3 766
80 2 4 785
80 2 5 802
80 2 6 823
80 2 7 805
80 2 8 698
80 2 9 772
80 2 10 778
80 3 3 794
80 3 4 741
80 3 5 758
80 3 6 802
80 3 7 767
80 3 8 749
80 3 9 807
80 3 10 805
80 4 3 752
80 4 4 743
80 4 5 781
80 4 6 773
80 4 7 774
80 4 8 776
80 4 9 791
80 4 10 779
80 5 3 770
80 5 4 738
80 5 5 773
80 5 6 782
80 5 7 778
80 5 8 745
80 5 9 818
80 5 10 780
80 6 3 796
80 6 4 817
80 6 5 787
80 6 6 787
80 6 7 780
80 6 8 777
80 6 9 775
80 6 10 793
80 7 3 740
80 7 4 785
80 7 5 731
80 7 6 793
80 7 7 773
80 7 8 803
80 7 9 807
80 7 10 770
80 8 3 789
80 8 4 794
80 8 5 738
80 8 6 795
80 8 7 814
80 8 8 796
80 8 9 776
80 8 10 749
80 9 3 764
80 9 4 783
80 9 5 794
80 9 6 772
80 9 7 807
80 9 8 797
80 9 9 790
80 9 10 783
100 0 3 1183
100 0 4 1153
100 0 5 1224
100 0 6 1152
100 0 7 1240
100 0 8 1145
100 0 9 1233
100 0 10 1245
100 1 3 1227
100 1 4 1225
100 1 5 1248
100 1 6 1245
100 1 7 1142
100 1 8 1252
100 1 9 1228
100 1 10 1258
100 2 3 1256
100 2 4 1195
100 2 5 1212
100 2 6 1235
100 2 7 1235
100 2 8 1197
100 2 9 1258
100 2 10 1180
100 3 3 1123
100 3 4 1226
100 3 5 1200
100 3 6 1203
100 3 7 1219
100 3 8 1229
100 3 9 1263
100 3 10 1238
100 4 3 1209
100 4 4 1241
100 4 5 1252
100 4 6 1280
100 4 7 1272
100 4 8 1234
100 4 9 1189
100 4 10 1235
100 5 3 1251
100 5 4 1244
100 5 5 1039
100 5 6 1239
100 5 7 1215
100 5 8 1305
100 5 9 1212
100 5 10 1165
100 6 3 1256
100 6 4 1248
100 6 5 1241
100 6 6 1241
100 6 7 1154
100 6 8 1082
100 6 9 1227
100 6 10 1239
100 7 3 1202
100 7 4 1251
100 7 5 1236
100 7 6 1249
100 7 7 1149
100 7 8 1237
100 7 9 1288
100 7 10 1276
100 8 3 1252
100 8 4 1223
100 8 5 1269
100 8 6 1262
100 8 7 1190
100 8 8 1246
100 8 9 1007
100 8 10 1160
100 9 3 1236
100 9 4 1216
100 9 5 1231
100 9 6 1241
100 9 7 1232
100 9 8 1236
100 9 9 1244
100 9 10 1174
