60 0 0 419
60 0 1 439
60 0 2 462
60 1 0 441
60 1 1 442
60 1 2 417
60 2 0 443
60 2 1 427
60 2 2 452
60 3 0 455
60 3 1 354
60 3 2 452
60 4 0 441
60 4 1 465
60 4 2 437
60 5 0 429
60 5 1 424
60 5 2 448
60 6 0 416
60 6 1 432
60 6 2 436
60 7 0 424
60 7 1 395
60 7 2 448
60 8 0 445
60 8 1 435
60 8 2 432
60 9 0 426
60 9 1 433
60 9 2 414
80 0 0 789
80 0 1 743
80 0 2 761
80 1 0 725
80 1 1 809
80 1 2 790
80 2 0 799
80 2 1 666
80 2 2 759
80 3 0 753
80 3 1 792
80 3 2 717
80 4 0 785
80 4 1 790
80 4 2 778
80 5 0 749
80 5 1 757
80 5 2 790
80 6 0 786
80 6 1 769
80 6 2 758
80 7 0 797
80 7 1 692
80 7 2 786
80 8 0 818
80 8 1 727
80 8 2 757
80 9 0 736
80 9 1 795
80 9 2 810
100 0 0 1242
100 0 1 1236
100 0 2 1245
100 1 0 1210
100 1 1 1191
100 1 2 1244
100 2 0 1236
100 2 1 1187
100 2 2 1255
100 3 0 1236
100 3 1 1242
100 3 2 1261
100 4 0 1235
100 4 1 1227
100 4 2 1202
100 5 0 1242
100 5 1 1242
100 5 2 1230
100 6 0 1233
100 6 1 1206
100 6 2 1159
100 7 0 1227
100 7 1 1260
100 7 2 1223
100 8 0 1242
100 8 1 1116
100 8 2 1229
100 9 0 1192
100 9 1 1252
100 9 2 1157
60 0 3 419
60 0 4 439
60 0 5 452
60 0 6 457
60 0 7 445
60 0 8 365
60 0 9 421
60 0 10 438
60 1 3 410
60 1 4 441
60 1 5 442
60 1 6 410
60 1 7 434
60 1 8 436
60 1 9 429
60 1 10 428
60 2 3 424
60 2 4 441
60 2 5 424
60 2 6 442
60 2 7 448
60 2 8 448
60 2 9 439
60 2 10 419
60 3 3 433
60 3 4 436
60 3 5 446
60 3 6 441
60 3 7 432
60 3 8 433
60 3 9 431
60 3 10 433
60 4 3 416
60 4 4 414
60 4 5 387
60 4 6 414
60 4 7 443
60 4 8 451
60 4 9 429
60 4 10 431
60 5 3 417
60 5 4 427
60 5 5 405
60 5 6 445
60 5 7 422
60 5 8 433
60 5 9 462
60 5 10 451
60 6 3 408
60 6 4 455
60 6 5 441
60 6 6 443
60 6 7 445
60 6 8 419
60 6 9 440
60 6 10 452
60 7 3 445
60 7 4 453
60 7 5 429
60 7 6 424
60 7 7 440
60 7 8 463
60 7 9 424
60 7 10 403
60 8 3 381
60 8 4 442
60 8 5 435
60 8 6 444
60 8 7 434
60 8 8 459
60 8 9 432
60 8 10 440
60 9 3 426
60 9 4 441
60 9 5 435
60 9 6 434
60 9 7 445
60 9 8 437
60 9 9 439
60 9 10 447
80 0 3 791
80 0 4 783
80 0 5 807
80 0 6 811
80 0 7 803
80 0 8 677
80 0 9 821
80 0 10 749
80 1 3 756
80 1 4 806
80 1 5 735
80 1 6 791
80 1 7 812
80 1 8 718
80 1 9 776
80 1 10 796
80 2 3 760
80 2 4 795
80 2 5 819
80 2 6 766
80 2 7 792
80 2 8 808
80 2 9 707
80 2 10 766
80 3 3 611
80 3 4 790
80 3 5 762
80 3 6 809
80 3 7 815
80 3 8 788
80 3 9 764
80 3 10 771
80 4 3 800
80 4 4 789
80 4 5 792
80 4 6 771
80 4 7 785
80 4 8 815
80 4 9 801
80 4 10 788
80 5 3 778
80 5 4 790
80 5 5 737
80 5 6 760
80 5 7 677
80 5 8 746
80 5 9 782
80 5 10 784
80 6 3 779
80 6 4 814
80 6 5 769
80 6 6 789
80 6 7 806
80 6 8 790
80 6 9 775
80 6 10 791
80 7 3 790
80 7 4 769
80 7 5 779
80 7 6 795
80 7 7 781
80 7 8 759
80 7 9 753
80 7 10 769
80 8 3 782
80 8 4 767
80 8 5 821
80 8 6 789
80 8 7 788
80 8 8 797
80 8 9 749
80 8 10 775
80 9 3 761
80 9 4 817
80 9 5 811
80 9 6 749
80 9 7 812
80 9 8 797
80 9 9 778
80 9 10 759
100 0 3 1266
100 0 4 1222
100 0 5 1234
100 0 6 1187
100 0 7 1224
100 0 8 1121
100 0 9 1072
100 0 10 1205
100 1 3 1210
100 1 4 1230
100 1 5 1238
100 1 6 1217
100 1 7 1199
100 1 8 1109
100 1 9 1188
100 1 10 1166
100 2 3 1177
100 2 4 1205
100 2 5 1186
100 2 6 1239
100 2 7 1267
100 2 8 1211
100 2 9 1230
100 2 10 1246
100 3 3 1243
100 3 4 1197
100 3 5 1239
100 3 6 1205
100 3 7 1138
100 3 8 1253
100 3 9 1230
100 3 10 1220
100 4 3 1229
100 4 4 1260
100 4 5 1238
100 4 6 1207
100 4 7 1227
100 4 8 1242
100 4 9 1223
100 4 10 1213
100 5 3 1203
100 5 4 1252
100 5 5 1205
100 5 6 1240
100 5 7 1232
100 5 8 1219
100 5 9 1242
100 5 10 1199
100 6 3 1215
100 6 4 1229
100 6 5 1242
100 6 6 1246
100 6 7 1265
100 6 8 1169
100 6 9 1253
100 6 10 1215
100 7 3 1226
100 7 4 1254
100 7 5 1120
100 7 6 1215
100 7 7 1248
100 7 8 1179
100 7 9 1174
100 7 10 1218
100 8 3 1222
100 8 4 1230
100 8 5 1230
100 8 6 1137
100 8 7 1269
100 8 8 1255
100 8 9 1207
100 8 10 1222
100 9 3 1220
100 9 4 1241
100 9 5 1236
100 9 6 1171
100 9 7 1238
100 9 8 1184
100 9 9 1238
100 9 10 1212
