60 0 0 121
60 0 1 311
60 0 2 272
60 0 3 29
60 0 4 356
60 0 5 253
60 0 6 356
60 0 7 317
60 0 8 67
60 0 9 356
60 1 0 372
60 1 1 209
60 1 2 62
60 1 3 62
60 1 4 201
60 1 5 322
60 1 6 192
60 1 7 326
60 1 8 406
60 1 9 374
60 2 0 88
60 2 1 324
60 2 2 181
60 2 3 372
60 2 4 212
60 2 5 88
60 2 6 170
60 2 7 118
60 2 8 360
60 2 9 360
60 3 0 399
60 3 1 160
60 3 2 82
60 3 3 82
60 3 4 80
60 3 5 80
60 3 6 55
60 3 7 387
60 3 8 138
60 3 9 399
60 4 0 142
60 4 1 332
60 4 2 212
60 4 3 88
60 4 4 142
60 4 5 88
60 4 6 332
60 4 7 319
60 4 8 267
60 4 9 332
60 5 0 438
60 5 1 424
60 5 2 421
60 5 3 348
60 5 4 214
60 5 5 156
60 5 6 406
60 5 7 156
60 5 8 210
60 5 9 135
60 6 0 88
60 6 1 62
60 6 2 88
60 6 3 249
60 6 4 165
60 6 5 165
60 6 6 165
60 6 7 165
60 6 8 165
60 6 9 165
60 7 0 88
60 7 1 141
60 7 2 274
60 7 3 320
60 7 4 295
60 7 5 276
60 7 6 320
60 7 7 295
60 7 8 320
60 7 9 320
60 8 0 67
60 8 1 408
60 8 2 228
60 8 3 112
60 8 4 228
60 8 5 246
60 8 6 217
60 8 7 228
60 8 8 123
60 8 9 253
60 9 0 210
60 9 1 301
60 9 2 307
60 9 3 307
60 9 4 330
60 9 5 189
60 9 6 137
60 9 7 164
60 9 8 231
60 9 9 53
80 0 0 333
80 0 1 79
80 0 2 244
80 0 3 267
80 0 4 414
80 0 5 79
80 0 6 79
80 0 7 267
80 0 8 79
80 0 9 79
80 1 0 104
80 1 1 336
80 1 2 397
80 1 3 477
80 1 4 138
80 1 5 138
80 1 6 688
80 1 7 69
80 1 8 183
80 1 9 424
80 2 0 193
80 2 1 316
80 2 2 193
80 2 3 223
80 2 4 384
80 2 5 349
80 2 6 267
80 2 7 44
80 2 8 349
80 2 9 78
80 3 0 281
80 3 1 626
80 3 2 186
80 3 3 249
80 3 4 369
80 3 5 217
80 3 6 109
80 3 7 343
80 3 8 648
80 3 9 742
80 4 0 761
80 4 1 155
80 4 2 387
80 4 3 406
80 4 4 793
80 4 5 488
80 4 6 575
80 4 7 445
80 4 8 218
80 4 9 773
80 5 0 773
80 5 1 145
80 5 2 252
80 5 3 794
80 5 4 649
80 5 5 309
80 5 6 176
80 5 7 389
80 5 8 309
80 5 9 252
80 6 0 126
80 6 1 329
80 6 2 750
80 6 3 640
80 6 4 238
80 6 5 199
80 6 6 728
80 6 7 266
80 6 8 238
80 6 9 762
80 7 0 750
80 7 1 315
80 7 2 122
80 7 3 570
80 7 4 120
80 7 5 80
80 7 6 421
80 7 7 662
80 7 8 216
80 7 9 365
80 8 0 80
80 8 1 80
80 8 2 310
80 8 3 210
80 8 4 321
80 8 5 310
80 8 6 250
80 8 7 80
80 8 8 310
80 8 9 310
80 9 0 176
80 9 1 249
80 9 2 687
80 9 3 657
80 9 4 317
80 9 5 134
80 9 6 253
80 9 7 769
80 9 8 176
80 9 9 736
100 0 0 272
100 0 1 319
100 0 2 181
100 0 3 272
100 0 4 184
100 0 5 352
100 0 6 1172
100 0 7 89
100 0 8 278
100 0 9 495
100 1 0 440
100 1 1 1213
100 1 2 687
100 1 3 663
100 1 4 816
100 1 5 519
100 1 6 395
100 1 7 396
100 1 8 485
100 1 9 480
100 2 0 641
100 2 1 677
100 2 2 314
100 2 3 314
100 2 4 837
100 2 5 314
100 2 6 811
100 2 7 363
100 2 8 535
100 2 9 605
100 3 0 368
100 3 1 187
100 3 2 375
100 3 3 1011
100 3 4 235
100 3 5 368
100 3 6 416
100 3 7 272
100 3 8 739
100 3 9 322
100 4 0 323
100 4 1 372
100 4 2 809
100 4 3 320
100 4 4 746
100 4 5 369
100 4 6 569
100 4 7 614
100 4 8 649
100 4 9 193
100 5 0 246
100 5 1 686
100 5 2 246
100 5 3 607
100 5 4 337
100 5 5 427
100 5 6 542
100 5 7 546
100 5 8 113
100 5 9 348
100 6 0 325
100 6 1 1156
100 6 2 325
100 6 3 471
100 6 4 286
100 6 5 286
100 6 6 286
100 6 7 1145
100 6 8 1063
100 6 9 325
100 7 0 146
100 7 1 310
100 7 2 338
100 7 3 290
100 7 4 372
100 7 5 324
100 7 6 242
100 7 7 291
100 7 8 395
100 7 9 250
100 8 0 1212
100 8 1 1120
100 8 2 152
100 8 3 242
100 8 4 294
100 8 5 1244
100 8 6 730
100 8 7 1053
100 8 8 384
100 8 9 152
100 9 0 328
100 9 1 1175
100 9 2 368
100 9 3 1142
100 9 4 144
100 9 5 614
100 9 6 398
100 9 7 534
100 9 8 763
100 9 9 320
