60 0 0 436
60 0 1 353
60 0 2 448
60 1 0 452
60 1 1 451
60 1 2 398
60 2 0 417
60 2 1 435
60 2 2 433
60 3 0 420
60 3 1 448
60 3 2 423
60 4 0 446
60 4 1 419
60 4 2 437
60 5 0 418
60 5 1 422
60 5 2 447
60 6 0 457
60 6 1 466
60 6 2 429
60 7 0 432
60 7 1 428
60 7 2 409
60 8 0 438
60 8 1 425
60 8 2 441
60 9 0 434
60 9 1 442
60 9 2 402
80 0 0 655
80 0 1 756
80 0 2 785
80 1 0 786
80 1 1 822
80 1 2 797
80 2 0 799
80 2 1 796
80 2 2 785
80 3 0 667
80 3 1 770
80 3 2 802
80 4 0 745
80 4 1 784
80 4 2 796
80 5 0 775
80 5 1 778
80 5 2 781
80 6 0 764
80 6 1 775
80 6 2 744
80 7 0 786
80 7 1 803
80 7 2 803
80 8 0 804
80 8 1 730
80 8 2 688
80 9 0 721
80 9 1 742
80 9 2 794
100 0 0 1201
100 0 1 1217
100 0 2 1237
100 1 0 1243
100 1 1 1235
100 1 2 1213
100 2 0 1164
100 2 1 1215
100 2 2 1233
100 3 0 1250
100 3 1 1195
100 3 2 1219
100 4 0 1243
100 4 1 1260
100 4 2 1227
100 5 0 1092
100 5 1 1233
100 5 2 1264
100 6 0 1255
100 6 1 1260
100 6 2 1235
100 7 0 1210
100 7 1 1209
100 7 2 1242
100 8 0 1243
100 8 1 1242
100 8 2 1261
100 9 0 1147
100 9 1 1239
100 9 2 1274
60 0 3 419
60 0 4 387
60 0 5 454
60 0 6 433
60 0 7 429
60 0 8 412
60 0 9 440
60 0 10 424
60 1 3 390
60 1 4 439
60 1 5 437
60 1 6 412
60 1 7 438
60 1 8 436
60 1 9 449
60 1 10 430
60 2 3 451
60 2 4 467
60 2 5 448
60 2 6 459
60 2 7 460
60 2 8 445
60 2 9 442
60 2 10 399
60 3 3 426
60 3 4 436
60 3 5 417
60 3 6 423
60 3 7 451
60 3 8 440
60 3 9 452
60 3 10 441
60 4 3 465
60 4 4 403
60 4 5 411
60 4 6 448
60 4 7 394
60 4 8 425
60 4 9 456
60 4 10 449
60 5 3 446
60 5 4 430
60 5 5 412
60 5 6 423
60 5 7 425
60 5 8 436
60 5 9 430
60 5 10 427
60 6 3 420
60 6 4 433
60 6 5 417
60 6 6 395
60 6 7 428
60 6 8 431
60 6 9 431
60 6 10 432
60 7 3 385
60 7 4 424
60 7 5 441
60 7 6 427
60 7 7 382
60 7 8 435
60 7 9 422
60 7 10 392
60 8 3 441
60 8 4 414
60 8 5 420
60 8 6 459
60 8 7 442
60 8 8 440
60 8 9 437
60 8 10 390
60 9 3 445
60 9 4 449
60 9 5 436
60 9 6 449
60 9 7 418
60 9 8 410
60 9 9 389
60 9 10 459
80 0 3 795
80 0 4 773
80 0 5 784
80 0 6 773
80 0 7 777
80 0 8 753
80 0 9 770
80 0 10 767
80 1 3 794
80 1 4 780
80 1 5 772
80 1 6 798
80 1 7 743
80 1 8 789
80 1 9 806
80 1 10 806
80 2 3 760
80 2 4 808
80 2 5 787
80 2 6 776
80 2 7 801
80 2 8 783
80 2 9 797
80 2 10 807
80 3 3 795
80 3 4 721
80 3 5 769
80 3 6 693
80 3 7 767
80 3 8 752
80 3 9 820
80 3 10 716
80 4 3 764
80 4 4 778
80 4 5 761
80 4 6 799
80 4 7 797
80 4 8 742
80 4 9 796
80 4 10 794
80 5 3 787
80 5 4 793
80 5 5 790
80 5 6 805
80 5 7 776
80 5 8 758
80 5 9 807
80 5 10 771
80 6 3 792
80 6 4 818
80 6 5 791
80 6 6 745
80 6 7 774
80 6 8 775
80 6 9 778
80 6 10 774
80 7 3 800
80 7 4 743
80 7 5 788
80 7 6 806
80 7 7 800
80 7 8 787
80 7 9 757
80 7 10 768
80 8 3 822
80 8 4 801
80 8 5 791
80 8 6 783
80 8 7 771
80 8 8 707
80 8 9 781
80 8 10 797
80 9 3 689
80 9 4 800
80 9 5 790
80 9 6 806
80 9 7 744
80 9 8 758
80 9 9 803
80 9 10 805
100 0 3 1249
100 0 4 1231
100 0 5 1224
100 0 6 1245
100 0 7 1203
100 0 8 1204
100 0 9 1228
100 0 10 1118
100 1 3 1209
100 1 4 1265
100 1 5 1258
100 1 6 1184
100 1 7 1259
100 1 8 1206
100 1 9 1233
100 1 10 1247
100 2 3 1214
100 2 4 1252
100 2 5 1271
100 2 6 1195
100 2 7 1195
100 2 8 1133
100 2 9 1206
100 2 10 1251
100 3 3 1246
100 3 4 1122
100 3 5 1211
100 3 6 1268
100 3 7 1245
100 3 8 1235
100 3 9 1254
100 3 10 1230
100 4 3 1234
100 4 4 1272
100 4 5 1235
100 4 6 1249
100 4 7 1242
100 4 8 1152
100 4 9 1257
100 4 10 1147
100 5 3 1145
100 5 4 1200
100 5 5 1204
100 5 6 1225
100 5 7 1253
100 5 8 1265
100 5 9 1220
100 5 10 1268
100 6 3 1218
100 6 4 1223
100 6 5 1222
100 6 6 1190
100 6 7 1244
100 6 8 1183
100 6 9 1230
100 6 10 1250
100 7 3 1250
100 7 4 1187
100 7 5 1232
100 7 6 1198
100 7 7 1236
100 7 8 1243
100 7 9 1224
100 7 10 1240
100 8 3 1238
100 8 4 1190
100 8 5 1200
100 8 6 1249
100 8 7 1199
100 8 8 1239
100 8 9 1261
100 8 10 1247
100 9 3 1229
100 9 4 1214
100 9 5 1244
100 9 6 1209
100 9 7 1232
100 9 8 1149
100 9 9 1222
100 9 10 1246
