60 0 0 428
60 0 1 436
60 0 2 440
60 1 0 444
60 1 1 422
60 1 2 436
60 2 0 394
60 2 1 440
60 2 2 441
60 3 0 419
60 3 1 435
60 3 2 414
60 4 0 382
60 4 1 445
60 4 2 441
60 5 0 420
60 5 1 426
60 5 2 445
60 6 0 429
60 6 1 440
60 6 2 386
60 7 0 458
60 7 1 443
60 7 2 443
60 8 0 428
60 8 1 434
60 8 2 385
60 9 0 442
60 9 1 446
60 9 2 450
80 0 0 790
80 0 1 748
80 0 2 800
80 1 0 798
80 1 1 793
80 1 2 786
80 2 0 791
80 2 1 793
80 2 2 798
80 3 0 788
80 3 1 772
80 3 2 731
80 4 0 779
80 4 1 800
80 4 2 762
80 5 0 792
80 5 1 800
80 5 2 796
80 6 0 766
80 6 1 762
80 6 2 774
80 7 0 809
80 7 1 787
80 7 2 784
80 8 0 759
80 8 1 789
80 8 2 813
80 9 0 789
80 9 1 795
80 9 2 788
100 0 0 1240
100 0 1 1184
100 0 2 1279
100 1 0 1227
100 1 1 1245
100 1 2 1082
100 2 0 1262
100 2 1 1230
100 2 2 1252
100 3 0 1175
100 3 1 1262
100 3 2 1224
100 4 0 1227
100 4 1 1267
100 4 2 1261
100 5 0 1219
100 5 1 1243
100 5 2 1223
100 6 0 1223
100 6 1 1184
100 6 2 1215
100 7 0 1229
100 7 1 1216
100 7 2 1171
100 8 0 1228
100 8 1 1226
100 8 2 1251
100 9 0 1169
100 9 1 1130
100 9 2 1234
60 0 3 421
60 0 4 441
60 0 5 433
60 0 6 440
60 0 7 438
60 0 8 432
60 0 9 460
60 0 10 447
60 1 3 435
60 1 4 426
60 1 5 460
60 1 6 430
60 1 7 444
60 1 8 457
60 1 9 442
60 1 10 432
60 2 3 465
60 2 4 452
60 2 5 442
60 2 6 427
60 2 7 432
60 2 8 435
60 2 9 436
60 2 10 398
60 3 3 421
60 3 4 451
60 3 5 375
60 3 6 442
60 3 7 430
60 3 8 453
60 3 9 425
60 3 10 429
60 4 3 467
60 4 4 440
60 4 5 439
60 4 6 432
60 4 7 464
60 4 8 460
60 4 9 431
60 4 10 448
60 5 3 451
60 5 4 430
60 5 5 451
60 5 6 428
60 5 7 461
60 5 8 348
60 5 9 459
60 5 10 432
60 6 3 448
60 6 4 438
60 6 5 404
60 6 6 416
60 6 7 452
60 6 8 443
60 6 9 440
60 6 10 409
60 7 3 443
60 7 4 416
60 7 5 438
60 7 6 453
60 7 7 430
60 7 8 446
60 7 9 428
60 7 10 436
60 8 3 430
60 8 4 456
60 8 5 446
60 8 6 440
60 8 7 443
60 8 8 444
60 8 9 449
60 8 10 449
60 9 3 427
60 9 4 436
60 9 5 436
60 9 6 440
60 9 7 447
60 9 8 432
60 9 9 417
60 9 10 436
80 0 3 769
80 0 4 796
80 0 5 761
80 0 6 801
80 0 7 785
80 0 8 782
80 0 9 754
80 0 10 819
80 1 3 817
80 1 4 760
80 1 5 806
80 1 6 581
80 1 7 761
80 1 8 793
80 1 9 795
80 1 10 788
80 2 3 740
80 2 4 790
80 2 5 794
80 2 6 804
80 2 7 778
80 2 8 796
80 2 9 786
80 2 10 801
80 3 3 756
80 3 4 798
80 3 5 791
80 3 6 796
80 3 7 780
80 3 8 813
80 3 9 798
80 3 10 793
80 4 3 761
80 4 4 800
80 4 5 760
80 4 6 804
80 4 7 790
80 4 8 792
80 4 9 770
80 4 10 799
80 5 3 807
80 5 4 734
80 5 5 823
80 5 6 799
80 5 7 817
80 5 8 775
80 5 9 754
80 5 10 780
80 6 3 790
80 6 4 768
80 6 5 779
80 6 6 786
80 6 7 808
80 6 8 785
80 6 9 737
80 6 10 793
80 7 3 786
80 7 4 799
80 7 5 748
80 7 6 766
80 7 7 762
80 7 8 778
80 7 9 788
80 7 10 731
80 8 3 757
80 8 4 788
80 8 5 720
80 8 6 800
80 8 7 763
80 8 8 785
80 8 9 732
80 8 10 782
80 9 3 774
80 9 4 774
80 9 5 811
80 9 6 788
80 9 7 790
80 9 8 804
80 9 9 794
80 9 10 820
100 0 3 1197
100 0 4 1189
100 0 5 1216
100 0 6 1219
100 0 7 1119
100 0 8 1231
100 0 9 1228
100 0 10 1261
100 1 3 1234
100 1 4 1104
100 1 5 1238
100 1 6 1240
100 1 7 1232
100 1 8 1215
100 1 9 1253
100 1 10 1268
100 2 3 1171
100 2 4 1200
100 2 5 1253
100 2 6 1224
100 2 7 1098
100 2 8 1266
100 2 9 1174
100 2 10 1090
100 3 3 1220
100 3 4 1241
100 3 5 1140
100 3 6 1221
100 3 7 1228
100 3 8 1264
100 3 9 1240
100 3 10 1239
100 4 3 1216
100 4 4 1231
100 4 5 1235
100 4 6 1241
100 4 7 1206
100 4 8 1188
100 4 9 1142
100 4 10 1220
100 5 3 1165
100 5 4 1196
100 5 5 1066
100 5 6 1245
100 5 7 1193
100 5 8 1217
100 5 9 1240
100 5 10 1237
100 6 3 1245
100 6 4 1251
100 6 5 1269
100 6 6 1151
100 6 7 1169
100 6 8 1206
100 6 9 1181
100 6 10 1247
100 7 3 1228
100 7 4 1241
100 7 5 1224
100 7 6 1216
100 7 7 1250
100 7 8 1234
100 7 9 1166
100 7 10 1256
100 8 3 1241
100 8 4 1245
100 8 5 1195
100 8 6 1214
100 8 7 1261
100 8 8 1196
100 8 9 1257
100 8 10 1192
100 9 3 1218
100 9 4 1247
100 9 5 1177
100 9 6 1232
100 9 7 1233
100 9 8 1157
100 9 9 1188
100 9 10 1194
