60 0 0 383
60 0 1 460
60 0 2 436
60 1 0 454
60 1 1 428
60 1 2 442
60 2 0 453
60 2 1 456
60 2 2 457
60 3 0 425
60 3 1 434
60 3 2 420
60 4 0 421
60 4 1 447
60 4 2 402
60 5 0 429
60 5 1 441
60 5 2 433
60 6 0 417
60 6 1 443
60 6 2 457
60 7 0 424
60 7 1 373
60 7 2 447
60 8 0 457
60 8 1 422
60 8 2 424
60 9 0 456
60 9 1 443
60 9 2 457
80 0 0 807
80 0 1 752
80 0 2 777
80 1 0 767
80 1 1 763
80 1 2 822
80 2 0 789
80 2 1 745
80 2 2 721
80 3 0 775
80 3 1 794
80 3 2 772
80 4 0 784
80 4 1 804
80 4 2 795
80 5 0 792
80 5 1 797
80 5 2 805
80 6 0 749
80 6 1 796
80 6 2 805
80 7 0 785
80 7 1 803
80 7 2 800
80 8 0 781
80 8 1 769
80 8 2 793
80 9 0 781
80 9 1 787
80 9 2 781
100 0 0 1240
100 0 1 1192
100 0 2 1194
100 1 0 1249
100 1 1 1239
100 1 2 1239
100 2 0 1222
100 2 1 1213
100 2 2 1216
100 3 0 1257
100 3 1 1230
100 3 2 1213
100 4 0 1223
100 4 1 1201
100 4 2 1241
100 5 0 1222
100 5 1 1168
100 5 2 1231
100 6 0 1266
100 6 1 1214
100 6 2 1281
100 7 0 1191
100 7 1 1255
100 7 2 1242
100 8 0 1251
100 8 1 1224
100 8 2 1263
100 9 0 1224
100 9 1 1231
100 9 2 1241
60 0 3 444
60 0 4 439
60 0 5 427
60 0 6 424
60 0 7 426
60 0 8 434
60 0 9 397
60 0 10 375
60 1 3 437
60 1 4 440
60 1 5 434
60 1 6 439
60 1 7 447
60 1 8 453
60 1 9 439
60 1 10 441
60 2 3 425
60 2 4 443
60 2 5 394
60 2 6 441
60 2 7 451
60 2 8 432
60 2 9 439
60 2 10 406
60 3 3 437
60 3 4 423
60 3 5 427
60 3 6 459
60 3 7 443
60 3 8 460
60 3 9 439
60 3 10 434
60 4 3 421
60 4 4 454
60 4 5 426
60 4 6 429
60 4 7 440
60 4 8 436
60 4 9 390
60 4 10 440
60 5 3 437
60 5 4 426
60 5 5 438
60 5 6 420
60 5 7 430
60 5 8 421
60 5 9 434
60 5 10 425
60 6 3 429
60 6 4 432
60 6 5 448
60 6 6 447
60 6 7 452
60 6 8 450
60 6 9 444
60 6 10 438
60 7 3 444
60 7 4 455
60 7 5 452
60 7 6 447
60 7 7 448
60 7 8 428
60 7 9 460
60 7 10 416
60 8 3 443
60 8 4 440
60 8 5 462
60 8 6 446
60 8 7 431
60 8 8 404
60 8 9 442
60 8 10 443
60 9 3 458
60 9 4 445
60 9 5 437
60 9 6 457
60 9 7 432
60 9 8 448
60 9 9 450
60 9 10 434
80 0 3 755
80 0 4 811
80 0 5 816
80 0 6 781
80 0 7 784
80 0 8 823
80 0 9 700
80 0 10 792
80 1 3 794
80 1 4 777
80 1 5 797
80 1 6 810
80 1 7 793
80 1 8 787
80 1 9 778
80 1 10 796
80 2 3 793
80 2 4 784
80 2 5 741
80 2 6 764
80 2 7 758
80 2 8 787
80 2 9 767
80 2 10 788
80 3 3 788
80 3 4 758
80 3 5 789
80 3 6 784
80 3 7 797
80 3 8 807
80 3 9 761
80 3 10 789
80 4 3 790
80 4 4 767
80 4 5 803
80 4 6 785
80 4 7 782
80 4 8 781
80 4 9 802
80 4 10 790
80 5 3 790
80 5 4 764
80 5 5 783
80 5 6 804
80 5 7 811
80 5 8 789
80 5 9 810
80 5 10 791
80 6 3 777
80 6 4 803
80 6 5 734
80 6 6 785
80 6 7 786
80 6 8 804
80 6 9 793
80 6 10 801
80 7 3 780
80 7 4 752
80 7 5 789
80 7 6 795
80 7 7 797
80 7 8 782
80 7 9 797
80 7 10 717
80 8 3 793
80 8 4 761
80 8 5 802
80 8 6 823
80 8 7 803
80 8 8 802
80 8 9 785
80 8 10 764
80 9 3 777
80 9 4 801
80 9 5 774
80 9 6 784
80 9 7 798
80 9 8 812
80 9 9 771
80 9 10 783
100 0 3 1208
100 0 4 1253
100 0 5 1260
100 0 6 1171
100 0 7 1219
100 0 8 1248
100 0 9 1224
100 0 10 1254
100 1 3 1207
100 1 4 1220
100 1 5 1224
100 1 6 1227
100 1 7 1194
100 1 8 1251
100 1 9 1232
100 1 10 1212
100 2 3 1250
100 2 4 1245
100 2 5 1237
100 2 6 1230
100 2 7 1214
100 2 8 1219
100 2 9 1216
100 2 10 1235
100 3 3 1244
100 3 4 1235
100 3 5 1221
100 3 6 1234
100 3 7 1196
100 3 8 1251
100 3 9 1212
100 3 10 1231
100 4 3 1246
100 4 4 1218
100 4 5 1215
100 4 6 1181
100 4 7 1124
100 4 8 1221
100 4 9 1243
100 4 10 1232
100 5 3 1247
100 5 4 1221
100 5 5 1266
100 5 6 1190
100 5 7 1172
100 5 8 1235
100 5 9 1248
100 5 10 1244
100 6 3 1246
100 6 4 1225
100 6 5 1246
100 6 6 1235
100 6 7 1213
100 6 8 1223
100 6 9 1227
100 6 10 1208
100 7 3 1249
100 7 4 1236
100 7 5 1267
100 7 6 1257
100 7 7 1210
100 7 8 1232
100 7 9 1146
100 7 10 1264
100 8 3 1224
100 8 4 1229
100 8 5 1193
100 8 6 1213
100 8 7 1252
100 8 8 1227
100 8 9 1250
100 8 10 1235
100 9 3 1224
100 9 4 1237
100 9 5 1240
100 9 6 1205
100 9 7 1215
100 9 8 1208
100 9 9 1179
100 9 10 1165
