60 0 0 450
60 0 1 465
60 0 2 465
60 1 0 452
60 1 1 441
60 1 2 405
60 2 0 440
60 2 1 448
60 2 2 431
60 3 0 416
60 3 1 439
60 3 2 344
60 4 0 415
60 4 1 458
60 4 2 449
60 5 0 454
60 5 1 449
60 5 2 420
60 6 0 443
60 6 1 431
60 6 2 426
60 7 0 446
60 7 1 436
60 7 2 469
60 8 0 443
60 8 1 421
60 8 2 432
60 9 0 454
60 9 1 443
60 9 2 449
80 0 0 756
80 0 1 778
80 0 2 799
80 1 0 748
80 1 1 798
80 1 2 602
80 2 0 786
80 2 1 788
80 2 2 789
80 3 0 786
80 3 1 784
80 3 2 791
80 4 0 776
80 4 1 771
80 4 2 760
80 5 0 797
80 5 1 769
80 5 2 767
80 6 0 769
80 6 1 740
80 6 2 754
80 7 0 772
80 7 1 827
80 7 2 764
80 8 0 803
80 8 1 818
80 8 2 802
80 9 0 802
80 9 1 803
80 9 2 789
100 0 0 1218
100 0 1 1255
100 0 2 1225
100 1 0 1220
100 1 1 1206
100 1 2 1259
100 2 0 1253
100 2 1 1249
100 2 2 1155
100 3 0 1182
100 3 1 1136
100 3 2 1217
100 4 0 1213
100 4 1 1223
100 4 2 1242
100 5 0 1244
100 5 1 1273
100 5 2 1227
100 6 0 1267
100 6 1 1187
100 6 2 1205
100 7 0 1214
100 7 1 1215
100 7 2 1203
100 8 0 1284
100 8 1 1211
100 8 2 1236
100 9 0 1208
100 9 1 1199
100 9 2 1230
60 0 3 417
60 0 4 415
60 0 5 439
60 0 6 441
60 0 7 441
60 0 8 437
60 0 9 411
60 0 10 438
60 1 3 448
60 1 4 429
60 1 5 459
60 1 6 447
60 1 7 396
60 1 8 431
60 1 9 449
60 1 10 450
60 2 3 431
60 2 4 425
60 2 5 439
60 2 6 416
60 2 7 410
60 2 8 451
60 2 9 426
60 2 10 417
60 3 3 436
60 3 4 455
60 3 5 431
60 3 6 420
60 3 7 445
60 3 8 481
60 3 9 419
60 3 10 436
60 4 3 450
60 4 4 429
60 4 5 441
60 4 6 417
60 4 7 444
60 4 8 413
60 4 9 447
60 4 10 416
60 5 3 411
60 5 4 434
60 5 5 445
60 5 6 402
60 5 7 449
60 5 8 449
60 5 9 451
60 5 10 435
60 6 3 447
60 6 4 443
60 6 5 436
60 6 6 448
60 6 7 459
60 6 8 448
60 6 9 450
60 6 10 429
60 7 3 403
60 7 4 466
60 7 5 458
60 7 6 411
60 7 7 440
60 7 8 420
60 7 9 438
60 7 10 408
60 8 3 446
60 8 4 437
60 8 5 450
60 8 6 432
60 8 7 435
60 8 8 379
60 8 9 436
60 8 10 423
60 9 3 446
60 9 4 446
60 9 5 443
60 9 6 448
60 9 7 405
60 9 8 432
60 9 9 438
60 9 10 455
80 0 3 776
80 0 4 768
80 0 5 788
80 0 6 777
80 0 7 798
80 0 8 803
80 0 9 788
80 0 10 726
80 1 3 793
80 1 4 779
80 1 5 793
80 1 6 777
80 1 7 791
80 1 8 804
80 1 9 784
80 1 10 780
80 2 3 785
80 2 4 776
80 2 5 766
80 2 6 792
80 2 7 774
80 2 8 784
80 2 9 771
80 2 10 820
80 3 3 811
80 3 4 753
80 3 5 777
80 3 6 774
80 3 7 747
80 3 8 780
80 3 9 803
80 3 10 736
80 4 3 767
80 4 4 785
80 4 5 786
80 4 6 742
80 4 7 795
80 4 8 787
80 4 9 802
80 4 10 761
80 5 3 733
80 5 4 787
80 5 5 779
80 5 6 790
80 5 7 814
80 5 8 792
80 5 9 801
80 5 10 765
80 6 3 808
80 6 4 788
80 6 5 793
80 6 6 797
80 6 7 756
80 6 8 778
80 6 9 785
80 6 10 782
80 7 3 788
80 7 4 808
80 7 5 795
80 7 6 809
80 7 7 729
80 7 8 743
80 7 9 787
80 7 10 774
80 8 3 771
80 8 4 783
80 8 5 778
80 8 6 768
80 8 7 771
80 8 8 784
80 8 9 809
80 8 10 787
80 9 3 783
80 9 4 766
80 9 5 770
80 9 6 792
80 9 7 781
80 9 8 807
80 9 9 824
80 9 10 770
100 0 3 1215
100 0 4 1255
100 0 5 1189
100 0 6 1188
100 0 7 1231
100 0 8 1244
100 0 9 1235
100 0 10 1214
100 1 3 1094
100 1 4 1203
100 1 5 1205
100 1 6 1251
100 1 7 1175
100 1 8 1179
100 1 9 1187
100 1 10 1219
100 2 3 1251
100 2 4 1260
100 2 5 1185
100 2 6 1243
100 2 7 1222
100 2 8 1258
100 2 9 1217
100 2 10 1236
100 3 3 1248
100 3 4 1267
100 3 5 1166
100 3 6 1227
100 3 7 1219
100 3 8 1226
100 3 9 1199
100 3 10 1237
100 4 3 1184
100 4 4 1268
100 4 5 1123
100 4 6 1190
100 4 7 1188
100 4 8 1187
100 4 9 1230
100 4 10 1255
100 5 3 1224
100 5 4 1232
100 5 5 1240
100 5 6 1261
100 5 7 1247
100 5 8 1203
100 5 9 1242
100 5 10 1228
100 6 3 1239
100 6 4 1247
100 6 5 1165
100 6 6 1212
100 6 7 1247
100 6 8 1250
100 6 9 1280
100 6 10 1221
100 7 3 1212
100 7 4 1243
100 7 5 1207
100 7 6 1226
100 7 7 1279
100 7 8 1234
100 7 9 1027
100 7 10 1263
100 8 3 1232
100 8 4 1212
100 8 5 1120
100 8 6 1179
100 8 7 1203
100 8 8 1227
100 8 9 1240
100 8 10 1265
100 9 3 1266
100 9 4 1231
100 9 5 1177
100 9 6 1254
100 9 7 1208
100 9 8 1228
100 9 9 1252
100 9 10 1169
