60 0 0 405
60 0 1 435
60 0 2 466
60 1 0 449
60 1 1 446
60 1 2 436
60 2 0 434
60 2 1 435
60 2 2 444
60 3 0 447
60 3 1 445
60 3 2 435
60 4 0 456
60 4 1 448
60 4 2 445
60 5 0 444
60 5 1 429
60 5 2 439
60 6 0 439
60 6 1 434
60 6 2 450
60 7 0 431
60 7 1 416
60 7 2 429
60 8 0 394
60 8 1 433
60 8 2 442
60 9 0 414
60 9 1 413
60 9 2 447
80 0 0 794
80 0 1 786
80 0 2 810
80 1 0 795
80 1 1 761
80 1 2 760
80 2 0 808
80 2 1 803
80 2 2 793
80 3 0 811
80 3 1 789
80 3 2 790
80 4 0 774
80 4 1 720
80 4 2 786
80 5 0 791
80 5 1 776
80 5 2 818
80 6 0 791
80 6 1 759
80 6 2 734
80 7 0 763
80 7 1 808
80 7 2 789
80 8 0 760
80 8 1 784
80 8 2 774
80 9 0 798
80 9 1 776
80 9 2 791
100 0 0 1237
100 0 1 1264
100 0 2 1228
100 1 0 1243
100 1 1 1248
100 1 2 1257
100 2 0 1201
100 2 1 1214
100 2 2 1229
100 3 0 1205
100 3 1 1214
100 3 2 1240
100 4 0 1214
100 4 1 1212
100 4 2 1187
100 5 0 1204
100 5 1 1246
100 5 2 1249
100 6 0 1274
100 6 1 1225
100 6 2 1245
100 7 0 1185
100 7 1 1260
100 7 2 1236
100 8 0 1235
100 8 1 1192
100 8 2 1229
100 9 0 1202
100 9 1 1236
100 9 2 1248
60 0 3 445
60 0 4 431
60 0 5 446
60 0 6 384
60 0 7 453
60 0 8 449
60 0 9 407
60 0 10 457
60 1 3 387
60 1 4 415
60 1 5 435
60 1 6 435
60 1 7 435
60 1 8 456
60 1 9 437
60 1 10 435
60 2 3 413
60 2 4 443
60 2 5 445
60 2 6 452
60 2 7 351
60 2 8 454
60 2 9 446
60 2 10 424
60 3 3 427
60 3 4 434
60 3 5 426
60 3 6 417
60 3 7 427
60 3 8 441
60 3 9 476
60 3 10 461
60 4 3 447
60 4 4 446
60 4 5 423
60 4 6 436
60 4 7 401
60 4 8 394
60 4 9 442
60 4 10 438
60 5 3 452
60 5 4 430
60 5 5 430
60 5 6 465
60 5 7 464
60 5 8 454
60 5 9 424
60 5 10 449
60 6 3 435
60 6 4 432
60 6 5 445
60 6 6 449
60 6 7 431
60 6 8 449
60 6 9 451
60 6 10 438
60 7 3 445
60 7 4 442
60 7 5 453
60 7 6 429
60 7 7 438
60 7 8 452
60 7 9 444
60 7 10 436
60 8 3 453
60 8 4 438
60 8 5 455
60 8 6 451
60 8 7 411
60 8 8 442
60 8 9 434
60 8 10 443
60 9 3 439
60 9 4 421
60 9 5 432
60 9 6 439
60 9 7 452
60 9 8 433
60 9 9 438
60 9 10 458
80 0 3 820
80 0 4 739
80 0 5 800
80 0 6 771
80 0 7 755
80 0 8 768
80 0 9 813
80 0 10 807
80 1 3 705
80 1 4 775
80 1 5 657
80 1 6 786
80 1 7 761
80 1 8 780
80 1 9 782
80 1 10 715
80 2 3 795
80 2 4 804
80 2 5 771
80 2 6 792
80 2 7 788
80 2 8 813
80 2 9 779
80 2 10 778
80 3 3 813
80 3 4 795
80 3 5 770
80 3 6 759
80 3 7 775
80 3 8 776
80 3 9 788
80 3 10 789
80 4 3 788
80 4 4 796
80 4 5 792
80 4 6 751
80 4 7 788
80 4 8 734
80 4 9 783
80 4 10 666
80 5 3 788
80 5 4 767
80 5 5 789
80 5 6 802
80 5 7 791
80 5 8 800
80 5 9 789
80 5 10 800
80 6 3 739
80 6 4 796
80 6 5 699
80 6 6 755
80 6 7 784
80 6 8 799
80 6 9 786
80 6 10 782
80 7 3 788
80 7 4 808
80 7 5 790
80 7 6 771
80 7 7 747
80 7 8 771
80 7 9 762
80 7 10 780
80 8 3 772
80 8 4 722
80 8 5 783
80 8 6 798
80 8 7 779
80 8 8 794
80 8 9 794
80 8 10 699
80 9 3 790
80 9 4 794
80 9 5 758
80 9 6 812
80 9 7 824
80 9 8 787
80 9 9 822
80 9 10 747
100 0 3 1221
100 0 4 1251
100 0 5 1209
100 0 6 1236
100 0 7 1222
100 0 8 1259
100 0 9 1239
100 0 10 1223
100 1 3 1250
100 1 4 1204
100 1 5 1264
100 1 6 1190
100 1 7 1262
100 1 8 1228
100 1 9 1252
100 1 10 1245
100 2 3 1254
100 2 4 1242
100 2 5 1215
100 2 6 1220
100 2 7 1249
100 2 8 1239
100 2 9 1250
100 2 10 1243
100 3 3 1234
100 3 4 1190
100 3 5 1195
100 3 6 1228
100 3 7 1187
100 3 8 1239
100 3 9 1237
100 3 10 1238
100 4 3 1202
100 4 4 1205
100 4 5 1222
100 4 6 1191
100 4 7 1250
100 4 8 1214
100 4 9 1224
100 4 10 1232
100 5 3 1188
100 5 4 1212
100 5 5 1210
100 5 6 1271
100 5 7 1267
100 5 8 1255
100 5 9 1258
100 5 10 1278
100 6 3 1186
100 6 4 1241
100 6 5 1230
100 6 6 1240
100 6 7 1265
100 6 8 1276
100 6 9 1232
100 6 10 1237
100 7 3 1253
100 7 4 1227
100 7 5 1223
100 7 6 1244
100 7 7 1164
100 7 8 1228
100 7 9 1209
100 7 10 1219
100 8 3 1218
100 8 4 1207
100 8 5 1266
100 8 6 1228
100 8 7 1208
100 8 8 1260
100 8 9 1224
100 8 10 1240
100 9 3 1247
100 9 4 1238
100 9 5 1215
100 9 6 1264
100 9 7 1269
100 9 8 1268
100 9 9 1242
100 9 10 1234
