60 0 0 31
60 0 1 0
60 0 2 29
60 0 3 29
60 0 4 30
60 0 5 30
60 0 6 30
60 0 7 30
60 0 8 31
60 0 9 30
60 1 0 0
60 1 1 32
60 1 2 32
60 1 3 330
60 1 4 330
60 1 5 330
60 1 6 330
60 1 7 27
60 1 8 330
60 1 9 59
60 2 0 0
60 2 1 0
60 2 2 0
60 2 3 0
60 2 4 0
60 2 5 0
60 2 6 0
60 2 7 0
60 2 8 0
60 2 9 0
60 3 0 0
60 3 1 81
60 3 2 163
60 3 3 163
60 3 4 55
60 3 5 438
60 3 6 55
60 3 7 26
60 3 8 163
60 3 9 0
60 4 0 77
60 4 1 77
60 4 2 77
60 4 3 77
60 4 4 77
60 4 5 77
60 4 6 77
60 4 7 77
60 4 8 77
60 4 9 77
60 5 0 322
60 5 1 322
60 5 2 322
60 5 3 29
60 5 4 126
60 5 5 454
60 5 6 293
60 5 7 454
60 5 8 0
60 5 9 29
60 6 0 240
60 6 1 240
60 6 2 240
60 6 3 240
60 6 4 240
60 6 5 240
60 6 6 240
60 6 7 240
60 6 8 240
60 6 9 240
60 7 0 29
60 7 1 29
60 7 2 29
60 7 3 29
60 7 4 29
60 7 5 29
60 7 6 29
60 7 7 29
60 7 8 29
60 7 9 29
60 8 0 24
60 8 1 35
60 8 2 0
60 8 3 35
60 8 4 0
60 8 5 0
60 8 6 24
60 8 7 0
60 8 8 24
60 8 9 24
60 9 0 0
60 9 1 187
60 9 2 0
60 9 3 0
60 9 4 25
60 9 5 187
60 9 6 187
60 9 7 187
60 9 8 25
60 9 9 187
80 0 0 663
80 0 1 663
80 0 2 663
80 0 3 663
80 0 4 663
80 0 5 663
80 0 6 663
80 0 7 663
80 0 8 663
80 0 9 663
80 1 0 642
80 1 1 642
80 1 2 0
80 1 3 642
80 1 4 0
80 1 5 0
80 1 6 0
80 1 7 642
80 1 8 642
80 1 9 0
80 2 0 44
80 2 1 78
80 2 2 633
80 2 3 78
80 2 4 0
80 2 5 78
80 2 6 339
80 2 7 44
80 2 8 78
80 2 9 339
80 3 0 0
80 3 1 644
80 3 2 0
80 3 3 0
80 3 4 0
80 3 5 137
80 3 6 137
80 3 7 0
80 3 8 137
80 3 9 137
80 4 0 724
80 4 1 44
80 4 2 0
80 4 3 44
80 4 4 586
80 4 5 45
80 4 6 79
80 4 7 586
80 4 8 724
80 4 9 0
80 5 0 0
80 5 1 0
80 5 2 0
80 5 3 354
80 5 4 792
80 5 5 0
80 5 6 354
80 5 7 792
80 5 8 0
80 5 9 0
80 6 0 0
80 6 1 0
80 6 2 718
80 6 3 718
80 6 4 0
80 6 5 718
80 6 6 718
80 6 7 0
80 6 8 0
80 6 9 718
80 7 0 0
80 7 1 37
80 7 2 80
80 7 3 0
80 7 4 37
80 7 5 159
80 7 6 0
80 7 7 0
80 7 8 78
80 7 9 37
80 8 0 0
80 8 1 0
80 8 2 0
80 8 3 0
80 8 4 0
80 8 5 0
80 8 6 0
80 8 7 0
80 8 8 0
80 8 9 0
80 9 0 176
80 9 1 485
80 9 2 367
80 9 3 176
80 9 4 0
80 9 5 485
80 9 6 367
80 9 7 367
80 9 8 176
80 9 9 367
100 0 0 534
100 0 1 0
100 0 2 0
100 0 3 534
100 0 4 534
100 0 5 534
100 0 6 534
100 0 7 534
100 0 8 84
100 0 9 84
100 1 0 0
100 1 1 1183
100 1 2 52
100 1 3 133
100 1 4 52
100 1 5 133
100 1 6 52
100 1 7 52
100 1 8 133
100 1 9 0
100 2 0 1103
100 2 1 1103
100 2 2 1103
100 2 3 1103
100 2 4 1103
100 2 5 1103
100 2 6 1103
100 2 7 1103
100 2 8 1103
100 2 9 1103
100 3 0 1198
100 3 1 1198
100 3 2 1198
100 3 3 0
100 3 4 1198
100 3 5 1198
100 3 6 0
100 3 7 1198
100 3 8 0
100 3 9 1198
100 4 0 0
100 4 1 129
100 4 2 0
100 4 3 129
100 4 4 129
100 4 5 48
100 4 6 0
100 4 7 0
100 4 8 0
100 4 9 48
100 5 0 675
100 5 1 56
100 5 2 675
100 5 3 675
100 5 4 56
100 5 5 1046
100 5 6 56
100 5 7 1046
100 5 8 675
100 5 9 0
100 6 0 981
100 6 1 981
100 6 2 981
100 6 3 981
100 6 4 981
100 6 5 981
100 6 6 981
100 6 7 981
100 6 8 981
100 6 9 981
100 7 0 229
100 7 1 229
100 7 2 0
100 7 3 1156
100 7 4 0
100 7 5 1156
100 7 6 1156
100 7 7 0
100 7 8 1156
100 7 9 0
100 8 0 334
100 8 1 334
100 8 2 0
100 8 3 334
100 8 4 0
100 8 5 334
100 8 6 0
100 8 7 334
100 8 8 0
100 8 9 0
100 9 0 100
100 9 1 0
100 9 2 58
100 9 3 0
100 9 4 139
100 9 5 0
100 9 6 139
100 9 7 0
100 9 8 0
100 9 9 137
