60 0 0 422
60 0 1 410
60 0 2 428
60 1 0 435
60 1 1 422
60 1 2 453
60 2 0 443
60 2 1 433
60 2 2 449
60 3 0 428
60 3 1 423
60 3 2 448
60 4 0 442
60 4 1 410
60 4 2 449
60 5 0 425
60 5 1 435
60 5 2 444
60 6 0 454
60 6 1 417
60 6 2 431
60 7 0 442
60 7 1 430
60 7 2 446
60 8 0 445
60 8 1 479
60 8 2 447
60 9 0 449
60 9 1 436
60 9 2 440
80 0 0 800
80 0 1 777
80 0 2 727
80 1 0 774
80 1 1 786
80 1 2 795
80 2 0 703
80 2 1 792
80 2 2 797
80 3 0 707
80 3 1 812
80 3 2 806
80 4 0 767
80 4 1 783
80 4 2 678
80 5 0 792
80 5 1 785
80 5 2 790
80 6 0 779
80 6 1 790
80 6 2 796
80 7 0 782
80 7 1 781
80 7 2 797
80 8 0 797
80 8 1 800
80 8 2 831
80 9 0 798
80 9 1 755
80 9 2 813
100 0 0 1247
100 0 1 1259
100 0 2 1234
100 1 0 1228
100 1 1 1195
100 1 2 1282
100 2 0 1298
100 2 1 1231
100 2 2 1226
100 3 0 1211
100 3 1 1238
100 3 2 1227
100 4 0 1186
100 4 1 1221
100 4 2 1217
100 5 0 1269
100 5 1 1259
100 5 2 1165
100 6 0 1251
100 6 1 1243
100 6 2 1258
100 7 0 1245
100 7 1 1213
100 7 2 1221
100 8 0 1241
100 8 1 1214
100 8 2 1215
100 9 0 1223
100 9 1 1223
100 9 2 1261
60 0 3 442
60 0 4 438
60 0 5 437
60 0 6 446
60 0 7 399
60 0 8 443
60 0 9 447
60 0 10 416
60 1 3 430
60 1 4 416
60 1 5 435
60 1 6 428
60 1 7 451
60 1 8 431
60 1 9 431
60 1 10 450
60 2 3 423
60 2 4 457
60 2 5 424
60 2 6 451
60 2 7 430
60 2 8 452
60 2 9 424
60 2 10 444
60 3 3 403
60 3 4 429
60 3 5 460
60 3 6 427
60 3 7 437
60 3 8 454
60 3 9 447
60 3 10 442
60 4 3 448
60 4 4 453
60 4 5 421
60 4 6 426
60 4 7 440
60 4 8 426
60 4 9 452
60 4 10 407
60 5 3 444
60 5 4 458
60 5 5 417
60 5 6 407
60 5 7 440
60 5 8 451
60 5 9 443
60 5 10 433
60 6 3 429
60 6 4 449
60 6 5 411
60 6 6 444
60 6 7 416
60 6 8 462
60 6 9 446
60 6 10 419
60 7 3 406
60 7 4 456
60 7 5 453
60 7 6 415
60 7 7 400
60 7 8 437
60 7 9 440
60 7 10 454
60 8 3 383
60 8 4 455
60 8 5 434
60 8 6 406
60 8 7 457
60 8 8 447
60 8 9 436
60 8 10 417
60 9 3 430
60 9 4 455
60 9 5 438
60 9 6 445
60 9 7 417
60 9 8 428
60 9 9 401
60 9 10 442
80 0 3 788
80 0 4 784
80 0 5 789
80 0 6 780
80 0 7 800
80 0 8 798
80 0 9 761
80 0 10 798
80 1 3 820
80 1 4 791
80 1 5 697
80 1 6 818
80 1 7 781
80 1 8 777
80 1 9 735
80 1 10 781
80 2 3 800
80 2 4 799
80 2 5 788
80 2 6 813
80 2 7 806
80 2 8 783
80 2 9 750
80 2 10 803
80 3 3 780
80 3 4 785
80 3 5 785
80 3 6 695
80 3 7 809
80 3 8 799
80 3 9 759
80 3 10 821
80 4 3 764
80 4 4 784
80 4 5 765
80 4 6 811
80 4 7 728
80 4 8 783
80 4 9 781
80 4 10 800
80 5 3 806
80 5 4 764
80 5 5 801
80 5 6 783
80 5 7 791
80 5 8 799
80 5 9 808
80 5 10 716
80 6 3 799
80 6 4 774
80 6 5 667
80 6 6 784
80 6 7 794
80 6 8 792
80 6 9 794
80 6 10 783
80 7 3 773
80 7 4 783
80 7 5 745
80 7 6 786
80 7 7 749
80 7 8 773
80 7 9 736
80 7 10 740
80 8 3 802
80 8 4 771
80 8 5 779
80 8 6 767
80 8 7 780
80 8 8 791
80 8 9 789
80 8 10 775
80 9 3 792
80 9 4 788
80 9 5 821
80 9 6 794
80 9 7 803
80 9 8 795
80 9 9 790
80 9 10 745
100 0 3 1236
100 0 4 1207
100 0 5 1227
100 0 6 1237
100 0 7 1242
100 0 8 1177
100 0 9 1245
100 0 10 1208
100 1 3 1267
100 1 4 1200
100 1 5 1169
100 1 6 1235
100 1 7 1222
100 1 8 1220
100 1 9 1224
100 1 10 1234
100 2 3 1224
100 2 4 1217
100 2 5 1241
100 2 6 1229
100 2 7 1199
100 2 8 1215
100 2 9 1251
100 2 10 1236
100 3 3 1267
100 3 4 1238
100 3 5 1231
100 3 6 1200
100 3 7 1225
100 3 8 1207
100 3 9 1249
100 3 10 1266
100 4 3 1246
100 4 4 1260
100 4 5 1223
100 4 6 1228
100 4 7 1232
100 4 8 1199
100 4 9 1202
100 4 10 1233
100 5 3 1249
100 5 4 1221
100 5 5 1238
100 5 6 1124
100 5 7 1238
100 5 8 1249
100 5 9 1235
100 5 10 1231
100 6 3 1244
100 6 4 1202
100 6 5 1220
100 6 6 1221
100 6 7 1266
100 6 8 1222
100 6 9 1213
100 6 10 1269
100 7 3 1205
100 7 4 1216
100 7 5 1203
100 7 6 1194
100 7 7 1271
100 7 8 1245
100 7 9 1270
100 7 10 1248
100 8 3 1265
100 8 4 1228
100 8 5 1255
100 8 6 1217
100 8 7 1199
100 8 8 1268
100 8 9 1196
100 8 10 1260
100 9 3 1104
100 9 4 1228
100 9 5 1199
100 9 6 1221
100 9 7 1238
100 9 8 1220
100 9 9 1238
100 9 10 1164
