60 0 0 31
60 0 1 0
60 0 2 61
60 0 3 65
60 0 4 30
60 0 5 183
60 0 6 30
60 0 7 30
60 0 8 122
60 0 9 30
60 1 0 0
60 1 1 59
60 1 2 177
60 1 3 128
60 1 4 32
60 1 5 62
60 1 6 433
60 1 7 82
60 1 8 32
60 1 9 32
60 2 0 0
60 2 1 0
60 2 2 0
60 2 3 0
60 2 4 0
60 2 5 147
60 2 6 0
60 2 7 147
60 2 8 0
60 2 9 0
60 3 0 0
60 3 1 57
60 3 2 174
60 3 3 268
60 3 4 230
60 3 5 174
60 3 6 80
60 3 7 26
60 3 8 81
60 3 9 0
60 4 0 0
60 4 1 0
60 4 2 0
60 4 3 114
60 4 4 0
60 4 5 114
60 4 6 0
60 4 7 0
60 4 8 0
60 4 9 0
60 5 0 89
60 5 1 135
60 5 2 127
60 5 3 127
60 5 4 63
60 5 5 265
60 5 6 348
60 5 7 265
60 5 8 346
60 5 9 362
60 6 0 322
60 6 1 88
60 6 2 355
60 6 3 62
60 6 4 406
60 6 5 406
60 6 6 400
60 6 7 450
60 6 8 406
60 6 9 413
60 7 0 118
60 7 1 0
60 7 2 88
60 7 3 0
60 7 4 0
60 7 5 0
60 7 6 0
60 7 7 0
60 7 8 0
60 7 9 0
60 8 0 144
60 8 1 67
60 8 2 422
60 8 3 35
60 8 4 422
60 8 5 375
60 8 6 35
60 8 7 422
60 8 8 123
60 8 9 24
60 9 0 416
60 9 1 25
60 9 2 0
60 9 3 0
60 9 4 53
60 9 5 25
60 9 6 301
60 9 7 388
60 9 8 372
60 9 9 82
80 0 0 0
80 0 1 494
80 0 2 0
80 0 3 0
80 0 4 0
80 0 5 542
80 0 6 180
80 0 7 209
80 0 8 414
80 0 9 0
80 1 0 752
80 1 1 34
80 1 2 0
80 1 3 34
80 1 4 0
80 1 5 217
80 1 6 138
80 1 7 625
80 1 8 34
80 1 9 0
80 2 0 44
80 2 1 773
80 2 2 44
80 2 3 45
80 2 4 0
80 2 5 78
80 2 6 37
80 2 7 153
80 2 8 765
80 2 9 781
80 3 0 657
80 3 1 339
80 3 2 611
80 3 3 0
80 3 4 0
80 3 5 38
80 3 6 343
80 3 7 0
80 3 8 78
80 3 9 150
80 4 0 80
80 4 1 541
80 4 2 0
80 4 3 781
80 4 4 70
80 4 5 80
80 4 6 44
80 4 7 122
80 4 8 45
80 4 9 0
80 5 0 796
80 5 1 217
80 5 2 318
80 5 3 112
80 5 4 720
80 5 5 78
80 5 6 654
80 5 7 281
80 5 8 796
80 5 9 0
80 6 0 199
80 6 1 126
80 6 2 227
80 6 3 667
80 6 4 101
80 6 5 553
80 6 6 160
80 6 7 775
80 6 8 337
80 6 9 199
80 7 0 0
80 7 1 37
80 7 2 315
80 7 3 0
80 7 4 39
80 7 5 195
80 7 6 0
80 7 7 0
80 7 8 37
80 7 9 39
80 8 0 377
80 8 1 682
80 8 2 0
80 8 3 0
80 8 4 80
80 8 5 697
80 8 6 0
80 8 7 210
80 8 8 0
80 8 9 0
80 9 0 690
80 9 1 752
80 9 2 253
80 9 3 102
80 9 4 655
80 9 5 173
80 9 6 756
80 9 7 342
80 9 8 690
80 9 9 637
100 0 0 1203
100 0 1 0
100 0 2 319
100 0 3 1251
100 0 4 966
100 0 5 966
100 0 6 135
100 0 7 184
100 0 8 43
100 0 9 1146
100 1 0 0
100 1 1 241
100 1 2 52
100 1 3 447
100 1 4 52
100 1 5 1066
100 1 6 95
100 1 7 95
100 1 8 590
100 1 9 0
100 2 0 0
100 2 1 0
100 2 2 0
100 2 3 0
100 2 4 0
100 2 5 0
100 2 6 0
100 2 7 0
100 2 8 0
100 2 9 0
100 3 0 95
100 3 1 1131
100 3 2 95
100 3 3 0
100 3 4 95
100 3 5 189
100 3 6 0
100 3 7 95
100 3 8 0
100 3 9 95
100 4 0 0
100 4 1 45
100 4 2 0
100 4 3 45
100 4 4 45
100 4 5 48
100 4 6 0
100 4 7 0
100 4 8 0
100 4 9 80
100 5 0 108
100 5 1 56
100 5 2 108
100 5 3 108
100 5 4 56
100 5 5 52
100 5 6 56
100 5 7 52
100 5 8 1235
100 5 9 0
100 6 0 830
100 6 1 1181
100 6 2 1151
100 6 3 1223
100 6 4 1230
100 6 5 1230
100 6 6 1230
100 6 7 619
100 6 8 1193
100 6 9 1134
100 7 0 561
100 7 1 1161
100 7 2 0
100 7 3 50
100 7 4 0
100 7 5 50
100 7 6 749
100 7 7 0
100 7 8 50
100 7 9 286
100 8 0 1181
100 8 1 599
100 8 2 843
100 8 3 1242
100 8 4 94
100 8 5 430
100 8 6 476
100 8 7 998
100 8 8 1195
100 8 9 294
100 9 0 1144
100 9 1 0
100 9 2 1246
100 9 3 0
100 9 4 398
100 9 5 0
100 9 6 58
100 9 7 0
100 9 8 0
100 9 9 1182
