60 0 0 31
60 0 1 0
60 0 2 61
60 0 3 140
60 0 4 30
60 0 5 30
60 0 6 30
60 0 7 30
60 0 8 158
60 0 9 30
60 1 0 0
60 1 1 59
60 1 2 209
60 1 3 200
60 1 4 32
60 1 5 62
60 1 6 32
60 1 7 102
60 1 8 32
60 1 9 32
60 2 0 430
60 2 1 0
60 2 2 0
60 2 3 0
60 2 4 0
60 2 5 232
60 2 6 0
60 2 7 340
60 2 8 0
60 2 9 0
60 3 0 0
60 3 1 57
60 3 2 239
60 3 3 174
60 3 4 199
60 3 5 256
60 3 6 153
60 3 7 26
60 3 8 81
60 3 9 0
60 4 0 0
60 4 1 0
60 4 2 0
60 4 3 212
60 4 4 0
60 4 5 187
60 4 6 0
60 4 7 0
60 4 8 0
60 4 9 0
60 5 0 103
60 5 1 103
60 5 2 127
60 5 3 157
60 5 4 87
60 5 5 435
60 5 6 334
60 5 7 439
60 5 8 312
60 5 9 341
60 6 0 30
60 6 1 88
60 6 2 414
60 6 3 138
60 6 4 0
60 6 5 80
60 6 6 0
60 6 7 0
60 6 8 80
60 6 9 0
60 7 0 173
60 7 1 0
60 7 2 197
60 7 3 0
60 7 4 0
60 7 5 0
60 7 6 0
60 7 7 0
60 7 8 0
60 7 9 0
60 8 0 212
60 8 1 123
60 8 2 0
60 8 3 35
60 8 4 0
60 8 5 0
60 8 6 35
60 8 7 0
60 8 8 297
60 8 9 24
60 9 0 51
60 9 1 25
60 9 2 0
60 9 3 0
60 9 4 53
60 9 5 25
60 9 6 425
60 9 7 53
60 9 8 66
60 9 9 107
80 0 0 0
80 0 1 414
80 0 2 0
80 0 3 0
80 0 4 0
80 0 5 709
80 0 6 267
80 0 7 781
80 0 8 267
80 0 9 774
80 1 0 585
80 1 1 34
80 1 2 0
80 1 3 34
80 1 4 471
80 1 5 367
80 1 6 138
80 1 7 396
80 1 8 34
80 1 9 0
80 2 0 44
80 2 1 45
80 2 2 44
80 2 3 45
80 2 4 0
80 2 5 45
80 2 6 37
80 2 7 226
80 2 8 45
80 2 9 551
80 3 0 0
80 3 1 710
80 3 2 719
80 3 3 0
80 3 4 0
80 3 5 38
80 3 6 437
80 3 7 0
80 3 8 552
80 3 9 191
80 4 0 80
80 4 1 680
80 4 2 0
80 4 3 115
80 4 4 70
80 4 5 80
80 4 6 44
80 4 7 122
80 4 8 45
80 4 9 0
80 5 0 630
80 5 1 318
80 5 2 794
80 5 3 183
80 5 4 549
80 5 5 0
80 5 6 799
80 5 7 771
80 5 8 0
80 5 9 0
80 6 0 238
80 6 1 199
80 6 2 199
80 6 3 485
80 6 4 0
80 6 5 533
80 6 6 411
80 6 7 139
80 6 8 429
80 6 9 160
80 7 0 0
80 7 1 37
80 7 2 398
80 7 3 0
80 7 4 394
80 7 5 315
80 7 6 0
80 7 7 0
80 7 8 37
80 7 9 39
80 8 0 310
80 8 1 694
80 8 2 0
80 8 3 0
80 8 4 250
80 8 5 0
80 8 6 0
80 8 7 173
80 8 8 0
80 8 9 0
80 9 0 778
80 9 1 465
80 9 2 179
80 9 3 141
80 9 4 725
80 9 5 249
80 9 6 66
80 9 7 287
80 9 8 774
80 9 9 593
100 0 0 384
100 0 1 0
100 0 2 401
100 0 3 137
100 0 4 804
100 0 5 959
100 0 6 184
100 0 7 272
100 0 8 300
100 0 9 784
100 1 0 0
100 1 1 319
100 1 2 52
100 1 3 440
100 1 4 52
100 1 5 141
100 1 6 1159
100 1 7 150
100 1 8 141
100 1 9 0
100 2 0 0
100 2 1 0
100 2 2 0
100 2 3 0
100 2 4 0
100 2 5 0
100 2 6 0
100 2 7 0
100 2 8 0
100 2 9 0
100 3 0 95
100 3 1 1203
100 3 2 95
100 3 3 0
100 3 4 95
100 3 5 95
100 3 6 0
100 3 7 95
100 3 8 0
100 3 9 95
100 4 0 0
100 4 1 45
100 4 2 0
100 4 3 45
100 4 4 45
100 4 5 48
100 4 6 0
100 4 7 0
100 4 8 0
100 4 9 1076
100 5 0 108
100 5 1 56
100 5 2 108
100 5 3 108
100 5 4 56
100 5 5 52
100 5 6 56
100 5 7 52
100 5 8 705
100 5 9 0
100 6 0 842
100 6 1 1061
100 6 2 0
100 6 3 1247
100 6 4 550
100 6 5 44
100 6 6 0
100 6 7 377
100 6 8 1061
100 6 9 0
100 7 0 1243
100 7 1 106
100 7 2 0
100 7 3 50
100 7 4 0
100 7 5 50
100 7 6 547
100 7 7 939
100 7 8 50
100 7 9 1209
100 8 0 950
100 8 1 430
100 8 2 547
100 8 3 1125
100 8 4 0
100 8 5 334
100 8 6 432
100 8 7 784
100 8 8 0
100 8 9 294
100 9 0 1200
100 9 1 0
100 9 2 1227
100 9 3 0
100 9 4 479
100 9 5 0
100 9 6 58
100 9 7 0
100 9 8 0
100 9 9 1025
