60 0 0 438
60 0 1 387
60 0 2 447
60 1 0 392
60 1 1 439
60 1 2 418
60 2 0 432
60 2 1 438
60 2 2 454
60 3 0 438
60 3 1 416
60 3 2 432
60 4 0 417
60 4 1 445
60 4 2 434
60 5 0 441
60 5 1 425
60 5 2 430
60 6 0 438
60 6 1 464
60 6 2 447
60 7 0 441
60 7 1 443
60 7 2 430
60 8 0 395
60 8 1 448
60 8 2 472
60 9 0 447
60 9 1 450
60 9 2 426
80 0 0 751
80 0 1 799
80 0 2 782
80 1 0 768
80 1 1 786
80 1 2 809
80 2 0 777
80 2 1 665
80 2 2 798
80 3 0 775
80 3 1 790
80 3 2 779
80 4 0 784
80 4 1 784
80 4 2 767
80 5 0 803
80 5 1 767
80 5 2 809
80 6 0 767
80 6 1 768
80 6 2 788
80 7 0 795
80 7 1 768
80 7 2 751
80 8 0 788
80 8 1 826
80 8 2 770
80 9 0 783
80 9 1 763
80 9 2 781
100 0 0 1245
100 0 1 1222
100 0 2 1216
100 1 0 1181
100 1 1 1222
100 1 2 1224
100 2 0 1262
100 2 1 1242
100 2 2 1234
100 3 0 1202
100 3 1 1235
100 3 2 1238
100 4 0 1225
100 4 1 1259
100 4 2 1238
100 5 0 1232
100 5 1 1256
100 5 2 1211
100 6 0 1212
100 6 1 1246
100 6 2 1252
100 7 0 1242
100 7 1 1221
100 7 2 1237
100 8 0 1234
100 8 1 1168
100 8 2 1255
100 9 0 1135
100 9 1 1196
100 9 2 1231
60 0 3 431
60 0 4 465
60 0 5 447
60 0 6 445
60 0 7 433
60 0 8 445
60 0 9 461
60 0 10 431
60 1 3 442
60 1 4 367
60 1 5 446
60 1 6 468
60 1 7 450
60 1 8 441
60 1 9 443
60 1 10 439
60 2 3 430
60 2 4 424
60 2 5 448
60 2 6 437
60 2 7 424
60 2 8 389
60 2 9 468
60 2 10 369
60 3 3 425
60 3 4 427
60 3 5 423
60 3 6 458
60 3 7 438
60 3 8 360
60 3 9 447
60 3 10 428
60 4 3 422
60 4 4 414
60 4 5 418
60 4 6 431
60 4 7 442
60 4 8 445
60 4 9 436
60 4 10 380
60 5 3 411
60 5 4 446
60 5 5 447
60 5 6 433
60 5 7 434
60 5 8 427
60 5 9 406
60 5 10 442
60 6 3 444
60 6 4 453
60 6 5 412
60 6 6 434
60 6 7 455
60 6 8 348
60 6 9 441
60 6 10 438
60 7 3 410
60 7 4 425
60 7 5 453
60 7 6 444
60 7 7 391
60 7 8 428
60 7 9 453
60 7 10 446
60 8 3 444
60 8 4 452
60 8 5 431
60 8 6 425
60 8 7 453
60 8 8 436
60 8 9 421
60 8 10 435
60 9 3 452
60 9 4 442
60 9 5 424
60 9 6 449
60 9 7 441
60 9 8 419
60 9 9 417
60 9 10 445
80 0 3 764
80 0 4 749
80 0 5 774
80 0 6 780
80 0 7 805
80 0 8 767
80 0 9 806
80 0 10 765
80 1 3 787
80 1 4 797
80 1 5 750
80 1 6 772
80 1 7 797
80 1 8 795
80 1 9 815
80 1 10 793
80 2 3 785
80 2 4 775
80 2 5 762
80 2 6 747
80 2 7 760
80 2 8 790
80 2 9 771
80 2 10 794
80 3 3 782
80 3 4 760
80 3 5 750
80 3 6 807
80 3 7 787
80 3 8 794
80 3 9 772
80 3 10 763
80 4 3 767
80 4 4 791
80 4 5 750
80 4 6 782
80 4 7 775
80 4 8 801
80 4 9 795
80 4 10 776
80 5 3 736
80 5 4 789
80 5 5 797
80 5 6 756
80 5 7 798
80 5 8 784
80 5 9 819
80 5 10 793
80 6 3 788
80 6 4 761
80 6 5 802
80 6 6 796
80 6 7 733
80 6 8 784
80 6 9 793
80 6 10 771
80 7 3 786
80 7 4 781
80 7 5 806
80 7 6 776
80 7 7 770
80 7 8 780
80 7 9 738
80 7 10 783
80 8 3 779
80 8 4 769
80 8 5 766
80 8 6 779
80 8 7 719
80 8 8 806
80 8 9 782
80 8 10 805
80 9 3 795
80 9 4 778
80 9 5 812
80 9 6 794
80 9 7 808
80 9 8 761
80 9 9 819
80 9 10 777
100 0 3 1167
100 0 4 1219
100 0 5 1246
100 0 6 1245
100 0 7 1257
100 0 8 1255
100 0 9 1189
100 0 10 1189
100 1 3 1179
100 1 4 1229
100 1 5 1176
100 1 6 1146
100 1 7 1180
100 1 8 1239
100 1 9 1228
100 1 10 1229
100 2 3 1277
100 2 4 1237
100 2 5 1268
100 2 6 1213
100 2 7 1234
100 2 8 1237
100 2 9 1272
100 2 10 1237
100 3 3 1234
100 3 4 1239
100 3 5 1216
100 3 6 1187
100 3 7 1216
100 3 8 1201
100 3 9 1248
100 3 10 1215
100 4 3 1210
100 4 4 1254
100 4 5 1228
100 4 6 1264
100 4 7 1222
100 4 8 1179
100 4 9 1205
100 4 10 1215
100 5 3 1233
100 5 4 1266
100 5 5 1214
100 5 6 1201
100 5 7 1229
100 5 8 1214
100 5 9 1224
100 5 10 1218
100 6 3 1234
100 6 4 1181
100 6 5 1230
100 6 6 1235
100 6 7 1236
100 6 8 1245
100 6 9 1236
100 6 10 1176
100 7 3 1191
100 7 4 1264
100 7 5 1195
100 7 6 1278
100 7 7 1247
100 7 8 1247
100 7 9 1265
100 7 10 1194
100 8 3 1223
100 8 4 1233
100 8 5 1219
100 8 6 1240
100 8 7 1250
100 8 8 1251
100 8 9 1219
100 8 10 1233
100 9 3 1179
100 9 4 1237
100 9 5 1220
100 9 6 1135
100 9 7 1263
100 9 8 1242
100 9 9 1252
100 9 10 1247
