60 0 0 455
60 0 1 459
60 0 2 431
60 1 0 446
60 1 1 422
60 1 2 402
60 2 0 425
60 2 1 418
60 2 2 413
60 3 0 297
60 3 1 460
60 3 2 433
60 4 0 422
60 4 1 461
60 4 2 443
60 5 0 450
60 5 1 413
60 5 2 435
60 6 0 426
60 6 1 448
60 6 2 446
60 7 0 448
60 7 1 444
60 7 2 450
60 8 0 464
60 8 1 463
60 8 2 424
60 9 0 417
60 9 1 422
60 9 2 456
80 0 0 790
80 0 1 789
80 0 2 685
80 1 0 751
80 1 1 778
80 1 2 753
80 2 0 683
80 2 1 762
80 2 2 800
80 3 0 809
80 3 1 813
80 3 2 779
80 4 0 794
80 4 1 776
80 4 2 820
80 5 0 809
80 5 1 767
80 5 2 763
80 6 0 779
80 6 1 756
80 6 2 801
80 7 0 776
80 7 1 767
80 7 2 774
80 8 0 675
80 8 1 773
80 8 2 757
80 9 0 776
80 9 1 784
80 9 2 789
100 0 0 1265
100 0 1 1238
100 0 2 1238
100 1 0 1260
100 1 1 1260
100 1 2 1244
100 2 0 1257
100 2 1 1134
100 2 2 1231
100 3 0 1178
100 3 1 1224
100 3 2 1248
100 4 0 1213
100 4 1 1170
100 4 2 1267
100 5 0 1234
100 5 1 1244
100 5 2 1264
100 6 0 1207
100 6 1 1236
100 6 2 1222
100 7 0 1207
100 7 1 1189
100 7 2 1226
100 8 0 1240
100 8 1 1249
100 8 2 1245
100 9 0 1268
100 9 1 1238
100 9 2 1237
60 0 3 441
60 0 4 423
60 0 5 374
60 0 6 459
60 0 7 442
60 0 8 461
60 0 9 430
60 0 10 392
60 1 3 392
60 1 4 454
60 1 5 393
60 1 6 428
60 1 7 431
60 1 8 441
60 1 9 445
60 1 10 450
60 2 3 441
60 2 4 421
60 2 5 444
60 2 6 442
60 2 7 463
60 2 8 431
60 2 9 452
60 2 10 424
60 3 3 462
60 3 4 432
60 3 5 444
60 3 6 421
60 3 7 456
60 3 8 413
60 3 9 422
60 3 10 432
60 4 3 426
60 4 4 391
60 4 5 446
60 4 6 441
60 4 7 421
60 4 8 356
60 4 9 413
60 4 10 461
60 5 3 435
60 5 4 463
60 5 5 444
60 5 6 426
60 5 7 440
60 5 8 426
60 5 9 461
60 5 10 453
60 6 3 455
60 6 4 448
60 6 5 449
60 6 6 435
60 6 7 408
60 6 8 412
60 6 9 452
60 6 10 447
60 7 3 413
60 7 4 461
60 7 5 429
60 7 6 440
60 7 7 429
60 7 8 456
60 7 9 442
60 7 10 418
60 8 3 450
60 8 4 446
60 8 5 424
60 8 6 434
60 8 7 463
60 8 8 464
60 8 9 431
60 8 10 434
60 9 3 449
60 9 4 407
60 9 5 436
60 9 6 451
60 9 7 445
60 9 8 420
60 9 9 442
60 9 10 438
80 0 3 738
80 0 4 790
80 0 5 767
80 0 6 802
80 0 7 753
80 0 8 791
80 0 9 772
80 0 10 795
80 1 3 800
80 1 4 805
80 1 5 787
80 1 6 718
80 1 7 807
80 1 8 788
80 1 9 800
80 1 10 799
80 2 3 762
80 2 4 780
80 2 5 782
80 2 6 753
80 2 7 783
80 2 8 827
80 2 9 801
80 2 10 790
80 3 3 810
80 3 4 773
80 3 5 815
80 3 6 786
80 3 7 733
80 3 8 736
80 3 9 746
80 3 10 744
80 4 3 802
80 4 4 749
80 4 5 755
80 4 6 800
80 4 7 756
80 4 8 806
80 4 9 803
80 4 10 810
80 5 3 813
80 5 4 784
80 5 5 799
80 5 6 784
80 5 7 768
80 5 8 760
80 5 9 793
80 5 10 784
80 6 3 805
80 6 4 789
80 6 5 801
80 6 6 798
80 6 7 779
80 6 8 801
80 6 9 789
80 6 10 779
80 7 3 809
80 7 4 749
80 7 5 754
80 7 6 794
80 7 7 815
80 7 8 787
80 7 9 804
80 7 10 788
80 8 3 788
80 8 4 789
80 8 5 750
80 8 6 801
80 8 7 798
80 8 8 759
80 8 9 789
80 8 10 832
80 9 3 800
80 9 4 799
80 9 5 799
80 9 6 783
80 9 7 795
80 9 8 802
80 9 9 768
80 9 10 788
100 0 3 1181
100 0 4 1250
100 0 5 1260
100 0 6 1226
100 0 7 1242
100 0 8 1251
100 0 9 1244
100 0 10 1223
100 1 3 1244
100 1 4 1226
100 1 5 1190
100 1 6 1241
100 1 7 1255
100 1 8 1247
100 1 9 1249
100 1 10 1235
100 2 3 1262
100 2 4 1238
100 2 5 1179
100 2 6 1205
100 2 7 1138
100 2 8 1229
100 2 9 1224
100 2 10 1240
100 3 3 1214
100 3 4 1258
100 3 5 1218
100 3 6 1230
100 3 7 1247
100 3 8 1235
100 3 9 1236
100 3 10 1235
100 4 3 1223
100 4 4 1241
100 4 5 1240
100 4 6 1245
100 4 7 1241
100 4 8 1185
100 4 9 1227
100 4 10 1180
100 5 3 1237
100 5 4 1232
100 5 5 1168
100 5 6 1214
100 5 7 1223
100 5 8 1267
100 5 9 1236
100 5 10 1275
100 6 3 1217
100 6 4 1206
100 6 5 1246
100 6 6 1187
100 6 7 1236
100 6 8 1198
100 6 9 1248
100 6 10 1220
100 7 3 1262
100 7 4 1273
100 7 5 1138
100 7 6 1266
100 7 7 1236
100 7 8 1202
100 7 9 1240
100 7 10 1248
100 8 3 1268
100 8 4 1254
100 8 5 1221
100 8 6 1261
100 8 7 1222
100 8 8 1254
100 8 9 1252
100 8 10 1208
100 9 3 1228
100 9 4 1229
100 9 5 1217
100 9 6 1184
100 9 7 1225
100 9 8 1229
100 9 9 1176
100 9 10 1260
