60 0 0 412
60 0 1 468
60 0 2 434
60 1 0 431
60 1 1 453
60 1 2 439
60 2 0 433
60 2 1 422
60 2 2 425
60 3 0 443
60 3 1 457
60 3 2 421
60 4 0 452
60 4 1 441
60 4 2 446
60 5 0 395
60 5 1 413
60 5 2 428
60 6 0 458
60 6 1 433
60 6 2 432
60 7 0 443
60 7 1 415
60 7 2 441
60 8 0 425
60 8 1 433
60 8 2 415
60 9 0 450
60 9 1 421
60 9 2 442
80 0 0 774
80 0 1 807
80 0 2 762
80 1 0 790
80 1 1 796
80 1 2 767
80 2 0 792
80 2 1 803
80 2 2 785
80 3 0 782
80 3 1 755
80 3 2 752
80 4 0 781
80 4 1 794
80 4 2 748
80 5 0 632
80 5 1 743
80 5 2 799
80 6 0 799
80 6 1 768
80 6 2 787
80 7 0 786
80 7 1 787
80 7 2 772
80 8 0 744
80 8 1 790
80 8 2 816
80 9 0 810
80 9 1 805
80 9 2 784
100 0 0 1225
100 0 1 1225
100 0 2 1263
100 1 0 1269
100 1 1 1233
100 1 2 1232
100 2 0 1237
100 2 1 1232
100 2 2 1194
100 3 0 1220
100 3 1 1200
100 3 2 1223
100 4 0 1194
100 4 1 1245
100 4 2 1242
100 5 0 1259
100 5 1 1131
100 5 2 1182
100 6 0 1225
100 6 1 1231
100 6 2 1237
100 7 0 1215
100 7 1 1238
100 7 2 1236
100 8 0 1158
100 8 1 1273
100 8 2 1224
100 9 0 1167
100 9 1 1142
100 9 2 1244
60 0 3 425
60 0 4 454
60 0 5 458
60 0 6 437
60 0 7 351
60 0 8 434
60 0 9 429
60 0 10 417
60 1 3 423
60 1 4 434
60 1 5 424
60 1 6 436
60 1 7 444
60 1 8 437
60 1 9 444
60 1 10 447
60 2 3 403
60 2 4 454
60 2 5 446
60 2 6 451
60 2 7 430
60 2 8 392
60 2 9 438
60 2 10 440
60 3 3 430
60 3 4 409
60 3 5 455
60 3 6 427
60 3 7 414
60 3 8 420
60 3 9 401
60 3 10 452
60 4 3 430
60 4 4 442
60 4 5 441
60 4 6 429
60 4 7 432
60 4 8 450
60 4 9 436
60 4 10 445
60 5 3 414
60 5 4 425
60 5 5 435
60 5 6 462
60 5 7 458
60 5 8 458
60 5 9 445
60 5 10 459
60 6 3 425
60 6 4 454
60 6 5 429
60 6 6 411
60 6 7 453
60 6 8 462
60 6 9 457
60 6 10 409
60 7 3 436
60 7 4 466
60 7 5 476
60 7 6 445
60 7 7 417
60 7 8 452
60 7 9 444
60 7 10 440
60 8 3 444
60 8 4 437
60 8 5 418
60 8 6 434
60 8 7 447
60 8 8 419
60 8 9 457
60 8 10 389
60 9 3 433
60 9 4 411
60 9 5 447
60 9 6 454
60 9 7 427
60 9 8 442
60 9 9 443
60 9 10 402
80 0 3 757
80 0 4 767
80 0 5 765
80 0 6 754
80 0 7 770
80 0 8 791
80 0 9 794
80 0 10 780
80 1 3 783
80 1 4 786
80 1 5 769
80 1 6 807
80 1 7 751
80 1 8 785
80 1 9 745
80 1 10 777
80 2 3 658
80 2 4 784
80 2 5 794
80 2 6 804
80 2 7 779
80 2 8 782
80 2 9 745
80 2 10 764
80 3 3 802
80 3 4 780
80 3 5 778
80 3 6 792
80 3 7 743
80 3 8 787
80 3 9 789
80 3 10 787
80 4 3 779
80 4 4 675
80 4 5 778
80 4 6 782
80 4 7 785
80 4 8 732
80 4 9 767
80 4 10 788
80 5 3 785
80 5 4 785
80 5 5 799
80 5 6 790
80 5 7 806
80 5 8 768
80 5 9 787
80 5 10 793
80 6 3 792
80 6 4 802
80 6 5 801
80 6 6 792
80 6 7 790
80 6 8 799
80 6 9 786
80 6 10 749
80 7 3 792
80 7 4 780
80 7 5 735
80 7 6 792
80 7 7 797
80 7 8 736
80 7 9 805
80 7 10 769
80 8 3 791
80 8 4 779
80 8 5 824
80 8 6 788
80 8 7 786
80 8 8 771
80 8 9 754
80 8 10 799
80 9 3 766
80 9 4 725
80 9 5 704
80 9 6 790
80 9 7 785
80 9 8 773
80 9 9 726
80 9 10 772
100 0 3 1261
100 0 4 1165
100 0 5 1222
100 0 6 1188
100 0 7 1248
100 0 8 1222
100 0 9 1228
100 0 10 1253
100 1 3 1232
100 1 4 1235
100 1 5 1223
100 1 6 1203
100 1 7 1184
100 1 8 1254
100 1 9 1186
100 1 10 1265
100 2 3 1252
100 2 4 1255
100 2 5 1215
100 2 6 1136
100 2 7 1206
100 2 8 1272
100 2 9 1219
100 2 10 1263
100 3 3 1228
100 3 4 1219
100 3 5 1250
100 3 6 1256
100 3 7 1138
100 3 8 1189
100 3 9 1247
100 3 10 1182
100 4 3 1221
100 4 4 1218
100 4 5 1150
100 4 6 1210
100 4 7 1221
100 4 8 1221
100 4 9 1270
100 4 10 1217
100 5 3 1260
100 5 4 1214
100 5 5 1174
100 5 6 1260
100 5 7 1217
100 5 8 1244
100 5 9 1190
100 5 10 1225
100 6 3 1230
100 6 4 1225
100 6 5 1163
100 6 6 1245
100 6 7 1176
100 6 8 1230
100 6 9 1232
100 6 10 1242
100 7 3 1263
100 7 4 1200
100 7 5 1230
100 7 6 1261
100 7 7 1214
100 7 8 1168
100 7 9 1230
100 7 10 1225
100 8 3 1248
100 8 4 1273
100 8 5 1209
100 8 6 1246
100 8 7 1175
100 8 8 1219
100 8 9 1200
100 8 10 1242
100 9 3 1222
100 9 4 1152
100 9 5 1210
100 9 6 1225
100 9 7 1203
100 9 8 1222
100 9 9 1113
100 9 10 1208
