60 0 0 217
60 0 1 166
60 0 2 162
60 0 3 162
60 0 4 94
60 0 5 94
60 0 6 94
60 0 7 94
60 0 8 217
60 0 9 94
60 1 0 186
60 1 1 239
60 1 2 239
60 1 3 370
60 1 4 370
60 1 5 370
60 1 6 370
60 1 7 223
60 1 8 370
60 1 9 177
60 2 0 88
60 2 1 88
60 2 2 88
60 2 3 88
60 2 4 88
60 2 5 88
60 2 6 88
60 2 7 88
60 2 8 88
60 2 9 88
60 3 0 183
60 3 1 195
60 3 2 378
60 3 3 378
60 3 4 244
60 3 5 134
60 3 6 244
60 3 7 157
60 3 8 378
60 3 9 183
60 4 0 88
60 4 1 88
60 4 2 88
60 4 3 88
60 4 4 88
60 4 5 88
60 4 6 88
60 4 7 88
60 4 8 88
60 4 9 88
60 5 0 97
60 5 1 97
60 5 2 97
60 5 3 183
60 5 4 420
60 5 5 262
60 5 6 192
60 5 7 262
60 5 8 118
60 5 9 183
60 6 0 62
60 6 1 62
60 6 2 62
60 6 3 62
60 6 4 62
60 6 5 62
60 6 6 62
60 6 7 62
60 6 8 62
60 6 9 62
60 7 0 88
60 7 1 88
60 7 2 88
60 7 3 88
60 7 4 88
60 7 5 88
60 7 6 88
60 7 7 88
60 7 8 88
60 7 9 88
60 8 0 123
60 8 1 112
60 8 2 115
60 8 3 112
60 8 4 115
60 8 5 115
60 8 6 123
60 8 7 115
60 8 8 123
60 8 9 123
60 9 0 117
60 9 1 346
60 9 2 117
60 9 3 117
60 9 4 142
60 9 5 346
60 9 6 346
60 9 7 346
60 9 8 142
60 9 9 346
80 0 0 79
80 0 1 79
80 0 2 79
80 0 3 79
80 0 4 79
80 0 5 79
80 0 6 79
80 0 7 79
80 0 8 79
80 0 9 79
80 1 0 104
80 1 1 104
80 1 2 138
80 1 3 104
80 1 4 138
80 1 5 138
80 1 6 138
80 1 7 104
80 1 8 104
80 1 9 138
80 2 0 292
80 2 1 154
80 2 2 415
80 2 3 154
80 2 4 231
80 2 5 154
80 2 6 760
80 2 7 292
80 2 8 154
80 2 9 760
80 3 0 157
80 3 1 521
80 3 2 157
80 3 3 157
80 3 4 157
80 3 5 383
80 3 6 383
80 3 7 157
80 3 8 383
80 3 9 383
80 4 0 152
80 4 1 314
80 4 2 230
80 4 3 314
80 4 4 175
80 4 5 187
80 4 6 283
80 4 7 175
80 4 8 152
80 4 9 230
80 5 0 147
80 5 1 147
80 5 2 147
80 5 3 156
80 5 4 106
80 5 5 147
80 5 6 156
80 5 7 106
80 5 8 147
80 5 9 147
80 6 0 160
80 6 1 160
80 6 2 85
80 6 3 85
80 6 4 160
80 6 5 85
80 6 6 85
80 6 7 160
80 6 8 160
80 6 9 85
80 7 0 174
80 7 1 282
80 7 2 237
80 7 3 174
80 7 4 282
80 7 5 309
80 7 6 174
80 7 7 174
80 7 8 177
80 7 9 282
80 8 0 80
80 8 1 80
80 8 2 80
80 8 3 80
80 8 4 80
80 8 5 80
80 8 6 80
80 8 7 80
80 8 8 80
80 8 9 80
80 9 0 461
80 9 1 699
80 9 2 720
80 9 3 461
80 9 4 172
80 9 5 699
80 9 6 720
80 9 7 720
80 9 8 461
80 9 9 720
100 0 0 1263
100 0 1 319
100 0 2 319
100 0 3 1263
100 0 4 1263
100 0 5 1263
100 0 6 1263
100 0 7 1263
100 0 8 183
100 0 9 183
100 1 0 366
100 1 1 188
100 1 2 227
100 1 3 272
100 1 4 227
100 1 5 272
100 1 6 227
100 1 7 227
100 1 8 272
100 1 9 366
100 2 0 152
100 2 1 152
100 2 2 152
100 2 3 152
100 2 4 152
100 2 5 152
100 2 6 152
100 2 7 152
100 2 8 152
100 2 9 152
100 3 0 141
100 3 1 141
100 3 2 141
100 3 3 236
100 3 4 141
100 3 5 141
100 3 6 236
100 3 7 141
100 3 8 236
100 3 9 141
100 4 0 280
100 4 1 196
100 4 2 280
100 4 3 196
100 4 4 196
100 4 5 232
100 4 6 280
100 4 7 280
100 4 8 280
100 4 9 232
100 5 0 113
100 5 1 208
100 5 2 113
100 5 3 113
100 5 4 208
100 5 5 169
100 5 6 208
100 5 7 169
100 5 8 113
100 5 9 309
100 6 0 100
100 6 1 100
100 6 2 100
100 6 3 100
100 6 4 100
100 6 5 100
100 6 6 100
100 6 7 100
100 6 8 100
100 6 9 100
100 7 0 1094
100 7 1 1094
100 7 2 250
100 7 3 640
100 7 4 250
100 7 5 640
100 7 6 640
100 7 7 250
100 7 8 640
100 7 9 250
100 8 0 828
100 8 1 828
100 8 2 152
100 8 3 828
100 8 4 152
100 8 5 828
100 8 6 152
100 8 7 828
100 8 8 152
100 8 9 152
100 9 0 271
100 9 1 327
100 9 2 358
100 9 3 327
100 9 4 279
100 9 5 327
100 9 6 279
100 9 7 327
100 9 8 327
100 9 9 190
