60 0 0 459
60 0 1 433
60 0 2 443
60 1 0 442
60 1 1 444
60 1 2 440
60 2 0 457
60 2 1 435
60 2 2 447
60 3 0 435
60 3 1 450
60 3 2 442
60 4 0 399
60 4 1 455
60 4 2 415
60 5 0 441
60 5 1 437
60 5 2 407
60 6 0 390
60 6 1 448
60 6 2 415
60 7 0 447
60 7 1 391
60 7 2 437
60 8 0 445
60 8 1 436
60 8 2 456
60 9 0 407
60 9 1 445
60 9 2 425
80 0 0 805
80 0 1 783
80 0 2 776
80 1 0 793
80 1 1 782
80 1 2 818
80 2 0 759
80 2 1 752
80 2 2 795
80 3 0 772
80 3 1 791
80 3 2 800
80 4 0 776
80 4 1 779
80 4 2 766
80 5 0 806
80 5 1 818
80 5 2 756
80 6 0 807
80 6 1 779
80 6 2 791
80 7 0 802
80 7 1 784
80 7 2 775
80 8 0 741
80 8 1 779
80 8 2 808
80 9 0 772
80 9 1 782
80 9 2 811
100 0 0 1229
100 0 1 1233
100 0 2 1212
100 1 0 1154
100 1 1 1225
100 1 2 1227
100 2 0 1236
100 2 1 1238
100 2 2 1241
100 3 0 1136
100 3 1 1241
100 3 2 1191
100 4 0 1272
100 4 1 1039
100 4 2 1231
100 5 0 1237
100 5 1 1161
100 5 2 1225
100 6 0 1215
100 6 1 1223
100 6 2 1200
100 7 0 1227
100 7 1 1206
100 7 2 1252
100 8 0 1218
100 8 1 1239
100 8 2 1232
100 9 0 1208
100 9 1 1243
100 9 2 1228
60 0 3 393
60 0 4 429
60 0 5 452
60 0 6 442
60 0 7 444
60 0 8 370
60 0 9 445
60 0 10 435
60 1 3 446
60 1 4 443
60 1 5 438
60 1 6 444
60 1 7 430
60 1 8 438
60 1 9 448
60 1 10 431
60 2 3 455
60 2 4 397
60 2 5 424
60 2 6 447
60 2 7 427
60 2 8 451
60 2 9 418
60 2 10 421
60 3 3 461
60 3 4 456
60 3 5 425
60 3 6 430
60 3 7 396
60 3 8 414
60 3 9 471
60 3 10 451
60 4 3 431
60 4 4 447
60 4 5 446
60 4 6 453
60 4 7 457
60 4 8 438
60 4 9 440
60 4 10 434
60 5 3 437
60 5 4 455
60 5 5 449
60 5 6 428
60 5 7 383
60 5 8 442
60 5 9 439
60 5 10 453
60 6 3 456
60 6 4 431
60 6 5 446
60 6 6 446
60 6 7 444
60 6 8 437
60 6 9 440
60 6 10 445
60 7 3 425
60 7 4 440
60 7 5 455
60 7 6 453
60 7 7 363
60 7 8 449
60 7 9 439
60 7 10 452
60 8 3 447
60 8 4 430
60 8 5 438
60 8 6 445
60 8 7 432
60 8 8 446
60 8 9 442
60 8 10 409
60 9 3 459
60 9 4 463
60 9 5 440
60 9 6 439
60 9 7 457
60 9 8 422
60 9 9 445
60 9 10 426
80 0 3 746
80 0 4 787
80 0 5 785
80 0 6 801
80 0 7 798
80 0 8 788
80 0 9 781
80 0 10 756
80 1 3 801
80 1 4 723
80 1 5 810
80 1 6 797
80 1 7 705
80 1 8 803
80 1 9 771
80 1 10 696
80 2 3 782
80 2 4 804
80 2 5 789
80 2 6 782
80 2 7 777
80 2 8 800
80 2 9 716
80 2 10 771
80 3 3 801
80 3 4 800
80 3 5 753
80 3 6 779
80 3 7 767
80 3 8 772
80 3 9 797
80 3 10 797
80 4 3 791
80 4 4 729
80 4 5 787
80 4 6 748
80 4 7 738
80 4 8 783
80 4 9 792
80 4 10 761
80 5 3 746
80 5 4 764
80 5 5 784
80 5 6 775
80 5 7 772
80 5 8 766
80 5 9 776
80 5 10 789
80 6 3 761
80 6 4 806
80 6 5 769
80 6 6 739
80 6 7 785
80 6 8 797
80 6 9 790
80 6 10 779
80 7 3 746
80 7 4 759
80 7 5 769
80 7 6 820
80 7 7 808
80 7 8 778
80 7 9 789
80 7 10 805
80 8 3 823
80 8 4 768
80 8 5 781
80 8 6 749
80 8 7 795
80 8 8 795
80 8 9 713
80 8 10 788
80 9 3 786
80 9 4 740
80 9 5 764
80 9 6 798
80 9 7 759
80 9 8 794
80 9 9 768
80 9 10 799
100 0 3 1220
100 0 4 1211
100 0 5 1203
100 0 6 1194
100 0 7 1216
100 0 8 1255
100 0 9 1249
100 0 10 1247
100 1 3 1222
100 1 4 1229
100 1 5 1243
100 1 6 1266
100 1 7 1203
100 1 8 1254
100 1 9 1261
100 1 10 1259
100 2 3 1235
100 2 4 1151
100 2 5 1213
100 2 6 1240
100 2 7 1236
100 2 8 1198
100 2 9 1256
100 2 10 1257
100 3 3 1253
100 3 4 1265
100 3 5 1219
100 3 6 1235
100 3 7 1204
100 3 8 1241
100 3 9 1211
100 3 10 1273
100 4 3 1226
100 4 4 1247
100 4 5 1178
100 4 6 1163
100 4 7 1234
100 4 8 1236
100 4 9 1187
100 4 10 1217
100 5 3 1236
100 5 4 1167
100 5 5 1202
100 5 6 1255
100 5 7 1220
100 5 8 1236
100 5 9 1282
100 5 10 1248
100 6 3 1217
100 6 4 1201
100 6 5 1229
100 6 6 1248
100 6 7 1261
100 6 8 1262
100 6 9 1245
100 6 10 1177
100 7 3 1274
100 7 4 1249
100 7 5 1229
100 7 6 1246
100 7 7 1148
100 7 8 1255
100 7 9 1269
100 7 10 1238
100 8 3 1228
100 8 4 1232
100 8 5 1199
100 8 6 1237
100 8 7 1237
100 8 8 1219
100 8 9 1244
100 8 10 1207
100 9 3 1269
100 9 4 1281
100 9 5 1249
100 9 6 1111
100 9 7 1216
100 9 8 1209
100 9 9 1105
100 9 10 1236
