60 0 0 413
60 0 1 414
60 0 2 430
60 1 0 423
60 1 1 438
60 1 2 445
60 2 0 431
60 2 1 452
60 2 2 447
60 3 0 448
60 3 1 433
60 3 2 380
60 4 0 430
60 4 1 436
60 4 2 417
60 5 0 429
60 5 1 439
60 5 2 421
60 6 0 459
60 6 1 442
60 6 2 438
60 7 0 421
60 7 1 363
60 7 2 447
60 8 0 434
60 8 1 453
60 8 2 387
60 9 0 443
60 9 1 427
60 9 2 462
80 0 0 776
80 0 1 789
80 0 2 809
80 1 0 838
80 1 1 760
80 1 2 586
80 2 0 810
80 2 1 745
80 2 2 808
80 3 0 786
80 3 1 765
80 3 2 814
80 4 0 761
80 4 1 742
80 4 2 766
80 5 0 800
80 5 1 751
80 5 2 820
80 6 0 803
80 6 1 817
80 6 2 782
80 7 0 688
80 7 1 818
80 7 2 804
80 8 0 777
80 8 1 814
80 8 2 786
80 9 0 758
80 9 1 781
80 9 2 794
100 0 0 1274
100 0 1 1219
100 0 2 1222
100 1 0 1231
100 1 1 1201
100 1 2 1197
100 2 0 1248
100 2 1 1220
100 2 2 1234
100 3 0 1228
100 3 1 1218
100 3 2 1237
100 4 0 1213
100 4 1 1252
100 4 2 1233
100 5 0 1241
100 5 1 1273
100 5 2 1223
100 6 0 1242
100 6 1 1226
100 6 2 1234
100 7 0 1250
100 7 1 1228
100 7 2 1262
100 8 0 1231
100 8 1 1239
100 8 2 1205
100 9 0 1215
100 9 1 1015
100 9 2 1200
60 0 3 431
60 0 4 445
60 0 5 445
60 0 6 423
60 0 7 415
60 0 8 447
60 0 9 383
60 0 10 457
60 1 3 447
60 1 4 415
60 1 5 435
60 1 6 424
60 1 7 449
60 1 8 453
60 1 9 430
60 1 10 435
60 2 3 440
60 2 4 461
60 2 5 458
60 2 6 449
60 2 7 455
60 2 8 427
60 2 9 434
60 2 10 425
60 3 3 422
60 3 4 462
60 3 5 436
60 3 6 393
60 3 7 465
60 3 8 428
60 3 9 424
60 3 10 435
60 4 3 457
60 4 4 411
60 4 5 397
60 4 6 407
60 4 7 435
60 4 8 392
60 4 9 451
60 4 10 376
60 5 3 443
60 5 4 409
60 5 5 478
60 5 6 403
60 5 7 419
60 5 8 432
60 5 9 447
60 5 10 465
60 6 3 424
60 6 4 461
60 6 5 453
60 6 6 437
60 6 7 445
60 6 8 441
60 6 9 413
60 6 10 447
60 7 3 437
60 7 4 446
60 7 5 447
60 7 6 439
60 7 7 439
60 7 8 438
60 7 9 425
60 7 10 405
60 8 3 434
60 8 4 414
60 8 5 440
60 8 6 412
60 8 7 409
60 8 8 440
60 8 9 413
60 8 10 444
60 9 3 444
60 9 4 452
60 9 5 446
60 9 6 421
60 9 7 461
60 9 8 443
60 9 9 428
60 9 10 443
80 0 3 813
80 0 4 781
80 0 5 757
80 0 6 743
80 0 7 694
80 0 8 785
80 0 9 767
80 0 10 798
80 1 3 802
80 1 4 790
80 1 5 817
80 1 6 777
80 1 7 784
80 1 8 761
80 1 9 768
80 1 10 797
80 2 3 741
80 2 4 803
80 2 5 778
80 2 6 774
80 2 7 814
80 2 8 777
80 2 9 773
80 2 10 767
80 3 3 789
80 3 4 790
80 3 5 793
80 3 6 775
80 3 7 763
80 3 8 802
80 3 9 757
80 3 10 802
80 4 3 750
80 4 4 759
80 4 5 772
80 4 6 794
80 4 7 787
80 4 8 777
80 4 9 801
80 4 10 778
80 5 3 784
80 5 4 793
80 5 5 782
80 5 6 802
80 5 7 796
80 5 8 815
80 5 9 755
80 5 10 780
80 6 3 818
80 6 4 788
80 6 5 720
80 6 6 680
80 6 7 795
80 6 8 784
80 6 9 802
80 6 10 804
80 7 3 768
80 7 4 780
80 7 5 772
80 7 6 796
80 7 7 783
80 7 8 786
80 7 9 733
80 7 10 788
80 8 3 770
80 8 4 788
80 8 5 783
80 8 6 795
80 8 7 779
80 8 8 775
80 8 9 793
80 8 10 801
80 9 3 809
80 9 4 773
80 9 5 780
80 9 6 783
80 9 7 781
80 9 8 784
80 9 9 777
80 9 10 724
100 0 3 1276
100 0 4 1271
100 0 5 1212
100 0 6 1271
100 0 7 1231
100 0 8 1241
100 0 9 1252
100 0 10 1201
100 1 3 1164
100 1 4 1243
100 1 5 1225
100 1 6 1233
100 1 7 1267
100 1 8 1128
100 1 9 1227
100 1 10 1265
100 2 3 1264
100 2 4 1201
100 2 5 1258
100 2 6 1111
100 2 7 1217
100 2 8 1237
100 2 9 1207
100 2 10 1215
100 3 3 1243
100 3 4 1225
100 3 5 1184
100 3 6 1268
100 3 7 1227
100 3 8 1245
100 3 9 1253
100 3 10 1214
100 4 3 1307
100 4 4 1254
100 4 5 1251
100 4 6 1224
100 4 7 1223
100 4 8 1178
100 4 9 1233
100 4 10 1216
100 5 3 1186
100 5 4 1182
100 5 5 1226
100 5 6 1199
100 5 7 1211
100 5 8 1242
100 5 9 1224
100 5 10 1233
100 6 3 1202
100 6 4 1215
100 6 5 1244
100 6 6 1216
100 6 7 1244
100 6 8 1243
100 6 9 1215
100 6 10 1212
100 7 3 1213
100 7 4 1271
100 7 5 1221
100 7 6 1211
100 7 7 1209
100 7 8 1220
100 7 9 1257
100 7 10 1252
100 8 3 1243
100 8 4 1250
100 8 5 1199
100 8 6 1246
100 8 7 1239
100 8 8 1151
100 8 9 1210
100 8 10 1269
100 9 3 1202
100 9 4 1247
100 9 5 1258
100 9 6 1266
100 9 7 1221
100 9 8 1245
100 9 9 1246
100 9 10 1175
