60 0 0 381
60 0 1 413
60 0 2 323
60 1 0 428
60 1 1 424
60 1 2 429
60 2 0 430
60 2 1 352
60 2 2 426
60 3 0 407
60 3 1 424
60 3 2 406
60 4 0 463
60 4 1 304
60 4 2 433
60 5 0 420
60 5 1 399
60 5 2 422
60 6 0 458
60 6 1 450
60 6 2 354
60 7 0 394
60 7 1 459
60 7 2 411
60 8 0 345
60 8 1 429
60 8 2 441
60 9 0 419
60 9 1 439
60 9 2 437
80 0 0 754
80 0 1 780
80 0 2 787
80 1 0 764
80 1 1 785
80 1 2 745
80 2 0 783
80 2 1 757
80 2 2 709
80 3 0 747
80 3 1 796
80 3 2 794
80 4 0 705
80 4 1 799
80 4 2 748
80 5 0 780
80 5 1 794
80 5 2 795
80 6 0 773
80 6 1 796
80 6 2 707
80 7 0 780
80 7 1 749
80 7 2 784
80 8 0 574
80 8 1 713
80 8 2 782
80 9 0 694
80 9 1 783
80 9 2 774
100 0 0 1207
100 0 1 1208
100 0 2 1260
100 1 0 1203
100 1 1 1181
100 1 2 1092
100 2 0 1098
100 2 1 1243
100 2 2 1170
100 3 0 1011
100 3 1 1230
100 3 2 1253
100 4 0 1094
100 4 1 1163
100 4 2 1176
100 5 0 1224
100 5 1 1208
100 5 2 1235
100 6 0 1219
100 6 1 1202
100 6 2 1199
100 7 0 1198
100 7 1 1238
100 7 2 1138
100 8 0 1236
100 8 1 1158
100 8 2 882
100 9 0 1225
100 9 1 1218
100 9 2 1157
60 0 3 438
60 0 4 299
60 0 5 465
60 0 6 431
60 0 7 392
60 0 8 452
60 0 9 443
60 0 10 442
60 1 3 419
60 1 4 367
60 1 5 419
60 1 6 387
60 1 7 439
60 1 8 458
60 1 9 424
60 1 10 457
60 2 3 441
60 2 4 450
60 2 5 440
60 2 6 421
60 2 7 447
60 2 8 434
60 2 9 395
60 2 10 441
60 3 3 314
60 3 4 439
60 3 5 408
60 3 6 444
60 3 7 437
60 3 8 432
60 3 9 449
60 3 10 414
60 4 3 417
60 4 4 443
60 4 5 389
60 4 6 432
60 4 7 423
60 4 8 431
60 4 9 440
60 4 10 448
60 5 3 451
60 5 4 391
60 5 5 416
60 5 6 450
60 5 7 383
60 5 8 449
60 5 9 418
60 5 10 429
60 6 3 398
60 6 4 432
60 6 5 377
60 6 6 426
60 6 7 434
60 6 8 443
60 6 9 430
60 6 10 455
60 7 3 431
60 7 4 349
60 7 5 447
60 7 6 421
60 7 7 448
60 7 8 408
60 7 9 413
60 7 10 389
60 8 3 442
60 8 4 398
60 8 5 443
60 8 6 427
60 8 7 445
60 8 8 429
60 8 9 442
60 8 10 440
60 9 3 430
60 9 4 406
60 9 5 451
60 9 6 457
60 9 7 415
60 9 8 426
60 9 9 431
60 9 10 416
80 0 3 776
80 0 4 749
80 0 5 765
80 0 6 779
80 0 7 801
80 0 8 582
80 0 9 803
80 0 10 775
80 1 3 809
80 1 4 807
80 1 5 769
80 1 6 749
80 1 7 810
80 1 8 773
80 1 9 685
80 1 10 767
80 2 3 702
80 2 4 722
80 2 5 668
80 2 6 788
80 2 7 701
80 2 8 794
80 2 9 779
80 2 10 761
80 3 3 763
80 3 4 732
80 3 5 747
80 3 6 744
80 3 7 781
80 3 8 665
80 3 9 784
80 3 10 772
80 4 3 770
80 4 4 786
80 4 5 821
80 4 6 767
80 4 7 777
80 4 8 707
80 4 9 768
80 4 10 789
80 5 3 761
80 5 4 747
80 5 5 787
80 5 6 755
80 5 7 741
80 5 8 755
80 5 9 780
80 5 10 744
80 6 3 788
80 6 4 714
80 6 5 765
80 6 6 773
80 6 7 765
80 6 8 733
80 6 9 680
80 6 10 758
80 7 3 661
80 7 4 649
80 7 5 766
80 7 6 765
80 7 7 782
80 7 8 650
80 7 9 723
80 7 10 775
80 8 3 801
80 8 4 777
80 8 5 771
80 8 6 725
80 8 7 694
80 8 8 788
80 8 9 707
80 8 10 774
80 9 3 788
80 9 4 703
80 9 5 742
80 9 6 723
80 9 7 747
80 9 8 737
80 9 9 783
80 9 10 707
100 0 3 1179
100 0 4 1180
100 0 5 1225
100 0 6 1193
100 0 7 1237
100 0 8 1225
100 0 9 1119
100 0 10 1243
100 1 3 1116
100 1 4 1033
100 1 5 1070
100 1 6 1249
100 1 7 1210
100 1 8 1155
100 1 9 1108
100 1 10 1162
100 2 3 1232
100 2 4 1273
100 2 5 1207
100 2 6 1214
100 2 7 1115
100 2 8 1184
100 2 9 1073
100 2 10 1171
100 3 3 1087
100 3 4 1192
100 3 5 1234
100 3 6 1245
100 3 7 1219
100 3 8 1157
100 3 9 1130
100 3 10 1225
100 4 3 1179
100 4 4 1229
100 4 5 1213
100 4 6 1200
100 4 7 1195
100 4 8 1200
100 4 9 1248
100 4 10 1211
100 5 3 1186
100 5 4 1226
100 5 5 1206
100 5 6 1236
100 5 7 1216
100 5 8 1265
100 5 9 1227
100 5 10 1229
100 6 3 1169
100 6 4 1214
100 6 5 1011
100 6 6 1159
100 6 7 1191
100 6 8 1219
100 6 9 1159
100 6 10 1194
100 7 3 1114
100 7 4 1239
100 7 5 1223
100 7 6 1247
100 7 7 1231
100 7 8 1169
100 7 9 1201
100 7 10 1197
100 8 3 1206
100 8 4 1204
100 8 5 1120
100 8 6 1217
100 8 7 1230
100 8 8 1120
100 8 9 1245
100 8 10 1204
100 9 3 1207
100 9 4 1233
100 9 5 1146
100 9 6 1240
100 9 7 1253
100 9 8 1198
100 9 9 1192
100 9 10 1206
