60 0 0 424
60 0 1 437
60 0 2 431
60 1 0 424
60 1 1 454
60 1 2 459
60 2 0 452
60 2 1 434
60 2 2 415
60 3 0 414
60 3 1 441
60 3 2 446
60 4 0 457
60 4 1 462
60 4 2 434
60 5 0 436
60 5 1 395
60 5 2 430
60 6 0 449
60 6 1 433
60 6 2 428
60 7 0 445
60 7 1 417
60 7 2 428
60 8 0 439
60 8 1 449
60 8 2 432
60 9 0 428
60 9 1 398
60 9 2 433
80 0 0 784
80 0 1 758
80 0 2 772
80 1 0 811
80 1 1 780
80 1 2 751
80 2 0 777
80 2 1 776
80 2 2 755
80 3 0 797
80 3 1 809
80 3 2 763
80 4 0 788
80 4 1 826
80 4 2 723
80 5 0 779
80 5 1 802
80 5 2 778
80 6 0 790
80 6 1 769
80 6 2 788
80 7 0 797
80 7 1 801
80 7 2 769
80 8 0 736
80 8 1 791
80 8 2 752
80 9 0 762
80 9 1 736
80 9 2 800
100 0 0 1212
100 0 1 1173
100 0 2 1252
100 1 0 1215
100 1 1 1227
100 1 2 1241
100 2 0 1233
100 2 1 1233
100 2 2 1217
100 3 0 1224
100 3 1 1251
100 3 2 1218
100 4 0 1238
100 4 1 1247
100 4 2 1242
100 5 0 1251
100 5 1 1232
100 5 2 1243
100 6 0 1231
100 6 1 1238
100 6 2 1226
100 7 0 1161
100 7 1 1224
100 7 2 1194
100 8 0 1280
100 8 1 1215
100 8 2 1173
100 9 0 1196
100 9 1 1259
100 9 2 1206
60 0 3 442
60 0 4 440
60 0 5 425
60 0 6 429
60 0 7 424
60 0 8 440
60 0 9 439
60 0 10 426
60 1 3 436
60 1 4 458
60 1 5 450
60 1 6 419
60 1 7 439
60 1 8 452
60 1 9 428
60 1 10 438
60 2 3 448
60 2 4 460
60 2 5 428
60 2 6 440
60 2 7 406
60 2 8 432
60 2 9 409
60 2 10 414
60 3 3 421
60 3 4 456
60 3 5 468
60 3 6 398
60 3 7 454
60 3 8 441
60 3 9 447
60 3 10 402
60 4 3 399
60 4 4 437
60 4 5 440
60 4 6 426
60 4 7 446
60 4 8 450
60 4 9 428
60 4 10 448
60 5 3 457
60 5 4 430
60 5 5 424
60 5 6 421
60 5 7 398
60 5 8 440
60 5 9 445
60 5 10 442
60 6 3 451
60 6 4 410
60 6 5 422
60 6 6 448
60 6 7 421
60 6 8 414
60 6 9 444
60 6 10 444
60 7 3 455
60 7 4 413
60 7 5 445
60 7 6 436
60 7 7 432
60 7 8 438
60 7 9 424
60 7 10 433
60 8 3 425
60 8 4 433
60 8 5 396
60 8 6 436
60 8 7 437
60 8 8 436
60 8 9 454
60 8 10 439
60 9 3 435
60 9 4 450
60 9 5 459
60 9 6 457
60 9 7 408
60 9 8 434
60 9 9 429
60 9 10 428
80 0 3 711
80 0 4 767
80 0 5 790
80 0 6 805
80 0 7 808
80 0 8 782
80 0 9 769
80 0 10 749
80 1 3 812
80 1 4 773
80 1 5 795
80 1 6 767
80 1 7 754
80 1 8 706
80 1 9 791
80 1 10 776
80 2 3 765
80 2 4 694
80 2 5 783
80 2 6 791
80 2 7 790
80 2 8 786
80 2 9 791
80 2 10 794
80 3 3 755
80 3 4 744
80 3 5 712
80 3 6 761
80 3 7 781
80 3 8 791
80 3 9 770
80 3 10 802
80 4 3 659
80 4 4 769
80 4 5 778
80 4 6 770
80 4 7 763
80 4 8 813
80 4 9 791
80 4 10 759
80 5 3 818
80 5 4 762
80 5 5 802
80 5 6 794
80 5 7 782
80 5 8 786
80 5 9 777
80 5 10 752
80 6 3 708
80 6 4 754
80 6 5 752
80 6 6 744
80 6 7 754
80 6 8 767
80 6 9 789
80 6 10 761
80 7 3 790
80 7 4 808
80 7 5 784
80 7 6 804
80 7 7 810
80 7 8 760
80 7 9 717
80 7 10 780
80 8 3 719
80 8 4 816
80 8 5 740
80 8 6 781
80 8 7 780
80 8 8 769
80 8 9 795
80 8 10 796
80 9 3 766
80 9 4 707
80 9 5 785
80 9 6 792
80 9 7 790
80 9 8 805
80 9 9 769
80 9 10 772
100 0 3 1250
100 0 4 1233
100 0 5 1235
100 0 6 1242
100 0 7 1192
100 0 8 1109
100 0 9 1211
100 0 10 1231
100 1 3 1248
100 1 4 1146
100 1 5 1260
100 1 6 1226
100 1 7 1224
100 1 8 1208
100 1 9 1228
100 1 10 1238
100 2 3 1161
100 2 4 1226
100 2 5 1232
100 2 6 1245
100 2 7 1209
100 2 8 1205
100 2 9 1211
100 2 10 1259
100 3 3 1190
100 3 4 1235
100 3 5 1241
100 3 6 1242
100 3 7 1243
100 3 8 1181
100 3 9 1239
100 3 10 1118
100 4 3 1222
100 4 4 1159
100 4 5 1223
100 4 6 1224
100 4 7 1258
100 4 8 1232
100 4 9 1258
100 4 10 1237
100 5 3 1064
100 5 4 1233
100 5 5 1249
100 5 6 1037
100 5 7 1262
100 5 8 1250
100 5 9 1240
100 5 10 1150
100 6 3 1211
100 6 4 1092
100 6 5 1257
100 6 6 1167
100 6 7 1272
100 6 8 1254
100 6 9 1240
100 6 10 1223
100 7 3 1242
100 7 4 1196
100 7 5 1192
100 7 6 1177
100 7 7 1126
100 7 8 1229
100 7 9 1204
100 7 10 1223
100 8 3 1211
100 8 4 1143
100 8 5 1271
100 8 6 1150
100 8 7 1197
100 8 8 1245
100 8 9 1231
100 8 10 1231
100 9 3 1209
100 9 4 1224
100 9 5 1234
100 9 6 1230
100 9 7 1189
100 9 8 1237
100 9 9 1228
100 9 10 1228
