60 0 0 435
60 0 1 422
60 0 2 438
60 1 0 452
60 1 1 415
60 1 2 455
60 2 0 407
60 2 1 418
60 2 2 410
60 3 0 452
60 3 1 353
60 3 2 434
60 4 0 450
60 4 1 441
60 4 2 453
60 5 0 434
60 5 1 437
60 5 2 434
60 6 0 352
60 6 1 456
60 6 2 438
60 7 0 451
60 7 1 441
60 7 2 436
60 8 0 440
60 8 1 435
60 8 2 440
60 9 0 448
60 9 1 435
60 9 2 426
80 0 0 795
80 0 1 800
80 0 2 809
80 1 0 691
80 1 1 793
80 1 2 815
80 2 0 647
80 2 1 774
80 2 2 779
80 3 0 797
80 3 1 784
80 3 2 777
80 4 0 764
80 4 1 793
80 4 2 764
80 5 0 799
80 5 1 815
80 5 2 791
80 6 0 740
80 6 1 793
80 6 2 789
80 7 0 794
80 7 1 725
80 7 2 760
80 8 0 786
80 8 1 731
80 8 2 811
80 9 0 776
80 9 1 781
80 9 2 822
100 0 0 1258
100 0 1 1221
100 0 2 1249
100 1 0 1256
100 1 1 1227
100 1 2 1236
100 2 0 1215
100 2 1 1080
100 2 2 1258
100 3 0 1119
100 3 1 1257
100 3 2 1279
100 4 0 1090
100 4 1 1236
100 4 2 1215
100 5 0 1174
100 5 1 1159
100 5 2 1254
100 6 0 1240
100 6 1 1218
100 6 2 1230
100 7 0 1194
100 7 1 1226
100 7 2 1263
100 8 0 1217
100 8 1 1117
100 8 2 1157
100 9 0 1118
100 9 1 1231
100 9 2 1119
60 0 3 424
60 0 4 416
60 0 5 427
60 0 6 458
60 0 7 435
60 0 8 409
60 0 9 409
60 0 10 414
60 1 3 402
60 1 4 433
60 1 5 446
60 1 6 407
60 1 7 421
60 1 8 434
60 1 9 415
60 1 10 432
60 2 3 461
60 2 4 417
60 2 5 435
60 2 6 438
60 2 7 345
60 2 8 410
60 2 9 434
60 2 10 399
60 3 3 434
60 3 4 454
60 3 5 438
60 3 6 457
60 3 7 461
60 3 8 460
60 3 9 448
60 3 10 408
60 4 3 433
60 4 4 371
60 4 5 450
60 4 6 413
60 4 7 314
60 4 8 471
60 4 9 418
60 4 10 442
60 5 3 469
60 5 4 456
60 5 5 445
60 5 6 444
60 5 7 390
60 5 8 447
60 5 9 421
60 5 10 461
60 6 3 419
60 6 4 436
60 6 5 407
60 6 6 396
60 6 7 425
60 6 8 436
60 6 9 449
60 6 10 430
60 7 3 448
60 7 4 429
60 7 5 404
60 7 6 437
60 7 7 358
60 7 8 367
60 7 9 434
60 7 10 412
60 8 3 444
60 8 4 419
60 8 5 451
60 8 6 436
60 8 7 342
60 8 8 437
60 8 9 444
60 8 10 458
60 9 3 430
60 9 4 443
60 9 5 426
60 9 6 453
60 9 7 437
60 9 8 443
60 9 9 374
60 9 10 424
80 0 3 781
80 0 4 780
80 0 5 745
80 0 6 755
80 0 7 791
80 0 8 802
80 0 9 806
80 0 10 775
80 1 3 765
80 1 4 783
80 1 5 760
80 1 6 795
80 1 7 810
80 1 8 759
80 1 9 771
80 1 10 792
80 2 3 758
80 2 4 801
80 2 5 799
80 2 6 753
80 2 7 776
80 2 8 780
80 2 9 777
80 2 10 760
80 3 3 797
80 3 4 779
80 3 5 779
80 3 6 783
80 3 7 741
80 3 8 748
80 3 9 718
80 3 10 735
80 4 3 765
80 4 4 819
80 4 5 790
80 4 6 793
80 4 7 717
80 4 8 787
80 4 9 792
80 4 10 688
80 5 3 766
80 5 4 768
80 5 5 725
80 5 6 763
80 5 7 786
80 5 8 761
80 5 9 761
80 5 10 779
80 6 3 787
80 6 4 799
80 6 5 755
80 6 6 768
80 6 7 782
80 6 8 786
80 6 9 799
80 6 10 805
80 7 3 779
80 7 4 769
80 7 5 804
80 7 6 587
80 7 7 783
80 7 8 774
80 7 9 815
80 7 10 746
80 8 3 787
80 8 4 781
80 8 5 772
80 8 6 782
80 8 7 780
80 8 8 793
80 8 9 754
80 8 10 799
80 9 3 802
80 9 4 710
80 9 5 803
80 9 6 793
80 9 7 704
80 9 8 800
80 9 9 751
80 9 10 746
100 0 3 1201
100 0 4 1197
100 0 5 1195
100 0 6 1221
100 0 7 1219
100 0 8 1274
100 0 9 1254
100 0 10 1225
100 1 3 1222
100 1 4 1238
100 1 5 1224
100 1 6 1203
100 1 7 1236
100 1 8 1221
100 1 9 1228
100 1 10 1230
100 2 3 1202
100 2 4 1245
100 2 5 1216
100 2 6 1240
100 2 7 1216
100 2 8 1221
100 2 9 1222
100 2 10 1247
100 3 3 1229
100 3 4 1251
100 3 5 1211
100 3 6 1206
100 3 7 1180
100 3 8 1225
100 3 9 1169
100 3 10 1202
100 4 3 1228
100 4 4 1218
100 4 5 1232
100 4 6 1222
100 4 7 1178
100 4 8 1208
100 4 9 1195
100 4 10 1176
100 5 3 1102
100 5 4 1235
100 5 5 1210
100 5 6 1228
100 5 7 1233
100 5 8 1218
100 5 9 1211
100 5 10 1244
100 6 3 1125
100 6 4 1196
100 6 5 1066
100 6 6 1225
100 6 7 1225
100 6 8 1146
100 6 9 1218
100 6 10 1224
100 7 3 1089
100 7 4 1238
100 7 5 1170
100 7 6 1174
100 7 7 1085
100 7 8 1249
100 7 9 1213
100 7 10 1180
100 8 3 1267
100 8 4 1064
100 8 5 1212
100 8 6 1261
100 8 7 1256
100 8 8 1238
100 8 9 1268
100 8 10 1188
100 9 3 1163
100 9 4 1242
100 9 5 1155
100 9 6 1223
100 9 7 1245
100 9 8 1245
100 9 9 1260
100 9 10 1248
