60 0 0 409
60 0 1 416
60 0 2 451
60 1 0 416
60 1 1 444
60 1 2 449
60 2 0 446
60 2 1 439
60 2 2 457
60 3 0 429
60 3 1 445
60 3 2 438
60 4 0 420
60 4 1 447
60 4 2 430
60 5 0 434
60 5 1 447
60 5 2 455
60 6 0 433
60 6 1 443
60 6 2 444
60 7 0 462
60 7 1 439
60 7 2 432
60 8 0 402
60 8 1 439
60 8 2 401
60 9 0 440
60 9 1 401
60 9 2 436
80 0 0 726
80 0 1 821
80 0 2 741
80 1 0 793
80 1 1 677
80 1 2 798
80 2 0 780
80 2 1 796
80 2 2 789
80 3 0 768
80 3 1 782
80 3 2 774
80 4 0 703
80 4 1 744
80 4 2 799
80 5 0 766
80 5 1 758
80 5 2 788
80 6 0 795
80 6 1 779
80 6 2 793
80 7 0 614
80 7 1 781
80 7 2 803
80 8 0 766
80 8 1 778
80 8 2 788
80 9 0 790
80 9 1 795
80 9 2 761
100 0 0 1214
100 0 1 1277
100 0 2 1235
100 1 0 1250
100 1 1 1217
100 1 2 1271
100 2 0 1176
100 2 1 1183
100 2 2 1171
100 3 0 1243
100 3 1 1240
100 3 2 1256
100 4 0 1229
100 4 1 1217
100 4 2 1242
100 5 0 1246
100 5 1 1207
100 5 2 1244
100 6 0 1242
100 6 1 1201
100 6 2 1153
100 7 0 1195
100 7 1 1199
100 7 2 1229
100 8 0 1217
100 8 1 1261
100 8 2 1230
100 9 0 1152
100 9 1 1155
100 9 2 1240
60 0 3 444
60 0 4 424
60 0 5 454
60 0 6 434
60 0 7 443
60 0 8 434
60 0 9 392
60 0 10 418
60 1 3 453
60 1 4 388
60 1 5 428
60 1 6 449
60 1 7 431
60 1 8 413
60 1 9 461
60 1 10 378
60 2 3 433
60 2 4 406
60 2 5 455
60 2 6 460
60 2 7 414
60 2 8 418
60 2 9 407
60 2 10 442
60 3 3 428
60 3 4 404
60 3 5 415
60 3 6 438
60 3 7 445
60 3 8 423
60 3 9 453
60 3 10 423
60 4 3 428
60 4 4 429
60 4 5 445
60 4 6 385
60 4 7 424
60 4 8 406
60 4 9 438
60 4 10 430
60 5 3 435
60 5 4 432
60 5 5 406
60 5 6 448
60 5 7 450
60 5 8 377
60 5 9 439
60 5 10 439
60 6 3 427
60 6 4 439
60 6 5 452
60 6 6 443
60 6 7 430
60 6 8 433
60 6 9 445
60 6 10 443
60 7 3 467
60 7 4 464
60 7 5 438
60 7 6 444
60 7 7 430
60 7 8 464
60 7 9 457
60 7 10 450
60 8 3 457
60 8 4 444
60 8 5 447
60 8 6 439
60 8 7 449
60 8 8 430
60 8 9 435
60 8 10 355
60 9 3 445
60 9 4 380
60 9 5 455
60 9 6 380
60 9 7 407
60 9 8 347
60 9 9 452
60 9 10 415
80 0 3 798
80 0 4 756
80 0 5 793
80 0 6 773
80 0 7 780
80 0 8 787
80 0 9 729
80 0 10 736
80 1 3 817
80 1 4 736
80 1 5 808
80 1 6 737
80 1 7 799
80 1 8 788
80 1 9 785
80 1 10 784
80 2 3 810
80 2 4 731
80 2 5 791
80 2 6 792
80 2 7 779
80 2 8 596
80 2 9 771
80 2 10 800
80 3 3 787
80 3 4 776
80 3 5 777
80 3 6 776
80 3 7 770
80 3 8 760
80 3 9 785
80 3 10 763
80 4 3 798
80 4 4 768
80 4 5 781
80 4 6 775
80 4 7 774
80 4 8 792
80 4 9 773
80 4 10 755
80 5 3 745
80 5 4 765
80 5 5 803
80 5 6 792
80 5 7 762
80 5 8 828
80 5 9 803
80 5 10 770
80 6 3 765
80 6 4 819
80 6 5 797
80 6 6 753
80 6 7 767
80 6 8 800
80 6 9 787
80 6 10 803
80 7 3 751
80 7 4 790
80 7 5 785
80 7 6 796
80 7 7 757
80 7 8 807
80 7 9 747
80 7 10 769
80 8 3 742
80 8 4 746
80 8 5 790
80 8 6 722
80 8 7 757
80 8 8 782
80 8 9 800
80 8 10 785
80 9 3 788
80 9 4 792
80 9 5 761
80 9 6 800
80 9 7 789
80 9 8 803
80 9 9 774
80 9 10 764
100 0 3 1227
100 0 4 1169
100 0 5 1196
100 0 6 1245
100 0 7 1175
100 0 8 1241
100 0 9 1227
100 0 10 1235
100 1 3 1249
100 1 4 1250
100 1 5 1258
100 1 6 1254
100 1 7 1203
100 1 8 1213
100 1 9 1227
100 1 10 1252
100 2 3 1234
100 2 4 1223
100 2 5 1195
100 2 6 1233
100 2 7 1236
100 2 8 1245
100 2 9 1244
100 2 10 1164
100 3 3 1229
100 3 4 1213
100 3 5 1254
100 3 6 1246
100 3 7 1108
100 3 8 1263
100 3 9 1294
100 3 10 1164
100 4 3 1251
100 4 4 1237
100 4 5 1230
100 4 6 1247
100 4 7 1208
100 4 8 1191
100 4 9 1233
100 4 10 1243
100 5 3 1244
100 5 4 1208
100 5 5 1213
100 5 6 1144
100 5 7 1218
100 5 8 1237
100 5 9 1233
100 5 10 1231
100 6 3 1254
100 6 4 1202
100 6 5 1243
100 6 6 1209
100 6 7 1262
100 6 8 1258
100 6 9 1194
100 6 10 1207
100 7 3 1210
100 7 4 1193
100 7 5 1223
100 7 6 1282
100 7 7 1190
100 7 8 1223
100 7 9 1250
100 7 10 1217
100 8 3 1237
100 8 4 1216
100 8 5 1121
100 8 6 1260
100 8 7 1241
100 8 8 1183
100 8 9 1220
100 8 10 1247
100 9 3 1250
100 9 4 1248
100 9 5 1209
100 9 6 1238
100 9 7 1241
100 9 8 1225
100 9 9 1175
100 9 10 1240
