60 0 0 453
60 0 1 447
60 0 2 420
60 1 0 426
60 1 1 435
60 1 2 414
60 2 0 439
60 2 1 372
60 2 2 384
60 3 0 368
60 3 1 433
60 3 2 428
60 4 0 446
60 4 1 327
60 4 2 356
60 5 0 422
60 5 1 434
60 5 2 439
60 6 0 353
60 6 1 408
60 6 2 449
60 7 0 448
60 7 1 388
60 7 2 422
60 8 0 368
60 8 1 439
60 8 2 464
60 9 0 423
60 9 1 450
60 9 2 417
80 0 0 809
80 0 1 803
80 0 2 733
80 1 0 783
80 1 1 780
80 1 2 749
80 2 0 803
80 2 1 788
80 2 2 772
80 3 0 791
80 3 1 787
80 3 2 812
80 4 0 770
80 4 1 739
80 4 2 758
80 5 0 788
80 5 1 782
80 5 2 785
80 6 0 749
80 6 1 760
80 6 2 801
80 7 0 803
80 7 1 729
80 7 2 805
80 8 0 808
80 8 1 732
80 8 2 738
80 9 0 781
80 9 1 803
80 9 2 814
100 0 0 1200
100 0 1 1151
100 0 2 1242
100 1 0 1229
100 1 1 1263
100 1 2 1164
100 2 0 1232
100 2 1 1219
100 2 2 1144
100 3 0 1140
100 3 1 1204
100 3 2 1238
100 4 0 1156
100 4 1 1220
100 4 2 1247
100 5 0 1123
100 5 1 1219
100 5 2 930
100 6 0 1199
100 6 1 1274
100 6 2 1158
100 7 0 1234
100 7 1 1264
100 7 2 1128
100 8 0 1008
100 8 1 1247
100 8 2 1274
100 9 0 1151
100 9 1 1265
100 9 2 1229
60 0 3 442
60 0 4 385
60 0 5 441
60 0 6 443
60 0 7 450
60 0 8 456
60 0 9 436
60 0 10 411
60 1 3 339
60 1 4 392
60 1 5 452
60 1 6 453
60 1 7 455
60 1 8 443
60 1 9 453
60 1 10 374
60 2 3 453
60 2 4 436
60 2 5 448
60 2 6 430
60 2 7 419
60 2 8 461
60 2 9 421
60 2 10 431
60 3 3 452
60 3 4 434
60 3 5 437
60 3 6 411
60 3 7 382
60 3 8 450
60 3 9 438
60 3 10 412
60 4 3 384
60 4 4 442
60 4 5 447
60 4 6 423
60 4 7 419
60 4 8 436
60 4 9 439
60 4 10 436
60 5 3 446
60 5 4 441
60 5 5 441
60 5 6 359
60 5 7 431
60 5 8 366
60 5 9 444
60 5 10 451
60 6 3 417
60 6 4 435
60 6 5 434
60 6 6 414
60 6 7 462
60 6 8 431
60 6 9 457
60 6 10 442
60 7 3 387
60 7 4 444
60 7 5 436
60 7 6 444
60 7 7 436
60 7 8 411
60 7 9 452
60 7 10 444
60 8 3 434
60 8 4 417
60 8 5 432
60 8 6 420
60 8 7 428
60 8 8 423
60 8 9 421
60 8 10 426
60 9 3 463
60 9 4 449
60 9 5 438
60 9 6 434
60 9 7 438
60 9 8 427
60 9 9 445
60 9 10 424
80 0 3 774
80 0 4 810
80 0 5 765
80 0 6 668
80 0 7 770
80 0 8 795
80 0 9 780
80 0 10 802
80 1 3 790
80 1 4 777
80 1 5 787
80 1 6 779
80 1 7 707
80 1 8 779
80 1 9 716
80 1 10 731
80 2 3 768
80 2 4 722
80 2 5 781
80 2 6 658
80 2 7 776
80 2 8 803
80 2 9 647
80 2 10 769
80 3 3 793
80 3 4 775
80 3 5 791
80 3 6 663
80 3 7 752
80 3 8 788
80 3 9 798
80 3 10 777
80 4 3 767
80 4 4 793
80 4 5 787
80 4 6 770
80 4 7 789
80 4 8 744
80 4 9 765
80 4 10 761
80 5 3 783
80 5 4 821
80 5 5 623
80 5 6 797
80 5 7 777
80 5 8 738
80 5 9 804
80 5 10 679
80 6 3 783
80 6 4 799
80 6 5 803
80 6 6 807
80 6 7 769
80 6 8 782
80 6 9 797
80 6 10 805
80 7 3 783
80 7 4 750
80 7 5 752
80 7 6 747
80 7 7 785
80 7 8 787
80 7 9 772
80 7 10 802
80 8 3 728
80 8 4 805
80 8 5 803
80 8 6 676
80 8 7 740
80 8 8 784
80 8 9 786
80 8 10 751
80 9 3 772
80 9 4 786
80 9 5 792
80 9 6 709
80 9 7 772
80 9 8 744
80 9 9 771
80 9 10 784
100 0 3 1270
100 0 4 1226
100 0 5 1106
100 0 6 1127
100 0 7 1208
100 0 8 1234
100 0 9 1254
100 0 10 1183
100 1 3 1206
100 1 4 1191
100 1 5 1185
100 1 6 1245
100 1 7 1182
100 1 8 1209
100 1 9 1225
100 1 10 1242
100 2 3 1106
100 2 4 1235
100 2 5 1239
100 2 6 1261
100 2 7 1254
100 2 8 1178
100 2 9 1185
100 2 10 1031
100 3 3 1103
100 3 4 1230
100 3 5 1255
100 3 6 1213
100 3 7 1227
100 3 8 1250
100 3 9 1202
100 3 10 1207
100 4 3 1236
100 4 4 1107
100 4 5 1157
100 4 6 1164
100 4 7 1261
100 4 8 1207
100 4 9 1171
100 4 10 1125
100 5 3 1260
100 5 4 1073
100 5 5 1164
100 5 6 1207
100 5 7 1229
100 5 8 1233
100 5 9 1232
100 5 10 1224
100 6 3 1231
100 6 4 1212
100 6 5 1236
100 6 6 1219
100 6 7 1247
100 6 8 1234
100 6 9 1236
100 6 10 1256
100 7 3 1220
100 7 4 1256
100 7 5 1153
100 7 6 1255
100 7 7 1144
100 7 8 1247
100 7 9 1234
100 7 10 1228
100 8 3 1239
100 8 4 1194
100 8 5 1197
100 8 6 1128
100 8 7 1226
100 8 8 1241
100 8 9 1166
100 8 10 1192
100 9 3 1192
100 9 4 1269
100 9 5 1184
100 9 6 1187
100 9 7 1177
100 9 8 1172
100 9 9 1235
100 9 10 1254
