60 0 0 446
60 0 1 430
60 0 2 458
60 1 0 426
60 1 1 425
60 1 2 443
60 2 0 413
60 2 1 431
60 2 2 437
60 3 0 439
60 3 1 435
60 3 2 406
60 4 0 441
60 4 1 429
60 4 2 399
60 5 0 448
60 5 1 443
60 5 2 434
60 6 0 341
60 6 1 399
60 6 2 435
60 7 0 448
60 7 1 441
60 7 2 426
60 8 0 446
60 8 1 434
60 8 2 449
60 9 0 445
60 9 1 449
60 9 2 379
80 0 0 765
80 0 1 740
80 0 2 810
80 1 0 748
80 1 1 739
80 1 2 767
80 2 0 774
80 2 1 787
80 2 2 721
80 3 0 788
80 3 1 802
80 3 2 791
80 4 0 789
80 4 1 793
80 4 2 799
80 5 0 746
80 5 1 747
80 5 2 738
80 6 0 787
80 6 1 788
80 6 2 763
80 7 0 804
80 7 1 791
80 7 2 813
80 8 0 773
80 8 1 751
80 8 2 779
80 9 0 755
80 9 1 774
80 9 2 770
100 0 0 1181
100 0 1 1244
100 0 2 1166
100 1 0 1238
100 1 1 1133
100 1 2 1241
100 2 0 1198
100 2 1 1240
100 2 2 1252
100 3 0 1218
100 3 1 1234
100 3 2 1191
100 4 0 1253
100 4 1 1217
100 4 2 1169
100 5 0 1217
100 5 1 1238
100 5 2 1219
100 6 0 1243
100 6 1 1219
100 6 2 1197
100 7 0 1230
100 7 1 1239
100 7 2 1221
100 8 0 1222
100 8 1 1250
100 8 2 1224
100 9 0 1248
100 9 1 1249
100 9 2 1203
60 0 3 380
60 0 4 403
60 0 5 451
60 0 6 449
60 0 7 459
60 0 8 431
60 0 9 446
60 0 10 403
60 1 3 381
60 1 4 385
60 1 5 431
60 1 6 415
60 1 7 453
60 1 8 427
60 1 9 453
60 1 10 434
60 2 3 434
60 2 4 449
60 2 5 433
60 2 6 463
60 2 7 440
60 2 8 420
60 2 9 461
60 2 10 450
60 3 3 418
60 3 4 445
60 3 5 424
60 3 6 426
60 3 7 439
60 3 8 457
60 3 9 410
60 3 10 424
60 4 3 435
60 4 4 415
60 4 5 405
60 4 6 425
60 4 7 416
60 4 8 406
60 4 9 458
60 4 10 426
60 5 3 445
60 5 4 463
60 5 5 413
60 5 6 450
60 5 7 438
60 5 8 435
60 5 9 444
60 5 10 423
60 6 3 381
60 6 4 437
60 6 5 445
60 6 6 386
60 6 7 325
60 6 8 431
60 6 9 447
60 6 10 444
60 7 3 416
60 7 4 448
60 7 5 434
60 7 6 407
60 7 7 453
60 7 8 455
60 7 9 420
60 7 10 436
60 8 3 455
60 8 4 406
60 8 5 411
60 8 6 444
60 8 7 453
60 8 8 458
60 8 9 447
60 8 10 415
60 9 3 448
60 9 4 455
60 9 5 430
60 9 6 453
60 9 7 435
60 9 8 443
60 9 9 440
60 9 10 444
80 0 3 785
80 0 4 798
80 0 5 805
80 0 6 816
80 0 7 800
80 0 8 809
80 0 9 750
80 0 10 793
80 1 3 796
80 1 4 775
80 1 5 766
80 1 6 781
80 1 7 719
80 1 8 785
80 1 9 784
80 1 10 767
80 2 3 773
80 2 4 787
80 2 5 793
80 2 6 771
80 2 7 748
80 2 8 770
80 2 9 792
80 2 10 797
80 3 3 723
80 3 4 821
80 3 5 808
80 3 6 774
80 3 7 801
80 3 8 806
80 3 9 804
80 3 10 769
80 4 3 790
80 4 4 806
80 4 5 752
80 4 6 787
80 4 7 784
80 4 8 764
80 4 9 755
80 4 10 740
80 5 3 786
80 5 4 773
80 5 5 748
80 5 6 798
80 5 7 763
80 5 8 774
80 5 9 783
80 5 10 768
80 6 3 783
80 6 4 763
80 6 5 804
80 6 6 784
80 6 7 713
80 6 8 805
80 6 9 768
80 6 10 770
80 7 3 763
80 7 4 779
80 7 5 776
80 7 6 710
80 7 7 790
80 7 8 809
80 7 9 702
80 7 10 806
80 8 3 788
80 8 4 772
80 8 5 803
80 8 6 785
80 8 7 712
80 8 8 751
80 8 9 774
80 8 10 803
80 9 3 777
80 9 4 776
80 9 5 800
80 9 6 773
80 9 7 783
80 9 8 742
80 9 9 796
80 9 10 787
100 0 3 1272
100 0 4 1206
100 0 5 1244
100 0 6 1223
100 0 7 1219
100 0 8 1250
100 0 9 1178
100 0 10 1189
100 1 3 1246
100 1 4 1221
100 1 5 1224
100 1 6 1237
100 1 7 1249
100 1 8 1222
100 1 9 1253
100 1 10 1239
100 2 3 1208
100 2 4 1279
100 2 5 1272
100 2 6 1253
100 2 7 1133
100 2 8 1228
100 2 9 1227
100 2 10 1273
100 3 3 1213
100 3 4 1223
100 3 5 1209
100 3 6 1239
100 3 7 1250
100 3 8 1250
100 3 9 1219
100 3 10 1211
100 4 3 1225
100 4 4 1274
100 4 5 1200
100 4 6 1241
100 4 7 1076
100 4 8 1215
100 4 9 1239
100 4 10 1209
100 5 3 1200
100 5 4 1232
100 5 5 1171
100 5 6 1220
100 5 7 1251
100 5 8 1263
100 5 9 1161
100 5 10 1207
100 6 3 1152
100 6 4 1208
100 6 5 1274
100 6 6 1178
100 6 7 1191
100 6 8 1104
100 6 9 1247
100 6 10 1260
100 7 3 1228
100 7 4 1214
100 7 5 1243
100 7 6 1224
100 7 7 1225
100 7 8 1185
100 7 9 1106
100 7 10 1221
100 8 3 1255
100 8 4 1254
100 8 5 1216
100 8 6 1239
100 8 7 1246
100 8 8 1258
100 8 9 1178
100 8 10 1204
100 9 3 1215
100 9 4 1235
100 9 5 1245
100 9 6 1279
100 9 7 1231
100 9 8 1208
100 9 9 1210
100 9 10 1240
