60 0 0 453
60 0 1 435
60 0 2 435
60 1 0 445
60 1 1 453
60 1 2 459
60 2 0 433
60 2 1 437
60 2 2 436
60 3 0 479
60 3 1 438
60 3 2 442
60 4 0 443
60 4 1 436
60 4 2 393
60 5 0 440
60 5 1 427
60 5 2 441
60 6 0 437
60 6 1 445
60 6 2 452
60 7 0 397
60 7 1 462
60 7 2 430
60 8 0 409
60 8 1 432
60 8 2 441
60 9 0 445
60 9 1 432
60 9 2 448
80 0 0 790
80 0 1 729
80 0 2 801
80 1 0 768
80 1 1 775
80 1 2 794
80 2 0 791
80 2 1 696
80 2 2 793
80 3 0 805
80 3 1 745
80 3 2 787
80 4 0 768
80 4 1 776
80 4 2 752
80 5 0 799
80 5 1 787
80 5 2 720
80 6 0 810
80 6 1 750
80 6 2 802
80 7 0 747
80 7 1 803
80 7 2 802
80 8 0 812
80 8 1 751
80 8 2 811
80 9 0 816
80 9 1 790
80 9 2 774
100 0 0 1233
100 0 1 1240
100 0 2 1232
100 1 0 1282
100 1 1 1178
100 1 2 1252
100 2 0 1243
100 2 1 1198
100 2 2 1195
100 3 0 1284
100 3 1 1205
100 3 2 1224
100 4 0 1251
100 4 1 1269
100 4 2 1212
100 5 0 1243
100 5 1 1252
100 5 2 1207
100 6 0 1235
100 6 1 1211
100 6 2 1243
100 7 0 1259
100 7 1 1252
100 7 2 1217
100 8 0 1215
100 8 1 1265
100 8 2 1204
100 9 0 1235
100 9 1 1219
100 9 2 1197
60 0 3 444
60 0 4 451
60 0 5 400
60 0 6 449
60 0 7 403
60 0 8 443
60 0 9 439
60 0 10 442
60 1 3 450
60 1 4 420
60 1 5 439
60 1 6 420
60 1 7 436
60 1 8 433
60 1 9 449
60 1 10 412
60 2 3 465
60 2 4 422
60 2 5 423
60 2 6 420
60 2 7 402
60 2 8 439
60 2 9 438
60 2 10 431
60 3 3 440
60 3 4 458
60 3 5 453
60 3 6 416
60 3 7 445
60 3 8 434
60 3 9 454
60 3 10 432
60 4 3 431
60 4 4 434
60 4 5 445
60 4 6 445
60 4 7 448
60 4 8 449
60 4 9 434
60 4 10 454
60 5 3 433
60 5 4 434
60 5 5 418
60 5 6 435
60 5 7 440
60 5 8 443
60 5 9 443
60 5 10 439
60 6 3 447
60 6 4 460
60 6 5 444
60 6 6 435
60 6 7 407
60 6 8 399
60 6 9 455
60 6 10 431
60 7 3 470
60 7 4 447
60 7 5 447
60 7 6 438
60 7 7 434
60 7 8 400
60 7 9 449
60 7 10 446
60 8 3 439
60 8 4 416
60 8 5 456
60 8 6 448
60 8 7 440
60 8 8 409
60 8 9 449
60 8 10 418
60 9 3 438
60 9 4 422
60 9 5 429
60 9 6 460
60 9 7 443
60 9 8 457
60 9 9 437
60 9 10 459
80 0 3 792
80 0 4 796
80 0 5 799
80 0 6 807
80 0 7 789
80 0 8 787
80 0 9 766
80 0 10 782
80 1 3 785
80 1 4 809
80 1 5 775
80 1 6 674
80 1 7 777
80 1 8 788
80 1 9 813
80 1 10 794
80 2 3 763
80 2 4 769
80 2 5 687
80 2 6 766
80 2 7 796
80 2 8 800
80 2 9 793
80 2 10 740
80 3 3 776
80 3 4 798
80 3 5 737
80 3 6 805
80 3 7 795
80 3 8 778
80 3 9 803
80 3 10 805
80 4 3 789
80 4 4 767
80 4 5 788
80 4 6 741
80 4 7 771
80 4 8 792
80 4 9 729
80 4 10 764
80 5 3 765
80 5 4 777
80 5 5 792
80 5 6 810
80 5 7 803
80 5 8 775
80 5 9 778
80 5 10 804
80 6 3 774
80 6 4 794
80 6 5 763
80 6 6 804
80 6 7 783
80 6 8 799
80 6 9 798
80 6 10 783
80 7 3 815
80 7 4 801
80 7 5 786
80 7 6 791
80 7 7 781
80 7 8 764
80 7 9 777
80 7 10 798
80 8 3 804
80 8 4 743
80 8 5 812
80 8 6 793
80 8 7 812
80 8 8 799
80 8 9 799
80 8 10 809
80 9 3 783
80 9 4 793
80 9 5 802
80 9 6 798
80 9 7 805
80 9 8 770
80 9 9 794
80 9 10 791
100 0 3 1217
100 0 4 1270
100 0 5 1187
100 0 6 1240
100 0 7 1149
100 0 8 1288
100 0 9 1257
100 0 10 1259
100 1 3 1243
100 1 4 1224
100 1 5 1219
100 1 6 1189
100 1 7 1248
100 1 8 1251
100 1 9 1216
100 1 10 1179
100 2 3 1240
100 2 4 1243
100 2 5 1080
100 2 6 1261
100 2 7 1203
100 2 8 1277
100 2 9 1126
100 2 10 1234
100 3 3 1188
100 3 4 1243
100 3 5 1245
100 3 6 1239
100 3 7 1264
100 3 8 1270
100 3 9 1243
100 3 10 1226
100 4 3 1193
100 4 4 1251
100 4 5 1231
100 4 6 1239
100 4 7 1241
100 4 8 1289
100 4 9 1240
100 4 10 1243
100 5 3 1105
100 5 4 1229
100 5 5 1173
100 5 6 1272
100 5 7 1227
100 5 8 1233
100 5 9 1265
100 5 10 1227
100 6 3 1215
100 6 4 1245
100 6 5 1201
100 6 6 1230
100 6 7 1217
100 6 8 1248
100 6 9 1270
100 6 10 1246
100 7 3 1203
100 7 4 1188
100 7 5 1219
100 7 6 1246
100 7 7 1252
100 7 8 1239
100 7 9 1232
100 7 10 1244
100 8 3 1165
100 8 4 1181
100 8 5 1203
100 8 6 1285
100 8 7 1207
100 8 8 1167
100 8 9 1216
100 8 10 1228
100 9 3 1268
100 9 4 1217
100 9 5 1243
100 9 6 1266
100 9 7 1240
100 9 8 1204
100 9 9 1218
100 9 10 1235
