60 0 0 401
60 0 1 428
60 0 2 421
60 1 0 446
60 1 1 456
60 1 2 417
60 2 0 444
60 2 1 419
60 2 2 399
60 3 0 442
60 3 1 435
60 3 2 430
60 4 0 433
60 4 1 434
60 4 2 405
60 5 0 450
60 5 1 434
60 5 2 438
60 6 0 439
60 6 1 435
60 6 2 397
60 7 0 435
60 7 1 445
60 7 2 383
60 8 0 451
60 8 1 390
60 8 2 408
60 9 0 450
60 9 1 441
60 9 2 448
80 0 0 785
80 0 1 785
80 0 2 736
80 1 0 789
80 1 1 763
80 1 2 790
80 2 0 806
80 2 1 798
80 2 2 773
80 3 0 762
80 3 1 780
80 3 2 744
80 4 0 705
80 4 1 790
80 4 2 794
80 5 0 818
80 5 1 794
80 5 2 728
80 6 0 812
80 6 1 770
80 6 2 805
80 7 0 793
80 7 1 791
80 7 2 796
80 8 0 811
80 8 1 775
80 8 2 765
80 9 0 803
80 9 1 769
80 9 2 800
100 0 0 1241
100 0 1 1253
100 0 2 1191
100 1 0 1209
100 1 1 1230
100 1 2 1270
100 2 0 1250
100 2 1 1231
100 2 2 1227
100 3 0 1164
100 3 1 1244
100 3 2 1216
100 4 0 1242
100 4 1 1199
100 4 2 1181
100 5 0 1157
100 5 1 1247
100 5 2 1240
100 6 0 1246
100 6 1 1223
100 6 2 1227
100 7 0 1255
100 7 1 1170
100 7 2 1233
100 8 0 1242
100 8 1 1197
100 8 2 1246
100 9 0 1245
100 9 1 1212
100 9 2 1249
60 0 3 446
60 0 4 404
60 0 5 425
60 0 6 458
60 0 7 416
60 0 8 449
60 0 9 442
60 0 10 415
60 1 3 454
60 1 4 441
60 1 5 422
60 1 6 443
60 1 7 444
60 1 8 417
60 1 9 453
60 1 10 450
60 2 3 379
60 2 4 424
60 2 5 343
60 2 6 427
60 2 7 418
60 2 8 446
60 2 9 456
60 2 10 415
60 3 3 435
60 3 4 432
60 3 5 432
60 3 6 443
60 3 7 451
60 3 8 456
60 3 9 448
60 3 10 411
60 4 3 418
60 4 4 436
60 4 5 425
60 4 6 424
60 4 7 431
60 4 8 350
60 4 9 445
60 4 10 414
60 5 3 418
60 5 4 453
60 5 5 479
60 5 6 433
60 5 7 451
60 5 8 424
60 5 9 430
60 5 10 454
60 6 3 449
60 6 4 370
60 6 5 439
60 6 6 431
60 6 7 435
60 6 8 442
60 6 9 446
60 6 10 443
60 7 3 428
60 7 4 401
60 7 5 452
60 7 6 446
60 7 7 456
60 7 8 415
60 7 9 443
60 7 10 434
60 8 3 421
60 8 4 453
60 8 5 436
60 8 6 441
60 8 7 413
60 8 8 443
60 8 9 475
60 8 10 457
60 9 3 447
60 9 4 442
60 9 5 449
60 9 6 414
60 9 7 460
60 9 8 436
60 9 9 422
60 9 10 439
80 0 3 805
80 0 4 668
80 0 5 787
80 0 6 797
80 0 7 775
80 0 8 771
80 0 9 795
80 0 10 729
80 1 3 765
80 1 4 799
80 1 5 817
80 1 6 739
80 1 7 809
80 1 8 793
80 1 9 771
80 1 10 760
80 2 3 787
80 2 4 754
80 2 5 801
80 2 6 754
80 2 7 778
80 2 8 762
80 2 9 795
80 2 10 772
80 3 3 806
80 3 4 794
80 3 5 812
80 3 6 779
80 3 7 781
80 3 8 786
80 3 9 797
80 3 10 748
80 4 3 764
80 4 4 767
80 4 5 782
80 4 6 781
80 4 7 786
80 4 8 791
80 4 9 790
80 4 10 780
80 5 3 777
80 5 4 795
80 5 5 787
80 5 6 760
80 5 7 775
80 5 8 794
80 5 9 791
80 5 10 802
80 6 3 789
80 6 4 816
80 6 5 769
80 6 6 796
80 6 7 794
80 6 8 790
80 6 9 805
80 6 10 801
80 7 3 812
80 7 4 772
80 7 5 761
80 7 6 806
80 7 7 748
80 7 8 794
80 7 9 788
80 7 10 781
80 8 3 791
80 8 4 801
80 8 5 784
80 8 6 740
80 8 7 685
80 8 8 797
80 8 9 757
80 8 10 790
80 9 3 791
80 9 4 778
80 9 5 764
80 9 6 783
80 9 7 773
80 9 8 813
80 9 9 747
80 9 10 807
100 0 3 1182
100 0 4 1161
100 0 5 1176
100 0 6 1161
100 0 7 1166
100 0 8 1223
100 0 9 1229
100 0 10 1243
100 1 3 1238
100 1 4 1192
100 1 5 1229
100 1 6 1257
100 1 7 1282
100 1 8 1221
100 1 9 1228
100 1 10 1205
100 2 3 1248
100 2 4 1199
100 2 5 1280
100 2 6 1239
100 2 7 1238
100 2 8 1214
100 2 9 1140
100 2 10 1125
100 3 3 1190
100 3 4 1269
100 3 5 1260
100 3 6 1248
100 3 7 1253
100 3 8 1250
100 3 9 1005
100 3 10 1216
100 4 3 1271
100 4 4 1218
100 4 5 1260
100 4 6 1190
100 4 7 1242
100 4 8 1248
100 4 9 1238
100 4 10 1227
100 5 3 1240
100 5 4 1253
100 5 5 1259
100 5 6 1213
100 5 7 1243
100 5 8 1231
100 5 9 1262
100 5 10 1248
100 6 3 1175
100 6 4 1229
100 6 5 1214
100 6 6 1245
100 6 7 1187
100 6 8 1242
100 6 9 1259
100 6 10 1219
100 7 3 1233
100 7 4 1175
100 7 5 1263
100 7 6 1226
100 7 7 1216
100 7 8 1281
100 7 9 1237
100 7 10 1240
100 8 3 1264
100 8 4 1255
100 8 5 1213
100 8 6 1234
100 8 7 1259
100 8 8 1238
100 8 9 1188
100 8 10 1258
100 9 3 1231
100 9 4 1252
100 9 5 1223
100 9 6 1166
100 9 7 1241
100 9 8 1201
100 9 9 1231
100 9 10 1216
