60 0 0 423
60 0 1 394
60 0 2 388
60 1 0 441
60 1 1 443
60 1 2 406
60 2 0 451
60 2 1 428
60 2 2 373
60 3 0 445
60 3 1 446
60 3 2 420
60 4 0 386
60 4 1 448
60 4 2 363
60 5 0 412
60 5 1 370
60 5 2 387
60 6 0 439
60 6 1 437
60 6 2 437
60 7 0 470
60 7 1 445
60 7 2 442
60 8 0 380
60 8 1 449
60 8 2 442
60 9 0 446
60 9 1 425
60 9 2 419
80 0 0 734
80 0 1 756
80 0 2 799
80 1 0 781
80 1 1 765
80 1 2 716
80 2 0 788
80 2 1 787
80 2 2 796
80 3 0 804
80 3 1 746
80 3 2 801
80 4 0 797
80 4 1 779
80 4 2 784
80 5 0 754
80 5 1 673
80 5 2 762
80 6 0 793
80 6 1 783
80 6 2 729
80 7 0 729
80 7 1 726
80 7 2 668
80 8 0 622
80 8 1 793
80 8 2 707
80 9 0 768
80 9 1 612
80 9 2 764
100 0 0 1211
100 0 1 1219
100 0 2 1170
100 1 0 1242
100 1 1 1208
100 1 2 1176
100 2 0 1230
100 2 1 1173
100 2 2 1223
100 3 0 1200
100 3 1 1237
100 3 2 1260
100 4 0 961
100 4 1 1227
100 4 2 1213
100 5 0 1197
100 5 1 1068
100 5 2 1211
100 6 0 1238
100 6 1 1173
100 6 2 1274
100 7 0 1253
100 7 1 1202
100 7 2 1203
100 8 0 1247
100 8 1 1245
100 8 2 1260
100 9 0 1216
100 9 1 1241
100 9 2 1232
60 0 3 426
60 0 4 422
60 0 5 351
60 0 6 440
60 0 7 436
60 0 8 394
60 0 9 444
60 0 10 402
60 1 3 375
60 1 4 400
60 1 5 453
60 1 6 454
60 1 7 420
60 1 8 460
60 1 9 387
60 1 10 466
60 2 3 444
60 2 4 430
60 2 5 428
60 2 6 410
60 2 7 438
60 2 8 472
60 2 9 448
60 2 10 444
60 3 3 392
60 3 4 406
60 3 5 433
60 3 6 421
60 3 7 427
60 3 8 432
60 3 9 432
60 3 10 439
60 4 3 470
60 4 4 446
60 4 5 332
60 4 6 418
60 4 7 446
60 4 8 417
60 4 9 422
60 4 10 455
60 5 3 437
60 5 4 355
60 5 5 452
60 5 6 443
60 5 7 411
60 5 8 442
60 5 9 453
60 5 10 460
60 6 3 433
60 6 4 451
60 6 5 453
60 6 6 429
60 6 7 462
60 6 8 452
60 6 9 430
60 6 10 443
60 7 3 447
60 7 4 439
60 7 5 471
60 7 6 417
60 7 7 336
60 7 8 450
60 7 9 413
60 7 10 386
60 8 3 433
60 8 4 398
60 8 5 463
60 8 6 442
60 8 7 409
60 8 8 449
60 8 9 422
60 8 10 446
60 9 3 400
60 9 4 406
60 9 5 455
60 9 6 432
60 9 7 456
60 9 8 431
60 9 9 436
60 9 10 407
80 0 3 782
80 0 4 763
80 0 5 766
80 0 6 792
80 0 7 784
80 0 8 767
80 0 9 786
80 0 10 751
80 1 3 755
80 1 4 734
80 1 5 784
80 1 6 779
80 1 7 699
80 1 8 796
80 1 9 776
80 1 10 777
80 2 3 761
80 2 4 638
80 2 5 707
80 2 6 795
80 2 7 769
80 2 8 768
80 2 9 764
80 2 10 734
80 3 3 783
80 3 4 773
80 3 5 760
80 3 6 671
80 3 7 770
80 3 8 769
80 3 9 779
80 3 10 804
80 4 3 770
80 4 4 747
80 4 5 770
80 4 6 768
80 4 7 759
80 4 8 791
80 4 9 788
80 4 10 772
80 5 3 793
80 5 4 771
80 5 5 808
80 5 6 750
80 5 7 743
80 5 8 783
80 5 9 786
80 5 10 795
80 6 3 777
80 6 4 769
80 6 5 783
80 6 6 784
80 6 7 715
80 6 8 780
80 6 9 809
80 6 10 774
80 7 3 747
80 7 4 781
80 7 5 774
80 7 6 706
80 7 7 738
80 7 8 735
80 7 9 807
80 7 10 774
80 8 3 801
80 8 4 765
80 8 5 828
80 8 6 806
80 8 7 696
80 8 8 814
80 8 9 808
80 8 10 759
80 9 3 763
80 9 4 797
80 9 5 772
80 9 6 819
80 9 7 781
80 9 8 796
80 9 9 717
80 9 10 786
100 0 3 1222
100 0 4 1180
100 0 5 1200
100 0 6 1221
100 0 7 1233
100 0 8 1239
100 0 9 1230
100 0 10 1202
100 1 3 1242
100 1 4 1184
100 1 5 1200
100 1 6 1200
100 1 7 1244
100 1 8 1175
100 1 9 1204
100 1 10 1210
100 2 3 1229
100 2 4 1114
100 2 5 1230
100 2 6 1215
100 2 7 1250
100 2 8 1212
100 2 9 1255
100 2 10 1150
100 3 3 1199
100 3 4 1197
100 3 5 1221
100 3 6 1234
100 3 7 1199
100 3 8 1230
100 3 9 1165
100 3 10 1171
100 4 3 1142
100 4 4 1245
100 4 5 1246
100 4 6 1183
100 4 7 1244
100 4 8 1214
100 4 9 1171
100 4 10 1251
100 5 3 1229
100 5 4 1260
100 5 5 1213
100 5 6 1198
100 5 7 1204
100 5 8 1226
100 5 9 1126
100 5 10 1101
100 6 3 1251
100 6 4 1052
100 6 5 1201
100 6 6 1213
100 6 7 1265
100 6 8 1201
100 6 9 1224
100 6 10 1225
100 7 3 1226
100 7 4 1055
100 7 5 1180
100 7 6 1257
100 7 7 1197
100 7 8 1257
100 7 9 1163
100 7 10 1146
100 8 3 1264
100 8 4 1237
100 8 5 1222
100 8 6 1240
100 8 7 1271
100 8 8 1052
100 8 9 1226
100 8 10 1263
100 9 3 1188
100 9 4 1211
100 9 5 1197
100 9 6 1215
100 9 7 1238
100 9 8 1193
100 9 9 1239
100 9 10 1233
