60 0 0 443
60 0 1 462
60 0 2 434
60 1 0 432
60 1 1 443
60 1 2 320
60 2 0 434
60 2 1 446
60 2 2 432
60 3 0 414
60 3 1 440
60 3 2 437
60 4 0 459
60 4 1 452
60 4 2 428
60 5 0 448
60 5 1 462
60 5 2 452
60 6 0 448
60 6 1 449
60 6 2 452
60 7 0 453
60 7 1 429
60 7 2 372
60 8 0 449
60 8 1 458
60 8 2 440
60 9 0 449
60 9 1 449
60 9 2 451
80 0 0 804
80 0 1 776
80 0 2 812
80 1 0 772
80 1 1 765
80 1 2 754
80 2 0 777
80 2 1 798
80 2 2 792
80 3 0 772
80 3 1 768
80 3 2 791
80 4 0 764
80 4 1 727
80 4 2 755
80 5 0 774
80 5 1 800
80 5 2 745
80 6 0 760
80 6 1 794
80 6 2 766
80 7 0 759
80 7 1 772
80 7 2 799
80 8 0 782
80 8 1 778
80 8 2 793
80 9 0 770
80 9 1 772
80 9 2 789
100 0 0 1232
100 0 1 1249
100 0 2 1259
100 1 0 1212
100 1 1 1248
100 1 2 1255
100 2 0 1203
100 2 1 1254
100 2 2 1229
100 3 0 1259
100 3 1 1243
100 3 2 1219
100 4 0 1254
100 4 1 1194
100 4 2 1142
100 5 0 1221
100 5 1 1154
100 5 2 1251
100 6 0 1243
100 6 1 1228
100 6 2 1248
100 7 0 1227
100 7 1 1232
100 7 2 1225
100 8 0 1226
100 8 1 1205
100 8 2 1239
100 9 0 1260
100 9 1 1213
100 9 2 1226
60 0 3 426
60 0 4 428
60 0 5 436
60 0 6 425
60 0 7 424
60 0 8 402
60 0 9 432
60 0 10 430
60 1 3 446
60 1 4 398
60 1 5 431
60 1 6 445
60 1 7 414
60 1 8 447
60 1 9 429
60 1 10 422
60 2 3 425
60 2 4 436
60 2 5 398
60 2 6 432
60 2 7 442
60 2 8 428
60 2 9 454
60 2 10 457
60 3 3 442
60 3 4 420
60 3 5 447
60 3 6 446
60 3 7 398
60 3 8 446
60 3 9 443
60 3 10 451
60 4 3 461
60 4 4 473
60 4 5 404
60 4 6 444
60 4 7 421
60 4 8 415
60 4 9 437
60 4 10 441
60 5 3 418
60 5 4 439
60 5 5 416
60 5 6 439
60 5 7 451
60 5 8 428
60 5 9 446
60 5 10 446
60 6 3 431
60 6 4 429
60 6 5 451
60 6 6 451
60 6 7 435
60 6 8 455
60 6 9 450
60 6 10 446
60 7 3 408
60 7 4 450
60 7 5 430
60 7 6 430
60 7 7 351
60 7 8 395
60 7 9 386
60 7 10 439
60 8 3 437
60 8 4 452
60 8 5 433
60 8 6 431
60 8 7 451
60 8 8 451
60 8 9 451
60 8 10 397
60 9 3 425
60 9 4 456
60 9 5 397
60 9 6 406
60 9 7 428
60 9 8 427
60 9 9 413
60 9 10 422
80 0 3 767
80 0 4 796
80 0 5 772
80 0 6 788
80 0 7 794
80 0 8 814
80 0 9 794
80 0 10 784
80 1 3 782
80 1 4 799
80 1 5 800
80 1 6 814
80 1 7 825
80 1 8 767
80 1 9 811
80 1 10 744
80 2 3 744
80 2 4 789
80 2 5 783
80 2 6 770
80 2 7 792
80 2 8 808
80 2 9 784
80 2 10 798
80 3 3 802
80 3 4 767
80 3 5 780
80 3 6 781
80 3 7 794
80 3 8 800
80 3 9 789
80 3 10 756
80 4 3 797
80 4 4 797
80 4 5 793
80 4 6 806
80 4 7 806
80 4 8 791
80 4 9 784
80 4 10 780
80 5 3 794
80 5 4 804
80 5 5 791
80 5 6 780
80 5 7 808
80 5 8 771
80 5 9 796
80 5 10 760
80 6 3 772
80 6 4 786
80 6 5 628
80 6 6 803
80 6 7 770
80 6 8 789
80 6 9 802
80 6 10 768
80 7 3 799
80 7 4 745
80 7 5 830
80 7 6 709
80 7 7 772
80 7 8 789
80 7 9 733
80 7 10 812
80 8 3 786
80 8 4 814
80 8 5 763
80 8 6 671
80 8 7 787
80 8 8 796
80 8 9 786
80 8 10 787
80 9 3 806
80 9 4 780
80 9 5 778
80 9 6 803
80 9 7 800
80 9 8 789
80 9 9 779
80 9 10 697
100 0 3 1257
100 0 4 1228
100 0 5 1231
100 0 6 1257
100 0 7 1250
100 0 8 1223
100 0 9 1256
100 0 10 1251
100 1 3 1247
100 1 4 1226
100 1 5 1167
100 1 6 1222
100 1 7 1192
100 1 8 1276
100 1 9 1223
100 1 10 1243
100 2 3 1177
100 2 4 1240
100 2 5 1183
100 2 6 1231
100 2 7 1196
100 2 8 1237
100 2 9 1159
100 2 10 1196
100 3 3 1264
100 3 4 1061
100 3 5 1246
100 3 6 1259
100 3 7 1214
100 3 8 1214
100 3 9 1224
100 3 10 1239
100 4 3 1240
100 4 4 1236
100 4 5 1192
100 4 6 1256
100 4 7 1222
100 4 8 1246
100 4 9 1214
100 4 10 1258
100 5 3 1264
100 5 4 1258
100 5 5 1244
100 5 6 1200
100 5 7 1208
100 5 8 1206
100 5 9 1177
100 5 10 1214
100 6 3 1199
100 6 4 1232
100 6 5 1239
100 6 6 1245
100 6 7 1259
100 6 8 1233
100 6 9 1243
100 6 10 1148
100 7 3 1244
100 7 4 1237
100 7 5 1235
100 7 6 1226
100 7 7 1250
100 7 8 1223
100 7 9 1189
100 7 10 1246
100 8 3 1214
100 8 4 1237
100 8 5 1242
100 8 6 1227
100 8 7 1245
100 8 8 1223
100 8 9 1261
100 8 10 1212
100 9 3 1168
100 9 4 1225
100 9 5 1209
100 9 6 1268
100 9 7 1244
100 9 8 1251
100 9 9 1238
100 9 10 1243
