60 0 0 288
60 0 1 311
60 0 2 424
60 0 3 65
60 0 4 340
60 0 5 233
60 0 6 340
60 0 7 425
60 0 8 67
60 0 9 372
60 1 0 358
60 1 1 420
60 1 2 94
60 1 3 234
60 1 4 281
60 1 5 322
60 1 6 175
60 1 7 59
60 1 8 370
60 1 9 268
60 2 0 181
60 2 1 417
60 2 2 425
60 2 3 383
60 2 4 424
60 2 5 88
60 2 6 425
60 2 7 88
60 2 8 360
60 2 9 340
60 3 0 383
60 3 1 328
60 3 2 82
60 3 3 82
60 3 4 80
60 3 5 80
60 3 6 55
60 3 7 360
60 3 8 268
60 3 9 383
60 4 0 399
60 4 1 365
60 4 2 408
60 4 3 88
60 4 4 399
60 4 5 88
60 4 6 332
60 4 7 302
60 4 8 399
60 4 9 365
60 5 0 343
60 5 1 359
60 5 2 395
60 5 3 91
60 5 4 315
60 5 5 156
60 5 6 135
60 5 7 156
60 5 8 184
60 5 9 163
60 6 0 220
60 6 1 62
60 6 2 197
60 6 3 62
60 6 4 165
60 6 5 165
60 6 6 197
60 6 7 165
60 6 8 165
60 6 9 165
60 7 0 88
60 7 1 360
60 7 2 88
60 7 3 295
60 7 4 276
60 7 5 360
60 7 6 320
60 7 7 276
60 7 8 295
60 7 9 320
60 8 0 67
60 8 1 35
60 8 2 200
60 8 3 261
60 8 4 200
60 8 5 228
60 8 6 272
60 8 7 200
60 8 8 67
60 8 9 270
60 9 0 191
60 9 1 301
60 9 2 265
60 9 3 333
60 9 4 423
60 9 5 316
60 9 6 119
60 9 7 137
60 9 8 231
60 9 9 53
80 0 0 414
80 0 1 180
80 0 2 468
80 0 3 494
80 0 4 360
80 0 5 244
80 0 6 79
80 0 7 180
80 0 8 140
80 0 9 267
80 1 0 218
80 1 1 699
80 1 2 739
80 1 3 428
80 1 4 366
80 1 5 138
80 1 6 103
80 1 7 104
80 1 8 396
80 1 9 713
80 2 0 379
80 2 1 316
80 2 2 461
80 2 3 458
80 2 4 560
80 2 5 349
80 2 6 514
80 2 7 44
80 2 8 316
80 2 9 219
80 3 0 281
80 3 1 414
80 3 2 225
80 3 3 480
80 3 4 369
80 3 5 437
80 3 6 109
80 3 7 369
80 3 8 339
80 3 9 432
80 4 0 544
80 4 1 216
80 4 2 597
80 4 3 327
80 4 4 729
80 4 5 740
80 4 6 44
80 4 7 591
80 4 8 477
80 4 9 773
80 5 0 283
80 5 1 181
80 5 2 252
80 5 3 753
80 5 4 278
80 5 5 373
80 5 6 272
80 5 7 219
80 5 8 309
80 5 9 392
80 6 0 126
80 6 1 772
80 6 2 659
80 6 3 199
80 6 4 300
80 6 5 260
80 6 6 160
80 6 7 266
80 6 8 299
80 6 9 754
80 7 0 750
80 7 1 788
80 7 2 122
80 7 3 570
80 7 4 339
80 7 5 122
80 7 6 421
80 7 7 782
80 7 8 743
80 7 9 659
80 8 0 142
80 8 1 310
80 8 2 426
80 8 3 426
80 8 4 80
80 8 5 310
80 8 6 426
80 8 7 80
80 8 8 310
80 8 9 401
80 9 0 281
80 9 1 283
80 9 2 775
80 9 3 742
80 9 4 285
80 9 5 98
80 9 6 313
80 9 7 179
80 9 8 281
80 9 9 287
100 0 0 477
100 0 1 663
100 0 2 181
100 0 3 437
100 0 4 272
100 0 5 272
100 0 6 44
100 0 7 89
100 0 8 521
100 0 9 364
100 1 0 587
100 1 1 188
100 1 2 816
100 1 3 279
100 1 4 687
100 1 5 566
100 1 6 570
100 1 7 868
100 1 8 404
100 1 9 558
100 2 0 1141
100 2 1 1070
100 2 2 837
100 2 3 1070
100 2 4 774
100 2 5 990
100 2 6 1005
100 2 7 1141
100 2 8 1210
100 2 9 1185
100 3 0 524
100 3 1 368
100 3 2 1144
100 3 3 1173
100 3 4 706
100 3 5 485
100 3 6 923
100 3 7 556
100 3 8 945
100 3 9 556
100 4 0 809
100 4 1 1034
100 4 2 809
100 4 3 902
100 4 4 927
100 4 5 1023
100 4 6 1166
100 4 7 1102
100 4 8 1141
100 4 9 369
100 5 0 705
100 5 1 686
100 5 2 646
100 5 3 646
100 5 4 769
100 5 5 949
100 5 6 769
100 5 7 920
100 5 8 289
100 5 9 783
100 6 0 325
100 6 1 377
100 6 2 377
100 6 3 377
100 6 4 377
100 6 5 377
100 6 6 377
100 6 7 235
100 6 8 377
100 6 9 377
100 7 0 459
100 7 1 381
100 7 2 587
100 7 3 547
100 7 4 587
100 7 5 547
100 7 6 290
100 7 7 587
100 7 8 508
100 7 9 441
100 8 0 283
100 8 1 205
100 8 2 257
100 8 3 384
100 8 4 476
100 8 5 157
100 8 6 211
100 8 7 242
100 8 8 384
100 8 9 152
100 9 0 434
100 9 1 1250
100 9 2 447
100 9 3 1185
100 9 4 190
100 9 5 913
100 9 6 755
100 9 7 939
100 9 8 893
100 9 9 371
