60 0 0 376
60 0 1 445
60 0 2 426
60 1 0 452
60 1 1 442
60 1 2 454
60 2 0 434
60 2 1 449
60 2 2 416
60 3 0 445
60 3 1 436
60 3 2 398
60 4 0 452
60 4 1 433
60 4 2 455
60 5 0 456
60 5 1 427
60 5 2 447
60 6 0 443
60 6 1 439
60 6 2 406
60 7 0 381
60 7 1 462
60 7 2 449
60 8 0 450
60 8 1 456
60 8 2 444
60 9 0 439
60 9 1 450
60 9 2 359
80 0 0 768
80 0 1 744
80 0 2 773
80 1 0 788
80 1 1 794
80 1 2 718
80 2 0 760
80 2 1 793
80 2 2 800
80 3 0 811
80 3 1 810
80 3 2 802
80 4 0 781
80 4 1 802
80 4 2 791
80 5 0 788
80 5 1 790
80 5 2 786
80 6 0 792
80 6 1 793
80 6 2 801
80 7 0 816
80 7 1 686
80 7 2 752
80 8 0 792
80 8 1 787
80 8 2 783
80 9 0 795
80 9 1 776
80 9 2 755
100 0 0 1225
100 0 1 1240
100 0 2 1165
100 1 0 1221
100 1 1 1271
100 1 2 1222
100 2 0 1185
100 2 1 1210
100 2 2 1262
100 3 0 1205
100 3 1 1251
100 3 2 1241
100 4 0 1253
100 4 1 1212
100 4 2 1229
100 5 0 1227
100 5 1 1234
100 5 2 1226
100 6 0 1234
100 6 1 1179
100 6 2 1230
100 7 0 1136
100 7 1 1213
100 7 2 1223
100 8 0 1267
100 8 1 1264
100 8 2 1194
100 9 0 1215
100 9 1 1231
100 9 2 1229
60 0 3 409
60 0 4 442
60 0 5 437
60 0 6 400
60 0 7 447
60 0 8 441
60 0 9 418
60 0 10 433
60 1 3 364
60 1 4 400
60 1 5 441
60 1 6 425
60 1 7 396
60 1 8 456
60 1 9 432
60 1 10 434
60 2 3 425
60 2 4 426
60 2 5 455
60 2 6 419
60 2 7 439
60 2 8 411
60 2 9 438
60 2 10 422
60 3 3 443
60 3 4 433
60 3 5 446
60 3 6 431
60 3 7 404
60 3 8 452
60 3 9 439
60 3 10 432
60 4 3 467
60 4 4 387
60 4 5 386
60 4 6 403
60 4 7 421
60 4 8 426
60 4 9 453
60 4 10 457
60 5 3 445
60 5 4 415
60 5 5 428
60 5 6 426
60 5 7 408
60 5 8 441
60 5 9 436
60 5 10 451
60 6 3 447
60 6 4 422
60 6 5 453
60 6 6 352
60 6 7 443
60 6 8 425
60 6 9 437
60 6 10 436
60 7 3 448
60 7 4 456
60 7 5 429
60 7 6 454
60 7 7 460
60 7 8 427
60 7 9 440
60 7 10 430
60 8 3 440
60 8 4 428
60 8 5 445
60 8 6 445
60 8 7 443
60 8 8 433
60 8 9 436
60 8 10 449
60 9 3 461
60 9 4 438
60 9 5 448
60 9 6 440
60 9 7 431
60 9 8 446
60 9 9 447
60 9 10 442
80 0 3 805
80 0 4 783
80 0 5 774
80 0 6 801
80 0 7 756
80 0 8 752
80 0 9 807
80 0 10 806
80 1 3 784
80 1 4 791
80 1 5 809
80 1 6 769
80 1 7 768
80 1 8 798
80 1 9 720
80 1 10 780
80 2 3 790
80 2 4 803
80 2 5 760
80 2 6 787
80 2 7 805
80 2 8 791
80 2 9 816
80 2 10 766
80 3 3 785
80 3 4 791
80 3 5 783
80 3 6 779
80 3 7 777
80 3 8 789
80 3 9 766
80 3 10 771
80 4 3 797
80 4 4 769
80 4 5 818
80 4 6 690
80 4 7 776
80 4 8 795
80 4 9 788
80 4 10 786
80 5 3 789
80 5 4 771
80 5 5 784
80 5 6 778
80 5 7 773
80 5 8 781
80 5 9 777
80 5 10 742
80 6 3 779
80 6 4 776
80 6 5 791
80 6 6 794
80 6 7 774
80 6 8 799
80 6 9 821
80 6 10 754
80 7 3 780
80 7 4 793
80 7 5 762
80 7 6 784
80 7 7 819
80 7 8 786
80 7 9 798
80 7 10 783
80 8 3 768
80 8 4 813
80 8 5 758
80 8 6 785
80 8 7 784
80 8 8 806
80 8 9 789
80 8 10 766
80 9 3 757
80 9 4 750
80 9 5 778
80 9 6 709
80 9 7 776
80 9 8 807
80 9 9 780
80 9 10 659
100 0 3 1237
100 0 4 1152
100 0 5 1247
100 0 6 1247
100 0 7 1254
100 0 8 1145
100 0 9 1123
100 0 10 1240
100 1 3 1258
100 1 4 1123
100 1 5 1240
100 1 6 1206
100 1 7 1257
100 1 8 1235
100 1 9 1223
100 1 10 1086
100 2 3 1239
100 2 4 1222
100 2 5 1227
100 2 6 1161
100 2 7 1253
100 2 8 1274
100 2 9 1176
100 2 10 1210
100 3 3 1272
100 3 4 1093
100 3 5 1243
100 3 6 1237
100 3 7 1180
100 3 8 1216
100 3 9 1227
100 3 10 1194
100 4 3 1247
100 4 4 1227
100 4 5 1074
100 4 6 1221
100 4 7 1226
100 4 8 1201
100 4 9 1217
100 4 10 1212
100 5 3 1241
100 5 4 1235
100 5 5 1257
100 5 6 1230
100 5 7 1200
100 5 8 1232
100 5 9 1235
100 5 10 1229
100 6 3 1057
100 6 4 1253
100 6 5 1200
100 6 6 1128
100 6 7 1248
100 6 8 1141
100 6 9 1239
100 6 10 1249
100 7 3 1242
100 7 4 1254
100 7 5 1246
100 7 6 1238
100 7 7 1258
100 7 8 1229
100 7 9 1255
100 7 10 1258
100 8 3 1234
100 8 4 1226
100 8 5 1220
100 8 6 1243
100 8 7 1239
100 8 8 1239
100 8 9 1203
100 8 10 1218
100 9 3 1214
100 9 4 1234
100 9 5 1241
100 9 6 1193
100 9 7 1200
100 9 8 1196
100 9 9 1196
100 9 10 1160
