60 0 0 434
60 0 1 432
60 0 2 447
60 1 0 451
60 1 1 442
60 1 2 442
60 2 0 426
60 2 1 438
60 2 2 431
60 3 0 432
60 3 1 422
60 3 2 411
60 4 0 433
60 4 1 448
60 4 2 451
60 5 0 406
60 5 1 401
60 5 2 441
60 6 0 451
60 6 1 387
60 6 2 469
60 7 0 461
60 7 1 420
60 7 2 421
60 8 0 419
60 8 1 450
60 8 2 423
60 9 0 451
60 9 1 449
60 9 2 444
80 0 0 789
80 0 1 781
80 0 2 783
80 1 0 777
80 1 1 793
80 1 2 787
80 2 0 781
80 2 1 786
80 2 2 754
80 3 0 779
80 3 1 767
80 3 2 783
80 4 0 772
80 4 1 800
80 4 2 787
80 5 0 794
80 5 1 783
80 5 2 795
80 6 0 809
80 6 1 795
80 6 2 783
80 7 0 786
80 7 1 736
80 7 2 775
80 8 0 728
80 8 1 794
80 8 2 800
80 9 0 793
80 9 1 766
80 9 2 798
100 0 0 1108
100 0 1 1227
100 0 2 1217
100 1 0 1275
100 1 1 1225
100 1 2 1221
100 2 0 1221
100 2 1 1141
100 2 2 1217
100 3 0 1216
100 3 1 1200
100 3 2 1240
100 4 0 1223
100 4 1 1181
100 4 2 1226
100 5 0 1198
100 5 1 1221
100 5 2 1258
100 6 0 1255
100 6 1 1231
100 6 2 1236
100 7 0 1236
100 7 1 1206
100 7 2 1240
100 8 0 1255
100 8 1 1258
100 8 2 1217
100 9 0 1236
100 9 1 1237
100 9 2 1074
60 0 3 447
60 0 4 418
60 0 5 418
60 0 6 418
60 0 7 453
60 0 8 426
60 0 9 405
60 0 10 387
60 1 3 424
60 1 4 439
60 1 5 435
60 1 6 403
60 1 7 420
60 1 8 413
60 1 9 438
60 1 10 450
60 2 3 450
60 2 4 465
60 2 5 430
60 2 6 451
60 2 7 434
60 2 8 392
60 2 9 426
60 2 10 433
60 3 3 411
60 3 4 452
60 3 5 449
60 3 6 415
60 3 7 456
60 3 8 410
60 3 9 436
60 3 10 424
60 4 3 387
60 4 4 426
60 4 5 442
60 4 6 429
60 4 7 418
60 4 8 447
60 4 9 440
60 4 10 438
60 5 3 444
60 5 4 453
60 5 5 403
60 5 6 401
60 5 7 463
60 5 8 440
60 5 9 430
60 5 10 348
60 6 3 444
60 6 4 455
60 6 5 443
60 6 6 437
60 6 7 439
60 6 8 432
60 6 9 447
60 6 10 435
60 7 3 429
60 7 4 432
60 7 5 459
60 7 6 415
60 7 7 463
60 7 8 439
60 7 9 435
60 7 10 430
60 8 3 446
60 8 4 436
60 8 5 431
60 8 6 460
60 8 7 452
60 8 8 454
60 8 9 434
60 8 10 455
60 9 3 451
60 9 4 464
60 9 5 413
60 9 6 448
60 9 7 405
60 9 8 442
60 9 9 435
60 9 10 448
80 0 3 809
80 0 4 766
80 0 5 791
80 0 6 775
80 0 7 775
80 0 8 793
80 0 9 780
80 0 10 761
80 1 3 813
80 1 4 791
80 1 5 779
80 1 6 774
80 1 7 763
80 1 8 775
80 1 9 779
80 1 10 768
80 2 3 810
80 2 4 794
80 2 5 809
80 2 6 811
80 2 7 784
80 2 8 796
80 2 9 794
80 2 10 816
80 3 3 809
80 3 4 799
80 3 5 795
80 3 6 766
80 3 7 804
80 3 8 798
80 3 9 795
80 3 10 782
80 4 3 767
80 4 4 790
80 4 5 808
80 4 6 794
80 4 7 793
80 4 8 821
80 4 9 809
80 4 10 794
80 5 3 797
80 5 4 771
80 5 5 783
80 5 6 783
80 5 7 765
80 5 8 795
80 5 9 781
80 5 10 768
80 6 3 787
80 6 4 807
80 6 5 773
80 6 6 773
80 6 7 802
80 6 8 782
80 6 9 763
80 6 10 785
80 7 3 793
80 7 4 805
80 7 5 782
80 7 6 822
80 7 7 768
80 7 8 765
80 7 9 786
80 7 10 784
80 8 3 800
80 8 4 808
80 8 5 795
80 8 6 748
80 8 7 808
80 8 8 791
80 8 9 820
80 8 10 798
80 9 3 789
80 9 4 776
80 9 5 797
80 9 6 770
80 9 7 770
80 9 8 794
80 9 9 779
80 9 10 769
100 0 3 1234
100 0 4 1098
100 0 5 1230
100 0 6 1201
100 0 7 1251
100 0 8 1229
100 0 9 1247
100 0 10 1212
100 1 3 1238
100 1 4 1233
100 1 5 1262
100 1 6 1223
100 1 7 1276
100 1 8 1236
100 1 9 1207
100 1 10 1268
100 2 3 1238
100 2 4 1252
100 2 5 1252
100 2 6 1225
100 2 7 1232
100 2 8 1265
100 2 9 1229
100 2 10 1243
100 3 3 1208
100 3 4 1238
100 3 5 1232
100 3 6 1219
100 3 7 1227
100 3 8 1226
100 3 9 1155
100 3 10 1257
100 4 3 1221
100 4 4 1249
100 4 5 1224
100 4 6 1251
100 4 7 1232
100 4 8 1266
100 4 9 1188
100 4 10 1229
100 5 3 1230
100 5 4 1172
100 5 5 1225
100 5 6 1226
100 5 7 1230
100 5 8 1259
100 5 9 1080
100 5 10 1252
100 6 3 1227
100 6 4 1214
100 6 5 1232
100 6 6 1248
100 6 7 1228
100 6 8 1272
100 6 9 1257
100 6 10 1245
100 7 3 1245
100 7 4 1235
100 7 5 1212
100 7 6 1257
100 7 7 1205
100 7 8 1215
100 7 9 1157
100 7 10 1217
100 8 3 1228
100 8 4 1233
100 8 5 1256
100 8 6 1237
100 8 7 1233
100 8 8 1249
100 8 9 1222
100 8 10 1253
100 9 3 1216
100 9 4 1162
100 9 5 1128
100 9 6 1207
100 9 7 1238
100 9 8 1264
100 9 9 1268
100 9 10 1255
