60 0 0 408
60 0 1 461
60 0 2 430
60 1 0 370
60 1 1 444
60 1 2 391
60 2 0 414
60 2 1 433
60 2 2 439
60 3 0 457
60 3 1 455
60 3 2 399
60 4 0 457
60 4 1 441
60 4 2 448
60 5 0 430
60 5 1 429
60 5 2 430
60 6 0 431
60 6 1 437
60 6 2 438
60 7 0 439
60 7 1 455
60 7 2 449
60 8 0 441
60 8 1 444
60 8 2 453
60 9 0 462
60 9 1 422
60 9 2 426
80 0 0 809
80 0 1 784
80 0 2 785
80 1 0 812
80 1 1 785
80 1 2 797
80 2 0 773
80 2 1 770
80 2 2 729
80 3 0 702
80 3 1 759
80 3 2 791
80 4 0 787
80 4 1 766
80 4 2 739
80 5 0 800
80 5 1 800
80 5 2 779
80 6 0 783
80 6 1 800
80 6 2 752
80 7 0 780
80 7 1 812
80 7 2 793
80 8 0 744
80 8 1 803
80 8 2 771
80 9 0 786
80 9 1 777
80 9 2 800
100 0 0 1216
100 0 1 1165
100 0 2 1230
100 1 0 1245
100 1 1 1254
100 1 2 1199
100 2 0 1250
100 2 1 1250
100 2 2 1203
100 3 0 1247
100 3 1 1274
100 3 2 1260
100 4 0 1187
100 4 1 1202
100 4 2 1241
100 5 0 1235
100 5 1 1258
100 5 2 1211
100 6 0 1193
100 6 1 1193
100 6 2 1242
100 7 0 1240
100 7 1 1257
100 7 2 1114
100 8 0 1245
100 8 1 1219
100 8 2 1254
100 9 0 1223
100 9 1 1147
100 9 2 1217
60 0 3 441
60 0 4 440
60 0 5 465
60 0 6 442
60 0 7 432
60 0 8 433
60 0 9 456
60 0 10 437
60 1 3 415
60 1 4 416
60 1 5 423
60 1 6 437
60 1 7 434
60 1 8 450
60 1 9 431
60 1 10 442
60 2 3 438
60 2 4 429
60 2 5 444
60 2 6 452
60 2 7 451
60 2 8 433
60 2 9 461
60 2 10 448
60 3 3 407
60 3 4 436
60 3 5 476
60 3 6 439
60 3 7 443
60 3 8 461
60 3 9 394
60 3 10 405
60 4 3 435
60 4 4 437
60 4 5 409
60 4 6 422
60 4 7 436
60 4 8 433
60 4 9 428
60 4 10 435
60 5 3 408
60 5 4 448
60 5 5 425
60 5 6 436
60 5 7 449
60 5 8 458
60 5 9 427
60 5 10 465
60 6 3 447
60 6 4 443
60 6 5 439
60 6 6 423
60 6 7 454
60 6 8 450
60 6 9 432
60 6 10 354
60 7 3 411
60 7 4 457
60 7 5 424
60 7 6 444
60 7 7 394
60 7 8 410
60 7 9 423
60 7 10 440
60 8 3 443
60 8 4 355
60 8 5 437
60 8 6 443
60 8 7 410
60 8 8 439
60 8 9 339
60 8 10 384
60 9 3 440
60 9 4 439
60 9 5 451
60 9 6 440
60 9 7 456
60 9 8 462
60 9 9 381
60 9 10 438
80 0 3 792
80 0 4 794
80 0 5 792
80 0 6 793
80 0 7 797
80 0 8 800
80 0 9 692
80 0 10 752
80 1 3 822
80 1 4 732
80 1 5 800
80 1 6 788
80 1 7 772
80 1 8 791
80 1 9 780
80 1 10 785
80 2 3 810
80 2 4 784
80 2 5 792
80 2 6 790
80 2 7 823
80 2 8 657
80 2 9 795
80 2 10 764
80 3 3 794
80 3 4 779
80 3 5 784
80 3 6 807
80 3 7 760
80 3 8 805
80 3 9 800
80 3 10 800
80 4 3 790
80 4 4 769
80 4 5 758
80 4 6 750
80 4 7 811
80 4 8 777
80 4 9 807
80 4 10 773
80 5 3 759
80 5 4 767
80 5 5 790
80 5 6 755
80 5 7 786
80 5 8 795
80 5 9 795
80 5 10 773
80 6 3 756
80 6 4 773
80 6 5 784
80 6 6 793
80 6 7 759
80 6 8 798
80 6 9 781
80 6 10 798
80 7 3 688
80 7 4 789
80 7 5 770
80 7 6 792
80 7 7 752
80 7 8 727
80 7 9 781
80 7 10 749
80 8 3 793
80 8 4 761
80 8 5 798
80 8 6 794
80 8 7 792
80 8 8 776
80 8 9 800
80 8 10 766
80 9 3 817
80 9 4 767
80 9 5 761
80 9 6 809
80 9 7 778
80 9 8 801
80 9 9 780
80 9 10 788
100 0 3 1244
100 0 4 1218
100 0 5 1263
100 0 6 1234
100 0 7 1186
100 0 8 1149
100 0 9 1200
100 0 10 1176
100 1 3 1214
100 1 4 1276
100 1 5 1210
100 1 6 1213
100 1 7 1260
100 1 8 1247
100 1 9 1240
100 1 10 1152
100 2 3 1187
100 2 4 1210
100 2 5 1269
100 2 6 1225
100 2 7 1243
100 2 8 1232
100 2 9 1254
100 2 10 1226
100 3 3 1223
100 3 4 1252
100 3 5 1194
100 3 6 1246
100 3 7 1167
100 3 8 1185
100 3 9 1241
100 3 10 1217
100 4 3 1235
100 4 4 1237
100 4 5 1266
100 4 6 1241
100 4 7 1118
100 4 8 1148
100 4 9 1196
100 4 10 1171
100 5 3 1282
100 5 4 1231
100 5 5 1171
100 5 6 1196
100 5 7 1150
100 5 8 1247
100 5 9 1239
100 5 10 1238
100 6 3 1239
100 6 4 1257
100 6 5 1243
100 6 6 1211
100 6 7 1250
100 6 8 1201
100 6 9 1214
100 6 10 1218
100 7 3 1254
100 7 4 1242
100 7 5 1243
100 7 6 1230
100 7 7 1236
100 7 8 1248
100 7 9 1236
100 7 10 1195
100 8 3 1223
100 8 4 1219
100 8 5 1221
100 8 6 1223
100 8 7 1227
100 8 8 1268
100 8 9 1254
100 8 10 1240
100 9 3 1221
100 9 4 1244
100 9 5 1231
100 9 6 1206
100 9 7 1191
100 9 8 1236
100 9 9 1260
100 9 10 1246
