60 0 0 417
60 0 1 466
60 0 2 460
60 1 0 430
60 1 1 447
60 1 2 436
60 2 0 437
60 2 1 457
60 2 2 457
60 3 0 455
60 3 1 437
60 3 2 454
60 4 0 439
60 4 1 429
60 4 2 440
60 5 0 446
60 5 1 432
60 5 2 465
60 6 0 444
60 6 1 368
60 6 2 442
60 7 0 424
60 7 1 453
60 7 2 417
60 8 0 442
60 8 1 440
60 8 2 434
60 9 0 457
60 9 1 393
60 9 2 426
80 0 0 795
80 0 1 716
80 0 2 744
80 1 0 726
80 1 1 784
80 1 2 641
80 2 0 728
80 2 1 792
80 2 2 799
80 3 0 773
80 3 1 784
80 3 2 808
80 4 0 780
80 4 1 765
80 4 2 817
80 5 0 798
80 5 1 804
80 5 2 797
80 6 0 786
80 6 1 776
80 6 2 683
80 7 0 777
80 7 1 807
80 7 2 782
80 8 0 792
80 8 1 787
80 8 2 797
80 9 0 789
80 9 1 801
80 9 2 797
100 0 0 1263
100 0 1 1230
100 0 2 1232
100 1 0 1246
100 1 1 1236
100 1 2 1221
100 2 0 1217
100 2 1 1231
100 2 2 1226
100 3 0 1240
100 3 1 1246
100 3 2 1221
100 4 0 1247
100 4 1 1179
100 4 2 1237
100 5 0 1170
100 5 1 1200
100 5 2 1248
100 6 0 1281
100 6 1 1241
100 6 2 1240
100 7 0 1229
100 7 1 1229
100 7 2 1225
100 8 0 1208
100 8 1 1293
100 8 2 1218
100 9 0 1225
100 9 1 1247
100 9 2 1243
60 0 3 413
60 0 4 447
60 0 5 412
60 0 6 448
60 0 7 431
60 0 8 405
60 0 9 439
60 0 10 426
60 1 3 430
60 1 4 443
60 1 5 417
60 1 6 428
60 1 7 448
60 1 8 419
60 1 9 446
60 1 10 446
60 2 3 424
60 2 4 442
60 2 5 414
60 2 6 440
60 2 7 450
60 2 8 413
60 2 9 435
60 2 10 455
60 3 3 435
60 3 4 455
60 3 5 438
60 3 6 446
60 3 7 456
60 3 8 445
60 3 9 440
60 3 10 435
60 4 3 405
60 4 4 432
60 4 5 385
60 4 6 405
60 4 7 445
60 4 8 451
60 4 9 446
60 4 10 443
60 5 3 448
60 5 4 444
60 5 5 441
60 5 6 399
60 5 7 439
60 5 8 412
60 5 9 456
60 5 10 462
60 6 3 456
60 6 4 415
60 6 5 420
60 6 6 448
60 6 7 443
60 6 8 440
60 6 9 458
60 6 10 433
60 7 3 427
60 7 4 438
60 7 5 447
60 7 6 410
60 7 7 440
60 7 8 415
60 7 9 455
60 7 10 418
60 8 3 410
60 8 4 435
60 8 5 454
60 8 6 431
60 8 7 435
60 8 8 399
60 8 9 428
60 8 10 439
60 9 3 443
60 9 4 442
60 9 5 426
60 9 6 439
60 9 7 466
60 9 8 429
60 9 9 438
60 9 10 458
80 0 3 775
80 0 4 776
80 0 5 754
80 0 6 790
80 0 7 721
80 0 8 759
80 0 9 760
80 0 10 778
80 1 3 784
80 1 4 751
80 1 5 821
80 1 6 787
80 1 7 763
80 1 8 790
80 1 9 808
80 1 10 778
80 2 3 806
80 2 4 816
80 2 5 808
80 2 6 803
80 2 7 769
80 2 8 749
80 2 9 728
80 2 10 778
80 3 3 794
80 3 4 716
80 3 5 769
80 3 6 796
80 3 7 793
80 3 8 815
80 3 9 778
80 3 10 787
80 4 3 777
80 4 4 783
80 4 5 799
80 4 6 774
80 4 7 799
80 4 8 795
80 4 9 767
80 4 10 759
80 5 3 813
80 5 4 796
80 5 5 791
80 5 6 784
80 5 7 792
80 5 8 786
80 5 9 733
80 5 10 802
80 6 3 718
80 6 4 770
80 6 5 780
80 6 6 787
80 6 7 772
80 6 8 798
80 6 9 769
80 6 10 745
80 7 3 767
80 7 4 771
80 7 5 777
80 7 6 791
80 7 7 790
80 7 8 790
80 7 9 788
80 7 10 802
80 8 3 788
80 8 4 803
80 8 5 790
80 8 6 788
80 8 7 739
80 8 8 736
80 8 9 714
80 8 10 779
80 9 3 788
80 9 4 758
80 9 5 697
80 9 6 816
80 9 7 753
80 9 8 774
80 9 9 798
80 9 10 792
100 0 3 1212
100 0 4 1242
100 0 5 1249
100 0 6 1255
100 0 7 1200
100 0 8 1244
100 0 9 1191
100 0 10 1228
100 1 3 1233
100 1 4 1232
100 1 5 1224
100 1 6 1234
100 1 7 1211
100 1 8 1233
100 1 9 1263
100 1 10 1258
100 2 3 1263
100 2 4 1235
100 2 5 1228
100 2 6 1180
100 2 7 1234
100 2 8 1273
100 2 9 1253
100 2 10 1243
100 3 3 1174
100 3 4 1203
100 3 5 1230
100 3 6 1235
100 3 7 1247
100 3 8 1225
100 3 9 1242
100 3 10 1232
100 4 3 1266
100 4 4 1224
100 4 5 1240
100 4 6 1245
100 4 7 1236
100 4 8 1240
100 4 9 1247
100 4 10 1159
100 5 3 1208
100 5 4 1223
100 5 5 1190
100 5 6 1225
100 5 7 1202
100 5 8 1243
100 5 9 1266
100 5 10 1226
100 6 3 1203
100 6 4 1231
100 6 5 1281
100 6 6 1218
100 6 7 1084
100 6 8 1225
100 6 9 1256
100 6 10 1273
100 7 3 1273
100 7 4 1240
100 7 5 1226
100 7 6 1237
100 7 7 1218
100 7 8 1236
100 7 9 1231
100 7 10 1175
100 8 3 1252
100 8 4 1235
100 8 5 1220
100 8 6 1196
100 8 7 1231
100 8 8 1281
100 8 9 1257
100 8 10 1176
100 9 3 1206
100 9 4 1258
100 9 5 1259
100 9 6 1264
100 9 7 1224
100 9 8 1220
100 9 9 1259
100 9 10 1009
