60 0 0 442
60 0 1 421
60 0 2 368
60 1 0 438
60 1 1 446
60 1 2 432
60 2 0 319
60 2 1 369
60 2 2 406
60 3 0 455
60 3 1 443
60 3 2 415
60 4 0 417
60 4 1 433
60 4 2 374
60 5 0 450
60 5 1 445
60 5 2 434
60 6 0 428
60 6 1 448
60 6 2 418
60 7 0 447
60 7 1 455
60 7 2 446
60 8 0 437
60 8 1 434
60 8 2 457
60 9 0 412
60 9 1 438
60 9 2 405
80 0 0 771
80 0 1 752
80 0 2 709
80 1 0 715
80 1 1 627
80 1 2 773
80 2 0 734
80 2 1 800
80 2 2 753
80 3 0 691
80 3 1 804
80 3 2 760
80 4 0 789
80 4 1 763
80 4 2 749
80 5 0 777
80 5 1 764
80 5 2 781
80 6 0 799
80 6 1 800
80 6 2 801
80 7 0 790
80 7 1 759
80 7 2 782
80 8 0 813
80 8 1 772
80 8 2 810
80 9 0 755
80 9 1 783
80 9 2 785
100 0 0 1223
100 0 1 1190
100 0 2 1207
100 1 0 1202
100 1 1 1228
100 1 2 1244
100 2 0 1114
100 2 1 860
100 2 2 1234
100 3 0 1253
100 3 1 1198
100 3 2 1177
100 4 0 1173
100 4 1 1235
100 4 2 1120
100 5 0 1234
100 5 1 1201
100 5 2 1238
100 6 0 1124
100 6 1 1247
100 6 2 1200
100 7 0 1246
100 7 1 1237
100 7 2 985
100 8 0 1237
100 8 1 1268
100 8 2 1091
100 9 0 1195
100 9 1 1188
100 9 2 1208
60 0 3 415
60 0 4 427
60 0 5 387
60 0 6 433
60 0 7 436
60 0 8 438
60 0 9 410
60 0 10 375
60 1 3 432
60 1 4 434
60 1 5 450
60 1 6 389
60 1 7 434
60 1 8 372
60 1 9 405
60 1 10 374
60 2 3 439
60 2 4 405
60 2 5 444
60 2 6 444
60 2 7 439
60 2 8 427
60 2 9 428
60 2 10 432
60 3 3 391
60 3 4 408
60 3 5 463
60 3 6 445
60 3 7 459
60 3 8 454
60 3 9 423
60 3 10 453
60 4 3 439
60 4 4 446
60 4 5 430
60 4 6 401
60 4 7 444
60 4 8 323
60 4 9 384
60 4 10 374
60 5 3 466
60 5 4 438
60 5 5 449
60 5 6 434
60 5 7 429
60 5 8 441
60 5 9 436
60 5 10 390
60 6 3 388
60 6 4 455
60 6 5 453
60 6 6 423
60 6 7 442
60 6 8 449
60 6 9 436
60 6 10 445
60 7 3 445
60 7 4 411
60 7 5 405
60 7 6 445
60 7 7 453
60 7 8 445
60 7 9 441
60 7 10 446
60 8 3 410
60 8 4 434
60 8 5 439
60 8 6 445
60 8 7 401
60 8 8 426
60 8 9 426
60 8 10 386
60 9 3 397
60 9 4 375
60 9 5 431
60 9 6 434
60 9 7 402
60 9 8 449
60 9 9 438
60 9 10 431
80 0 3 727
80 0 4 804
80 0 5 790
80 0 6 743
80 0 7 760
80 0 8 762
80 0 9 796
80 0 10 758
80 1 3 789
80 1 4 772
80 1 5 798
80 1 6 779
80 1 7 793
80 1 8 775
80 1 9 799
80 1 10 792
80 2 3 810
80 2 4 671
80 2 5 787
80 2 6 771
80 2 7 764
80 2 8 734
80 2 9 788
80 2 10 775
80 3 3 777
80 3 4 785
80 3 5 760
80 3 6 796
80 3 7 774
80 3 8 727
80 3 9 807
80 3 10 722
80 4 3 778
80 4 4 770
80 4 5 730
80 4 6 716
80 4 7 776
80 4 8 782
80 4 9 788
80 4 10 730
80 5 3 764
80 5 4 791
80 5 5 749
80 5 6 783
80 5 7 753
80 5 8 774
80 5 9 742
80 5 10 785
80 6 3 752
80 6 4 803
80 6 5 753
80 6 6 791
80 6 7 789
80 6 8 777
80 6 9 759
80 6 10 809
80 7 3 722
80 7 4 766
80 7 5 735
80 7 6 598
80 7 7 794
80 7 8 784
80 7 9 798
80 7 10 773
80 8 3 790
80 8 4 781
80 8 5 707
80 8 6 723
80 8 7 788
80 8 8 794
80 8 9 733
80 8 10 763
80 9 3 809
80 9 4 788
80 9 5 743
80 9 6 795
80 9 7 791
80 9 8 660
80 9 9 790
80 9 10 772
100 0 3 1179
100 0 4 1246
100 0 5 1221
100 0 6 1246
100 0 7 1161
100 0 8 1241
100 0 9 1203
100 0 10 1265
100 1 3 1193
100 1 4 1223
100 1 5 1212
100 1 6 1167
100 1 7 1187
100 1 8 1210
100 1 9 1254
100 1 10 1171
100 2 3 1151
100 2 4 1218
100 2 5 1223
100 2 6 1184
100 2 7 1237
100 2 8 1196
100 2 9 1161
100 2 10 1177
100 3 3 1225
100 3 4 1225
100 3 5 1096
100 3 6 1249
100 3 7 1219
100 3 8 1219
100 3 9 1179
100 3 10 1140
100 4 3 1223
100 4 4 1230
100 4 5 1215
100 4 6 1272
100 4 7 1185
100 4 8 1242
100 4 9 1194
100 4 10 1220
100 5 3 1228
100 5 4 1192
100 5 5 1237
100 5 6 1192
100 5 7 1172
100 5 8 1205
100 5 9 1150
100 5 10 1235
100 6 3 1163
100 6 4 1165
100 6 5 1218
100 6 6 1193
100 6 7 1236
100 6 8 1168
100 6 9 1209
100 6 10 1213
100 7 3 1129
100 7 4 1253
100 7 5 1232
100 7 6 1235
100 7 7 1119
100 7 8 1263
100 7 9 1245
100 7 10 1270
100 8 3 1215
100 8 4 1230
100 8 5 1220
100 8 6 1124
100 8 7 1231
100 8 8 1129
100 8 9 1191
100 8 10 1198
100 9 3 1227
100 9 4 1269
100 9 5 1249
100 9 6 1237
100 9 7 1256
100 9 8 1206
100 9 9 1216
100 9 10 1175
