60 0 0 420
60 0 1 437
60 0 2 443
60 1 0 437
60 1 1 442
60 1 2 451
60 2 0 436
60 2 1 439
60 2 2 441
60 3 0 421
60 3 1 440
60 3 2 441
60 4 0 445
60 4 1 429
60 4 2 396
60 5 0 441
60 5 1 416
60 5 2 449
60 6 0 440
60 6 1 447
60 6 2 428
60 7 0 409
60 7 1 431
60 7 2 337
60 8 0 437
60 8 1 431
60 8 2 413
60 9 0 412
60 9 1 440
60 9 2 459
80 0 0 794
80 0 1 745
80 0 2 682
80 1 0 798
80 1 1 773
80 1 2 736
80 2 0 756
80 2 1 811
80 2 2 775
80 3 0 794
80 3 1 811
80 3 2 750
80 4 0 756
80 4 1 791
80 4 2 760
80 5 0 780
80 5 1 807
80 5 2 784
80 6 0 701
80 6 1 759
80 6 2 803
80 7 0 800
80 7 1 779
80 7 2 805
80 8 0 765
80 8 1 791
80 8 2 782
80 9 0 781
80 9 1 787
80 9 2 778
100 0 0 1210
100 0 1 1230
100 0 2 1223
100 1 0 1195
100 1 1 1255
100 1 2 1230
100 2 0 1253
100 2 1 1206
100 2 2 1214
100 3 0 1247
100 3 1 1240
100 3 2 1220
100 4 0 1264
100 4 1 1218
100 4 2 1235
100 5 0 1158
100 5 1 1220
100 5 2 1248
100 6 0 1239
100 6 1 1237
100 6 2 1242
100 7 0 1209
100 7 1 1195
100 7 2 1163
100 8 0 1246
100 8 1 1230
100 8 2 1235
100 9 0 1239
100 9 1 1262
100 9 2 1204
60 0 3 407
60 0 4 431
60 0 5 454
60 0 6 385
60 0 7 418
60 0 8 423
60 0 9 453
60 0 10 448
60 1 3 428
60 1 4 418
60 1 5 431
60 1 6 348
60 1 7 411
60 1 8 401
60 1 9 449
60 1 10 425
60 2 3 440
60 2 4 415
60 2 5 449
60 2 6 453
60 2 7 426
60 2 8 428
60 2 9 400
60 2 10 457
60 3 3 442
60 3 4 400
60 3 5 414
60 3 6 435
60 3 7 424
60 3 8 448
60 3 9 452
60 3 10 429
60 4 3 434
60 4 4 435
60 4 5 441
60 4 6 441
60 4 7 446
60 4 8 442
60 4 9 421
60 4 10 421
60 5 3 438
60 5 4 407
60 5 5 446
60 5 6 413
60 5 7 351
60 5 8 433
60 5 9 421
60 5 10 441
60 6 3 436
60 6 4 441
60 6 5 410
60 6 6 458
60 6 7 444
60 6 8 439
60 6 9 435
60 6 10 413
60 7 3 447
60 7 4 428
60 7 5 445
60 7 6 412
60 7 7 424
60 7 8 453
60 7 9 414
60 7 10 438
60 8 3 428
60 8 4 462
60 8 5 357
60 8 6 447
60 8 7 450
60 8 8 454
60 8 9 420
60 8 10 424
60 9 3 431
60 9 4 413
60 9 5 443
60 9 6 433
60 9 7 423
60 9 8 441
60 9 9 402
60 9 10 452
80 0 3 727
80 0 4 812
80 0 5 770
80 0 6 790
80 0 7 824
80 0 8 789
80 0 9 808
80 0 10 797
80 1 3 792
80 1 4 786
80 1 5 777
80 1 6 776
80 1 7 773
80 1 8 798
80 1 9 767
80 1 10 757
80 2 3 813
80 2 4 783
80 2 5 775
80 2 6 774
80 2 7 788
80 2 8 776
80 2 9 796
80 2 10 700
80 3 3 792
80 3 4 807
80 3 5 792
80 3 6 827
80 3 7 788
80 3 8 801
80 3 9 781
80 3 10 787
80 4 3 783
80 4 4 781
80 4 5 799
80 4 6 777
80 4 7 799
80 4 8 787
80 4 9 771
80 4 10 746
80 5 3 737
80 5 4 809
80 5 5 834
80 5 6 719
80 5 7 777
80 5 8 800
80 5 9 793
80 5 10 796
80 6 3 769
80 6 4 773
80 6 5 800
80 6 6 772
80 6 7 786
80 6 8 786
80 6 9 792
80 6 10 778
80 7 3 712
80 7 4 788
80 7 5 791
80 7 6 782
80 7 7 797
80 7 8 741
80 7 9 770
80 7 10 661
80 8 3 744
80 8 4 789
80 8 5 758
80 8 6 788
80 8 7 758
80 8 8 808
80 8 9 770
80 8 10 809
80 9 3 797
80 9 4 778
80 9 5 695
80 9 6 743
80 9 7 772
80 9 8 785
80 9 9 782
80 9 10 736
100 0 3 1244
100 0 4 1234
100 0 5 1250
100 0 6 1226
100 0 7 1231
100 0 8 1244
100 0 9 1260
100 0 10 1246
100 1 3 1280
100 1 4 1246
100 1 5 1237
100 1 6 1263
100 1 7 1240
100 1 8 1172
100 1 9 1225
100 1 10 1223
100 2 3 1240
100 2 4 1238
100 2 5 1245
100 2 6 1259
100 2 7 1224
100 2 8 1252
100 2 9 1233
100 2 10 1216
100 3 3 1212
100 3 4 1248
100 3 5 1255
100 3 6 1102
100 3 7 1241
100 3 8 1248
100 3 9 1187
100 3 10 1230
100 4 3 1212
100 4 4 1237
100 4 5 1221
100 4 6 1108
100 4 7 1271
100 4 8 1231
100 4 9 1235
100 4 10 1252
100 5 3 1246
100 5 4 1124
100 5 5 1209
100 5 6 1246
100 5 7 1242
100 5 8 1259
100 5 9 1236
100 5 10 1230
100 6 3 1172
100 6 4 1253
100 6 5 1190
100 6 6 1219
100 6 7 1260
100 6 8 1253
100 6 9 1281
100 6 10 1248
100 7 3 1287
100 7 4 1256
100 7 5 1251
100 7 6 1224
100 7 7 1181
100 7 8 1222
100 7 9 1202
100 7 10 1246
100 8 3 1223
100 8 4 1255
100 8 5 1192
100 8 6 1192
100 8 7 1237
100 8 8 1228
100 8 9 1230
100 8 10 1240
100 9 3 1173
100 9 4 1247
100 9 5 1199
100 9 6 1172
100 9 7 1209
100 9 8 1231
100 9 9 1235
100 9 10 1256
