60 0 0 31
60 0 1 0
60 0 2 29
60 0 3 29
60 0 4 435
60 0 5 435
60 0 6 435
60 0 7 435
60 0 8 31
60 0 9 435
60 1 0 0
60 1 1 32
60 1 2 32
60 1 3 258
60 1 4 258
60 1 5 258
60 1 6 258
60 1 7 27
60 1 8 258
60 1 9 226
60 2 0 430
60 2 1 430
60 2 2 430
60 2 3 430
60 2 4 430
60 2 5 430
60 2 6 430
60 2 7 430
60 2 8 430
60 2 9 430
60 3 0 0
60 3 1 274
60 3 2 188
60 3 3 188
60 3 4 55
60 3 5 340
60 3 6 55
60 3 7 26
60 3 8 188
60 3 9 0
60 4 0 440
60 4 1 440
60 4 2 440
60 4 3 440
60 4 4 440
60 4 5 440
60 4 6 440
60 4 7 440
60 4 8 440
60 4 9 440
60 5 0 322
60 5 1 322
60 5 2 322
60 5 3 29
60 5 4 126
60 5 5 253
60 5 6 293
60 5 7 253
60 5 8 451
60 5 9 29
60 6 0 240
60 6 1 240
60 6 2 240
60 6 3 240
60 6 4 240
60 6 5 240
60 6 6 240
60 6 7 240
60 6 8 240
60 6 9 240
60 7 0 430
60 7 1 430
60 7 2 430
60 7 3 430
60 7 4 430
60 7 5 430
60 7 6 430
60 7 7 430
60 7 8 430
60 7 9 430
60 8 0 399
60 8 1 420
60 8 2 398
60 8 3 420
60 8 4 398
60 8 5 398
60 8 6 399
60 8 7 398
60 8 8 399
60 8 9 399
60 9 0 397
60 9 1 187
60 9 2 397
60 9 3 397
60 9 4 423
60 9 5 187
60 9 6 187
60 9 7 187
60 9 8 423
60 9 9 187
80 0 0 468
80 0 1 468
80 0 2 468
80 0 3 468
80 0 4 468
80 0 5 468
80 0 6 468
80 0 7 468
80 0 8 468
80 0 9 468
80 1 0 760
80 1 1 760
80 1 2 200
80 1 3 760
80 1 4 200
80 1 5 200
80 1 6 200
80 1 7 760
80 1 8 760
80 1 9 200
80 2 0 44
80 2 1 630
80 2 2 349
80 2 3 630
80 2 4 0
80 2 5 630
80 2 6 339
80 2 7 44
80 2 8 630
80 2 9 339
80 3 0 596
80 3 1 390
80 3 2 596
80 3 3 596
80 3 4 596
80 3 5 137
80 3 6 137
80 3 7 596
80 3 8 137
80 3 9 137
80 4 0 565
80 4 1 44
80 4 2 0
80 4 3 44
80 4 4 659
80 4 5 746
80 4 6 338
80 4 7 659
80 4 8 565
80 4 9 0
80 5 0 502
80 5 1 502
80 5 2 502
80 5 3 326
80 5 4 605
80 5 5 502
80 5 6 326
80 5 7 605
80 5 8 502
80 5 9 502
80 6 0 770
80 6 1 770
80 6 2 569
80 6 3 569
80 6 4 770
80 6 5 569
80 6 6 569
80 6 7 770
80 6 8 770
80 6 9 569
80 7 0 629
80 7 1 37
80 7 2 774
80 7 3 629
80 7 4 37
80 7 5 159
80 7 6 629
80 7 7 629
80 7 8 736
80 7 9 37
80 8 0 744
80 8 1 744
80 8 2 744
80 8 3 744
80 8 4 744
80 8 5 744
80 8 6 744
80 8 7 744
80 8 8 744
80 8 9 744
80 9 0 176
80 9 1 405
80 9 2 313
80 9 3 176
80 9 4 749
80 9 5 405
80 9 6 313
80 9 7 313
80 9 8 176
80 9 9 313
100 0 0 464
100 0 1 0
100 0 2 0
100 0 3 464
100 0 4 464
100 0 5 464
100 0 6 464
100 0 7 464
100 0 8 1214
100 0 9 1214
100 1 0 0
100 1 1 887
100 1 2 1253
100 1 3 1179
100 1 4 1253
100 1 5 1179
100 1 6 1253
100 1 7 1253
100 1 8 1179
100 1 9 0
100 2 0 1173
100 2 1 1173
100 2 2 1173
100 2 3 1173
100 2 4 1173
100 2 5 1173
100 2 6 1173
100 2 7 1173
100 2 8 1173
100 2 9 1173
100 3 0 923
100 3 1 923
100 3 2 923
100 3 3 48
100 3 4 923
100 3 5 923
100 3 6 48
100 3 7 923
100 3 8 48
100 3 9 923
100 4 0 0
100 4 1 1160
100 4 2 0
100 4 3 1160
100 4 4 1160
100 4 5 1205
100 4 6 0
100 4 7 0
100 4 8 0
100 4 9 1205
100 5 0 646
100 5 1 1093
100 5 2 646
100 5 3 646
100 5 4 1093
100 5 5 1077
100 5 6 1093
100 5 7 1077
100 5 8 646
100 5 9 89
100 6 0 834
100 6 1 834
100 6 2 834
100 6 3 834
100 6 4 834
100 6 5 834
100 6 6 834
100 6 7 834
100 6 8 834
100 6 9 834
100 7 0 274
100 7 1 274
100 7 2 1209
100 7 3 686
100 7 4 1209
100 7 5 686
100 7 6 686
100 7 7 1209
100 7 8 686
100 7 9 1209
100 8 0 283
100 8 1 283
100 8 2 1186
100 8 3 283
100 8 4 1186
100 8 5 283
100 8 6 1186
100 8 7 283
100 8 8 1186
100 8 9 1186
100 9 0 1237
100 9 1 0
100 9 2 58
100 9 3 0
100 9 4 1231
100 9 5 0
100 9 6 1231
100 9 7 0
100 9 8 0
100 9 9 969
