60 0 0 255
60 0 1 360
60 0 2 431
60 1 0 303
60 1 1 414
60 1 2 359
60 2 0 239
60 2 1 366
60 2 2 388
60 3 0 229
60 3 1 447
60 3 2 380
60 4 0 416
60 4 1 384
60 4 2 334
60 5 0 451
60 5 1 406
60 5 2 428
60 6 0 447
60 6 1 375
60 6 2 442
60 7 0 323
60 7 1 299
60 7 2 272
60 8 0 434
60 8 1 441
60 8 2 412
60 9 0 443
60 9 1 461
60 9 2 416
80 0 0 681
80 0 1 796
80 0 2 685
80 1 0 797
80 1 1 694
80 1 2 764
80 2 0 764
80 2 1 746
80 2 2 725
80 3 0 647
80 3 1 794
80 3 2 807
80 4 0 785
80 4 1 783
80 4 2 742
80 5 0 570
80 5 1 772
80 5 2 775
80 6 0 768
80 6 1 757
80 6 2 771
80 7 0 799
80 7 1 591
80 7 2 677
80 8 0 759
80 8 1 768
80 8 2 767
80 9 0 691
80 9 1 777
80 9 2 756
100 0 0 1233
100 0 1 1220
100 0 2 1175
100 1 0 1151
100 1 1 1192
100 1 2 1242
100 2 0 1213
100 2 1 1231
100 2 2 1128
100 3 0 940
100 3 1 716
100 3 2 1236
100 4 0 1084
100 4 1 1235
100 4 2 987
100 5 0 1015
100 5 1 1250
100 5 2 1222
100 6 0 1129
100 6 1 1201
100 6 2 1193
100 7 0 1199
100 7 1 1239
100 7 2 1271
100 8 0 1207
100 8 1 1245
100 8 2 1246
100 9 0 1219
100 9 1 909
100 9 2 1152
