60 0 0 427
60 0 1 434
60 0 2 433
60 1 0 443
60 1 1 436
60 1 2 396
60 2 0 450
60 2 1 456
60 2 2 423
60 3 0 445
60 3 1 433
60 3 2 430
60 4 0 428
60 4 1 436
60 4 2 439
60 5 0 431
60 5 1 446
60 5 2 427
60 6 0 438
60 6 1 418
60 6 2 427
60 7 0 426
60 7 1 417
60 7 2 422
60 8 0 469
60 8 1 443
60 8 2 450
60 9 0 409
60 9 1 449
60 9 2 417
80 0 0 797
80 0 1 707
80 0 2 808
80 1 0 795
80 1 1 806
80 1 2 810
80 2 0 809
80 2 1 769
80 2 2 792
80 3 0 773
80 3 1 738
80 3 2 811
80 4 0 775
80 4 1 790
80 4 2 800
80 5 0 744
80 5 1 762
80 5 2 769
80 6 0 765
80 6 1 783
80 6 2 783
80 7 0 805
80 7 1 781
80 7 2 745
80 8 0 800
80 8 1 756
80 8 2 788
80 9 0 809
80 9 1 764
80 9 2 788
100 0 0 1127
100 0 1 1236
100 0 2 1239
100 1 0 1217
100 1 1 1242
100 1 2 1250
100 2 0 1175
100 2 1 1178
100 2 2 1233
100 3 0 1230
100 3 1 1249
100 3 2 1230
100 4 0 1268
100 4 1 1230
100 4 2 1239
100 5 0 1237
100 5 1 1158
100 5 2 1231
100 6 0 1247
100 6 1 1260
100 6 2 1234
100 7 0 1238
100 7 1 1236
100 7 2 1199
100 8 0 1159
100 8 1 1202
100 8 2 1154
100 9 0 1188
100 9 1 1238
100 9 2 1257
60 0 3 434
60 0 4 411
60 0 5 436
60 0 6 445
60 0 7 408
60 0 8 442
60 0 9 427
60 0 10 407
60 1 3 442
60 1 4 421
60 1 5 375
60 1 6 422
60 1 7 440
60 1 8 455
60 1 9 426
60 1 10 448
60 2 3 448
60 2 4 429
60 2 5 440
60 2 6 423
60 2 7 417
60 2 8 436
60 2 9 442
60 2 10 455
60 3 3 431
60 3 4 412
60 3 5 422
60 3 6 418
60 3 7 413
60 3 8 435
60 3 9 406
60 3 10 449
60 4 3 440
60 4 4 369
60 4 5 433
60 4 6 409
60 4 7 394
60 4 8 420
60 4 9 402
60 4 10 467
60 5 3 433
60 5 4 436
60 5 5 448
60 5 6 433
60 5 7 454
60 5 8 382
60 5 9 422
60 5 10 446
60 6 3 446
60 6 4 416
60 6 5 428
60 6 6 455
60 6 7 442
60 6 8 456
60 6 9 453
60 6 10 445
60 7 3 434
60 7 4 444
60 7 5 434
60 7 6 428
60 7 7 317
60 7 8 431
60 7 9 446
60 7 10 453
60 8 3 412
60 8 4 440
60 8 5 436
60 8 6 446
60 8 7 412
60 8 8 420
60 8 9 440
60 8 10 436
60 9 3 442
60 9 4 467
60 9 5 457
60 9 6 439
60 9 7 425
60 9 8 465
60 9 9 462
60 9 10 417
80 0 3 788
80 0 4 756
80 0 5 811
80 0 6 780
80 0 7 787
80 0 8 791
80 0 9 799
80 0 10 788
80 1 3 760
80 1 4 756
80 1 5 774
80 1 6 751
80 1 7 773
80 1 8 788
80 1 9 800
80 1 10 770
80 2 3 779
80 2 4 816
80 2 5 821
80 2 6 791
80 2 7 787
80 2 8 758
80 2 9 779
80 2 10 787
80 3 3 789
80 3 4 778
80 3 5 777
80 3 6 762
80 3 7 778
80 3 8 789
80 3 9 800
80 3 10 798
80 4 3 776
80 4 4 793
80 4 5 805
80 4 6 797
80 4 7 798
80 4 8 763
80 4 9 777
80 4 10 798
80 5 3 799
80 5 4 815
80 5 5 776
80 5 6 792
80 5 7 811
80 5 8 785
80 5 9 784
80 5 10 777
80 6 3 815
80 6 4 783
80 6 5 770
80 6 6 769
80 6 7 801
80 6 8 781
80 6 9 782
80 6 10 795
80 7 3 817
80 7 4 748
80 7 5 798
80 7 6 792
80 7 7 778
80 7 8 790
80 7 9 795
80 7 10 714
80 8 3 747
80 8 4 764
80 8 5 813
80 8 6 794
80 8 7 795
80 8 8 819
80 8 9 815
80 8 10 806
80 9 3 764
80 9 4 789
80 9 5 792
80 9 6 800
80 9 7 794
80 9 8 797
80 9 9 788
80 9 10 758
100 0 3 1212
100 0 4 1192
100 0 5 1232
100 0 6 1256
100 0 7 1283
100 0 8 1245
100 0 9 1187
100 0 10 1174
100 1 3 1194
100 1 4 1214
100 1 5 1206
100 1 6 1220
100 1 7 1227
100 1 8 1238
100 1 9 1236
100 1 10 1229
100 2 3 1229
100 2 4 1208
100 2 5 1245
100 2 6 1259
100 2 7 1207
100 2 8 1222
100 2 9 1239
100 2 10 1238
100 3 3 1204
100 3 4 1236
100 3 5 1225
100 3 6 1198
100 3 7 1140
100 3 8 1240
100 3 9 1264
100 3 10 1263
100 4 3 1112
100 4 4 1245
100 4 5 1264
100 4 6 1181
100 4 7 1235
100 4 8 1286
100 4 9 1249
100 4 10 1278
100 5 3 1222
100 5 4 1233
100 5 5 1231
100 5 6 1237
100 5 7 1249
100 5 8 1235
100 5 9 1271
100 5 10 1248
100 6 3 1264
100 6 4 1252
100 6 5 1197
100 6 6 1236
100 6 7 1159
100 6 8 1262
100 6 9 1243
100 6 10 1216
100 7 3 1243
100 7 4 1237
100 7 5 1277
100 7 6 1268
100 7 7 1224
100 7 8 1226
100 7 9 1234
100 7 10 1216
100 8 3 1214
100 8 4 1245
100 8 5 1277
100 8 6 1156
100 8 7 1261
100 8 8 1215
100 8 9 1209
100 8 10 1219
100 9 3 1240
100 9 4 1256
100 9 5 1227
100 9 6 1233
100 9 7 1204
100 9 8 1238
100 9 9 1222
100 9 10 1216
