60 0 0 31
60 0 1 311
60 0 2 317
60 0 3 61
60 0 4 253
60 0 5 233
60 0 6 295
60 0 7 340
60 0 8 380
60 0 9 340
60 1 0 382
60 1 1 59
60 1 2 241
60 1 3 128
60 1 4 421
60 1 5 286
60 1 6 32
60 1 7 92
60 1 8 416
60 1 9 268
60 2 0 0
60 2 1 383
60 2 2 371
60 2 3 360
60 2 4 428
60 2 5 383
60 2 6 371
60 2 7 88
60 2 8 324
60 2 9 305
60 3 0 399
60 3 1 415
60 3 2 402
60 3 3 81
60 3 4 83
60 3 5 83
60 3 6 55
60 3 7 371
60 3 8 354
60 3 9 399
60 4 0 381
60 4 1 355
60 4 2 436
60 4 3 365
60 4 4 362
60 4 5 88
60 4 6 302
60 4 7 241
60 4 8 395
60 4 9 332
60 5 0 163
60 5 1 313
60 5 2 352
60 5 3 352
60 5 4 29
60 5 5 156
60 5 6 163
60 5 7 156
60 5 8 154
60 5 9 135
60 6 0 197
60 6 1 165
60 6 2 240
60 6 3 62
60 6 4 165
60 6 5 117
60 6 6 165
60 6 7 165
60 6 8 88
60 6 9 165
60 7 0 276
60 7 1 400
60 7 2 88
60 7 3 243
60 7 4 243
60 7 5 320
60 7 6 276
60 7 7 243
60 7 8 243
60 7 9 276
60 8 0 24
60 8 1 35
60 8 2 200
60 8 3 381
60 8 4 200
60 8 5 200
60 8 6 217
60 8 7 228
60 8 8 67
60 8 9 230
60 9 0 165
60 9 1 272
60 9 2 253
60 9 3 302
60 9 4 66
60 9 5 330
60 9 6 161
60 9 7 137
60 9 8 209
60 9 9 311
80 0 0 414
80 0 1 0
80 0 2 468
80 0 3 436
80 0 4 244
80 0 5 781
80 0 6 468
80 0 7 79
80 0 8 0
80 0 9 764
80 1 0 34
80 1 1 655
80 1 2 694
80 1 3 336
80 1 4 0
80 1 5 669
80 1 6 103
80 1 7 34
80 1 8 489
80 1 9 635
80 2 0 776
80 2 1 316
80 2 2 610
80 2 3 613
80 2 4 533
80 2 5 316
80 2 6 754
80 2 7 720
80 2 8 316
80 2 9 680
80 3 0 281
80 3 1 122
80 3 2 403
80 3 3 588
80 3 4 369
80 3 5 499
80 3 6 719
80 3 7 343
80 3 8 246
80 3 9 217
80 4 0 431
80 4 1 79
80 4 2 0
80 4 3 506
80 4 4 356
80 4 5 460
80 4 6 44
80 4 7 678
80 4 8 738
80 4 9 759
80 5 0 613
80 5 1 392
80 5 2 181
80 5 3 786
80 5 4 304
80 5 5 309
80 5 6 378
80 5 7 76
80 5 8 309
80 5 9 392
80 6 0 300
80 6 1 81
80 6 2 677
80 6 3 438
80 6 4 331
80 6 5 260
80 6 6 85
80 6 7 266
80 6 8 331
80 6 9 667
80 7 0 710
80 7 1 37
80 7 2 37
80 7 3 462
80 7 4 39
80 7 5 282
80 7 6 570
80 7 7 766
80 7 8 37
80 7 9 183
80 8 0 394
80 8 1 694
80 8 2 377
80 8 3 426
80 8 4 80
80 8 5 250
80 8 6 401
80 8 7 519
80 8 8 310
80 8 9 310
80 9 0 217
80 9 1 283
80 9 2 610
80 9 3 253
80 9 4 285
80 9 5 173
80 9 6 287
80 9 7 586
80 9 8 217
80 9 9 313
100 0 0 437
100 0 1 1243
100 0 2 624
100 0 3 437
100 0 4 477
100 0 5 272
100 0 6 395
100 0 7 184
100 0 8 701
100 0 9 993
100 1 0 727
100 1 1 401
100 1 2 816
100 1 3 404
100 1 4 614
100 1 5 318
100 1 6 95
100 1 7 52
100 1 8 363
100 1 9 871
100 2 0 990
100 2 1 990
100 2 2 0
100 2 3 1121
100 2 4 605
100 2 5 144
100 2 6 837
100 2 7 1121
100 2 8 1220
100 2 9 1070
100 3 0 485
100 3 1 893
100 3 2 141
100 3 3 1120
100 3 4 585
100 3 5 408
100 3 6 996
100 3 7 556
100 3 8 325
100 3 9 556
100 4 0 34
100 4 1 1209
100 4 2 809
100 4 3 1204
100 4 4 818
100 4 5 1233
100 4 6 1233
100 4 7 1123
100 4 8 1221
100 4 9 48
100 5 0 998
100 5 1 579
100 5 2 1143
100 5 3 572
100 5 4 1091
100 5 5 949
100 5 6 937
100 5 7 747
100 5 8 108
100 5 9 1255
100 6 0 286
100 6 1 547
100 6 2 325
100 6 3 377
100 6 4 377
100 6 5 377
100 6 6 377
100 6 7 685
100 6 8 547
100 6 9 325
100 7 0 579
100 7 1 310
100 7 2 729
100 7 3 619
100 7 4 626
100 7 5 547
100 7 6 1002
100 7 7 787
100 7 8 508
100 7 9 1096
100 8 0 430
100 8 1 599
100 8 2 916
100 8 3 334
100 8 4 476
100 8 5 880
100 8 6 1087
100 8 7 430
100 8 8 294
100 8 9 1207
100 9 0 58
100 9 1 1206
100 9 2 650
100 9 3 1075
100 9 4 291
100 9 5 1246
100 9 6 58
100 9 7 1185
100 9 8 1148
100 9 9 752
