60 0 0 428
60 0 1 455
60 0 2 416
60 1 0 415
60 1 1 431
60 1 2 437
60 2 0 432
60 2 1 426
60 2 2 411
60 3 0 435
60 3 1 449
60 3 2 442
60 4 0 425
60 4 1 443
60 4 2 430
60 5 0 437
60 5 1 432
60 5 2 459
60 6 0 432
60 6 1 416
60 6 2 422
60 7 0 435
60 7 1 435
60 7 2 445
60 8 0 414
60 8 1 371
60 8 2 434
60 9 0 450
60 9 1 421
60 9 2 431
80 0 0 738
80 0 1 729
80 0 2 788
80 1 0 684
80 1 1 786
80 1 2 794
80 2 0 800
80 2 1 636
80 2 2 775
80 3 0 794
80 3 1 784
80 3 2 705
80 4 0 787
80 4 1 797
80 4 2 762
80 5 0 758
80 5 1 797
80 5 2 797
80 6 0 758
80 6 1 804
80 6 2 694
80 7 0 668
80 7 1 816
80 7 2 793
80 8 0 764
80 8 1 776
80 8 2 814
80 9 0 785
80 9 1 803
80 9 2 776
100 0 0 1231
100 0 1 1261
100 0 2 1272
100 1 0 1276
100 1 1 1229
100 1 2 1192
100 2 0 1187
100 2 1 1213
100 2 2 1254
100 3 0 1211
100 3 1 1218
100 3 2 1244
100 4 0 1159
100 4 1 1202
100 4 2 1209
100 5 0 1235
100 5 1 1225
100 5 2 1230
100 6 0 1178
100 6 1 1239
100 6 2 1244
100 7 0 1254
100 7 1 1288
100 7 2 1247
100 8 0 1195
100 8 1 1138
100 8 2 1226
100 9 0 1254
100 9 1 1273
100 9 2 1115
60 0 3 445
60 0 4 437
60 0 5 410
60 0 6 435
60 0 7 449
60 0 8 443
60 0 9 436
60 0 10 445
60 1 3 437
60 1 4 430
60 1 5 432
60 1 6 457
60 1 7 442
60 1 8 421
60 1 9 391
60 1 10 437
60 2 3 440
60 2 4 448
60 2 5 380
60 2 6 440
60 2 7 433
60 2 8 462
60 2 9 435
60 2 10 447
60 3 3 430
60 3 4 440
60 3 5 440
60 3 6 446
60 3 7 439
60 3 8 416
60 3 9 421
60 3 10 412
60 4 3 433
60 4 4 449
60 4 5 441
60 4 6 444
60 4 7 414
60 4 8 449
60 4 9 446
60 4 10 451
60 5 3 437
60 5 4 427
60 5 5 446
60 5 6 464
60 5 7 380
60 5 8 406
60 5 9 403
60 5 10 373
60 6 3 426
60 6 4 429
60 6 5 445
60 6 6 432
60 6 7 431
60 6 8 383
60 6 9 433
60 6 10 436
60 7 3 451
60 7 4 429
60 7 5 406
60 7 6 423
60 7 7 422
60 7 8 383
60 7 9 357
60 7 10 430
60 8 3 426
60 8 4 441
60 8 5 393
60 8 6 456
60 8 7 435
60 8 8 453
60 8 9 437
60 8 10 429
60 9 3 392
60 9 4 411
60 9 5 428
60 9 6 412
60 9 7 446
60 9 8 450
60 9 9 414
60 9 10 426
80 0 3 711
80 0 4 823
80 0 5 781
80 0 6 743
80 0 7 799
80 0 8 793
80 0 9 711
80 0 10 760
80 1 3 779
80 1 4 793
80 1 5 783
80 1 6 799
80 1 7 805
80 1 8 761
80 1 9 797
80 1 10 804
80 2 3 757
80 2 4 715
80 2 5 812
80 2 6 777
80 2 7 790
80 2 8 784
80 2 9 761
80 2 10 802
80 3 3 790
80 3 4 782
80 3 5 814
80 3 6 745
80 3 7 747
80 3 8 782
80 3 9 784
80 3 10 779
80 4 3 795
80 4 4 778
80 4 5 705
80 4 6 781
80 4 7 802
80 4 8 792
80 4 9 799
80 4 10 790
80 5 3 810
80 5 4 799
80 5 5 743
80 5 6 770
80 5 7 790
80 5 8 793
80 5 9 810
80 5 10 735
80 6 3 793
80 6 4 787
80 6 5 706
80 6 6 783
80 6 7 758
80 6 8 773
80 6 9 803
80 6 10 777
80 7 3 748
80 7 4 728
80 7 5 783
80 7 6 734
80 7 7 807
80 7 8 763
80 7 9 774
80 7 10 821
80 8 3 779
80 8 4 799
80 8 5 741
80 8 6 762
80 8 7 725
80 8 8 739
80 8 9 793
80 8 10 786
80 9 3 694
80 9 4 811
80 9 5 804
80 9 6 809
80 9 7 783
80 9 8 810
80 9 9 796
80 9 10 775
100 0 3 1141
100 0 4 1247
100 0 5 1211
100 0 6 1206
100 0 7 1243
100 0 8 1170
100 0 9 1203
100 0 10 1229
100 1 3 1234
100 1 4 1215
100 1 5 1233
100 1 6 1212
100 1 7 1229
100 1 8 1229
100 1 9 1225
100 1 10 1228
100 2 3 1237
100 2 4 1194
100 2 5 1247
100 2 6 1244
100 2 7 1218
100 2 8 1237
100 2 9 1242
100 2 10 1224
100 3 3 1246
100 3 4 1218
100 3 5 1211
100 3 6 1253
100 3 7 1077
100 3 8 1241
100 3 9 1211
100 3 10 1264
100 4 3 1255
100 4 4 1254
100 4 5 1251
100 4 6 1234
100 4 7 1249
100 4 8 1244
100 4 9 1250
100 4 10 1188
100 5 3 1223
100 5 4 1212
100 5 5 1238
100 5 6 1274
100 5 7 1265
100 5 8 1209
100 5 9 1212
100 5 10 1216
100 6 3 1206
100 6 4 1213
100 6 5 1193
100 6 6 1115
100 6 7 1198
100 6 8 1257
100 6 9 1239
100 6 10 1225
100 7 3 1223
100 7 4 1197
100 7 5 1263
100 7 6 1229
100 7 7 1224
100 7 8 1249
100 7 9 1167
100 7 10 1241
100 8 3 1183
100 8 4 1234
100 8 5 1262
100 8 6 1252
100 8 7 1236
100 8 8 1230
100 8 9 1177
100 8 10 1258
100 9 3 1216
100 9 4 1222
100 9 5 1218
100 9 6 1245
100 9 7 1148
100 9 8 1237
100 9 9 1184
100 9 10 1249
