60 0 0 31
60 0 1 0
60 0 2 53
60 0 3 53
60 0 4 364
60 0 5 364
60 0 6 364
60 0 7 364
60 0 8 31
60 0 9 364
60 1 0 0
60 1 1 32
60 1 2 32
60 1 3 237
60 1 4 237
60 1 5 237
60 1 6 237
60 1 7 27
60 1 8 237
60 1 9 409
60 2 0 393
60 2 1 393
60 2 2 393
60 2 3 393
60 2 4 393
60 2 5 393
60 2 6 393
60 2 7 393
60 2 8 393
60 2 9 393
60 3 0 0
60 3 1 406
60 3 2 163
60 3 3 163
60 3 4 55
60 3 5 312
60 3 6 55
60 3 7 26
60 3 8 163
60 3 9 0
60 4 0 312
60 4 1 312
60 4 2 312
60 4 3 312
60 4 4 312
60 4 5 312
60 4 6 312
60 4 7 312
60 4 8 312
60 4 9 312
60 5 0 182
60 5 1 182
60 5 2 182
60 5 3 29
60 5 4 126
60 5 5 253
60 5 6 188
60 5 7 253
60 5 8 451
60 5 9 29
60 6 0 165
60 6 1 165
60 6 2 165
60 6 3 165
60 6 4 165
60 6 5 165
60 6 6 165
60 6 7 165
60 6 8 165
60 6 9 165
60 7 0 329
60 7 1 329
60 7 2 329
60 7 3 329
60 7 4 329
60 7 5 329
60 7 6 329
60 7 7 329
60 7 8 329
60 7 9 329
60 8 0 392
60 8 1 369
60 8 2 416
60 8 3 369
60 8 4 416
60 8 5 416
60 8 6 392
60 8 7 416
60 8 8 392
60 8 9 392
60 9 0 422
60 9 1 137
60 9 2 422
60 9 3 422
60 9 4 413
60 9 5 137
60 9 6 137
60 9 7 137
60 9 8 413
60 9 9 137
80 0 0 358
80 0 1 358
80 0 2 358
80 0 3 358
80 0 4 358
80 0 5 358
80 0 6 358
80 0 7 358
80 0 8 358
80 0 9 358
80 1 0 498
80 1 1 498
80 1 2 748
80 1 3 498
80 1 4 748
80 1 5 748
80 1 6 748
80 1 7 498
80 1 8 498
80 1 9 748
80 2 0 44
80 2 1 615
80 2 2 316
80 2 3 615
80 2 4 0
80 2 5 615
80 2 6 303
80 2 7 44
80 2 8 615
80 2 9 303
80 3 0 786
80 3 1 367
80 3 2 786
80 3 3 786
80 3 4 786
80 3 5 137
80 3 6 137
80 3 7 786
80 3 8 137
80 3 9 137
80 4 0 532
80 4 1 44
80 4 2 0
80 4 3 44
80 4 4 554
80 4 5 694
80 4 6 705
80 4 7 554
80 4 8 532
80 4 9 0
80 5 0 785
80 5 1 785
80 5 2 785
80 5 3 294
80 5 4 413
80 5 5 785
80 5 6 294
80 5 7 413
80 5 8 785
80 5 9 785
80 6 0 695
80 6 1 695
80 6 2 321
80 6 3 321
80 6 4 695
80 6 5 321
80 6 6 321
80 6 7 695
80 6 8 695
80 6 9 321
80 7 0 552
80 7 1 185
80 7 2 743
80 7 3 552
80 7 4 185
80 7 5 116
80 7 6 552
80 7 7 552
80 7 8 657
80 7 9 185
80 8 0 615
80 8 1 615
80 8 2 615
80 8 3 615
80 8 4 615
80 8 5 615
80 8 6 615
80 8 7 615
80 8 8 615
80 8 9 615
80 9 0 142
80 9 1 309
80 9 2 218
80 9 3 142
80 9 4 574
80 9 5 309
80 9 6 218
80 9 7 218
80 9 8 142
80 9 9 218
100 0 0 352
100 0 1 43
100 0 2 43
100 0 3 352
100 0 4 352
100 0 5 352
100 0 6 352
100 0 7 352
100 0 8 766
100 0 9 766
100 1 0 0
100 1 1 549
100 1 2 1019
100 1 3 1044
100 1 4 1019
100 1 5 1044
100 1 6 1019
100 1 7 1019
100 1 8 1044
100 1 9 0
100 2 0 677
100 2 1 677
100 2 2 677
100 2 3 677
100 2 4 677
100 2 5 677
100 2 6 677
100 2 7 677
100 2 8 677
100 2 9 677
100 3 0 604
100 3 1 604
100 3 2 604
100 3 3 1191
100 3 4 604
100 3 5 604
100 3 6 1191
100 3 7 604
100 3 8 1191
100 3 9 604
100 4 0 745
100 4 1 786
100 4 2 745
100 4 3 786
100 4 4 786
100 4 5 1170
100 4 6 745
100 4 7 745
100 4 8 745
100 4 9 1170
100 5 0 330
100 5 1 973
100 5 2 330
100 5 3 330
100 5 4 973
100 5 5 747
100 5 6 973
100 5 7 747
100 5 8 330
100 5 9 1048
100 6 0 415
100 6 1 415
100 6 2 415
100 6 3 415
100 6 4 415
100 6 5 415
100 6 6 415
100 6 7 415
100 6 8 415
100 6 9 415
100 7 0 193
100 7 1 193
100 7 2 1230
100 7 3 575
100 7 4 1230
100 7 5 575
100 7 6 575
100 7 7 1230
100 7 8 575
100 7 9 1230
100 8 0 283
100 8 1 283
100 8 2 893
100 8 3 283
100 8 4 893
100 8 5 283
100 8 6 893
100 8 7 283
100 8 8 893
100 8 9 893
100 9 0 1058
100 9 1 0
100 9 2 369
100 9 3 0
100 9 4 841
100 9 5 0
100 9 6 841
100 9 7 0
100 9 8 0
100 9 9 900
