60 0 0 441
60 0 1 440
60 0 2 406
60 1 0 414
60 1 1 441
60 1 2 393
60 2 0 443
60 2 1 459
60 2 2 435
60 3 0 425
60 3 1 445
60 3 2 417
60 4 0 427
60 4 1 439
60 4 2 421
60 5 0 440
60 5 1 439
60 5 2 430
60 6 0 372
60 6 1 430
60 6 2 462
60 7 0 467
60 7 1 440
60 7 2 410
60 8 0 436
60 8 1 428
60 8 2 451
60 9 0 448
60 9 1 444
60 9 2 439
80 0 0 769
80 0 1 720
80 0 2 739
80 1 0 763
80 1 1 727
80 1 2 764
80 2 0 765
80 2 1 793
80 2 2 799
80 3 0 744
80 3 1 779
80 3 2 800
80 4 0 698
80 4 1 744
80 4 2 809
80 5 0 760
80 5 1 686
80 5 2 760
80 6 0 781
80 6 1 801
80 6 2 797
80 7 0 705
80 7 1 789
80 7 2 781
80 8 0 795
80 8 1 754
80 8 2 805
80 9 0 749
80 9 1 771
80 9 2 754
100 0 0 1182
100 0 1 1208
100 0 2 1262
100 1 0 1230
100 1 1 1243
100 1 2 1223
100 2 0 1208
100 2 1 1241
100 2 2 1176
100 3 0 1254
100 3 1 1185
100 3 2 1208
100 4 0 1214
100 4 1 1252
100 4 2 1249
100 5 0 1231
100 5 1 1098
100 5 2 1233
100 6 0 1229
100 6 1 1272
100 6 2 1250
100 7 0 1241
100 7 1 1247
100 7 2 1202
100 8 0 1249
100 8 1 1228
100 8 2 1230
100 9 0 1260
100 9 1 1240
100 9 2 1217
60 0 3 423
60 0 4 403
60 0 5 387
60 0 6 441
60 0 7 405
60 0 8 382
60 0 9 428
60 0 10 441
60 1 3 445
60 1 4 448
60 1 5 410
60 1 6 442
60 1 7 427
60 1 8 446
60 1 9 440
60 1 10 408
60 2 3 398
60 2 4 423
60 2 5 425
60 2 6 458
60 2 7 445
60 2 8 470
60 2 9 457
60 2 10 445
60 3 3 436
60 3 4 429
60 3 5 448
60 3 6 455
60 3 7 433
60 3 8 428
60 3 9 467
60 3 10 434
60 4 3 437
60 4 4 445
60 4 5 442
60 4 6 414
60 4 7 437
60 4 8 426
60 4 9 434
60 4 10 433
60 5 3 466
60 5 4 448
60 5 5 436
60 5 6 453
60 5 7 435
60 5 8 445
60 5 9 440
60 5 10 422
60 6 3 465
60 6 4 386
60 6 5 453
60 6 6 445
60 6 7 445
60 6 8 455
60 6 9 472
60 6 10 449
60 7 3 433
60 7 4 454
60 7 5 464
60 7 6 448
60 7 7 447
60 7 8 435
60 7 9 445
60 7 10 435
60 8 3 467
60 8 4 437
60 8 5 462
60 8 6 458
60 8 7 433
60 8 8 448
60 8 9 435
60 8 10 425
60 9 3 449
60 9 4 453
60 9 5 433
60 9 6 449
60 9 7 444
60 9 8 411
60 9 9 432
60 9 10 438
80 0 3 779
80 0 4 778
80 0 5 710
80 0 6 786
80 0 7 780
80 0 8 783
80 0 9 789
80 0 10 792
80 1 3 807
80 1 4 778
80 1 5 795
80 1 6 806
80 1 7 780
80 1 8 789
80 1 9 779
80 1 10 798
80 2 3 801
80 2 4 811
80 2 5 740
80 2 6 796
80 2 7 785
80 2 8 795
80 2 9 764
80 2 10 789
80 3 3 786
80 3 4 836
80 3 5 781
80 3 6 786
80 3 7 717
80 3 8 739
80 3 9 786
80 3 10 775
80 4 3 800
80 4 4 789
80 4 5 758
80 4 6 744
80 4 7 768
80 4 8 758
80 4 9 793
80 4 10 799
80 5 3 797
80 5 4 783
80 5 5 829
80 5 6 791
80 5 7 771
80 5 8 808
80 5 9 770
80 5 10 773
80 6 3 766
80 6 4 761
80 6 5 743
80 6 6 715
80 6 7 760
80 6 8 766
80 6 9 794
80 6 10 795
80 7 3 759
80 7 4 769
80 7 5 789
80 7 6 806
80 7 7 699
80 7 8 809
80 7 9 772
80 7 10 793
80 8 3 726
80 8 4 730
80 8 5 777
80 8 6 809
80 8 7 770
80 8 8 789
80 8 9 767
80 8 10 808
80 9 3 786
80 9 4 808
80 9 5 781
80 9 6 779
80 9 7 774
80 9 8 805
80 9 9 812
80 9 10 785
100 0 3 1210
100 0 4 1260
100 0 5 1193
100 0 6 1233
100 0 7 1181
100 0 8 1227
100 0 9 1281
100 0 10 1216
100 1 3 1186
100 1 4 1229
100 1 5 1196
100 1 6 1253
100 1 7 1217
100 1 8 1200
100 1 9 1263
100 1 10 1159
100 2 3 1220
100 2 4 1221
100 2 5 1287
100 2 6 1129
100 2 7 1244
100 2 8 1209
100 2 9 1239
100 2 10 1237
100 3 3 1250
100 3 4 1235
100 3 5 1263
100 3 6 1227
100 3 7 1157
100 3 8 1239
100 3 9 1266
100 3 10 1229
100 4 3 1211
100 4 4 1093
100 4 5 1188
100 4 6 1239
100 4 7 1245
100 4 8 1219
100 4 9 1195
100 4 10 1250
100 5 3 1174
100 5 4 1257
100 5 5 1243
100 5 6 1191
100 5 7 1149
100 5 8 1219
100 5 9 1241
100 5 10 1251
100 6 3 1231
100 6 4 1249
100 6 5 1217
100 6 6 1225
100 6 7 1259
100 6 8 1233
100 6 9 1240
100 6 10 1226
100 7 3 1185
100 7 4 1185
100 7 5 1217
100 7 6 1260
100 7 7 1255
100 7 8 1230
100 7 9 1111
100 7 10 1265
100 8 3 1232
100 8 4 1254
100 8 5 1238
100 8 6 1163
100 8 7 1109
100 8 8 1248
100 8 9 1236
100 8 10 1189
100 9 3 1236
100 9 4 1254
100 9 5 1189
100 9 6 1233
100 9 7 1232
100 9 8 1229
100 9 9 1232
100 9 10 1257
