60 0 0 442
60 0 1 447
60 0 2 459
60 1 0 457
60 1 1 439
60 1 2 450
60 2 0 434
60 2 1 447
60 2 2 429
60 3 0 439
60 3 1 448
60 3 2 460
60 4 0 445
60 4 1 434
60 4 2 459
60 5 0 441
60 5 1 443
60 5 2 457
60 6 0 433
60 6 1 438
60 6 2 445
60 7 0 428
60 7 1 441
60 7 2 444
60 8 0 450
60 8 1 462
60 8 2 438
60 9 0 412
60 9 1 398
60 9 2 455
80 0 0 706
80 0 1 795
80 0 2 795
80 1 0 766
80 1 1 764
80 1 2 806
80 2 0 803
80 2 1 756
80 2 2 804
80 3 0 795
80 3 1 800
80 3 2 664
80 4 0 808
80 4 1 784
80 4 2 788
80 5 0 744
80 5 1 799
80 5 2 790
80 6 0 793
80 6 1 762
80 6 2 818
80 7 0 785
80 7 1 755
80 7 2 781
80 8 0 788
80 8 1 797
80 8 2 775
80 9 0 788
80 9 1 797
80 9 2 776
100 0 0 1223
100 0 1 1228
100 0 2 1238
100 1 0 1232
100 1 1 1211
100 1 2 1242
100 2 0 1230
100 2 1 1216
100 2 2 1237
100 3 0 1259
100 3 1 1240
100 3 2 1197
100 4 0 1224
100 4 1 1239
100 4 2 1229
100 5 0 1260
100 5 1 1199
100 5 2 1222
100 6 0 1256
100 6 1 1181
100 6 2 1257
100 7 0 1237
100 7 1 1254
100 7 2 1259
100 8 0 1214
100 8 1 1269
100 8 2 1211
100 9 0 1247
100 9 1 1259
100 9 2 1278
60 0 3 438
60 0 4 460
60 0 5 442
60 0 6 439
60 0 7 433
60 0 8 437
60 0 9 434
60 0 10 451
60 1 3 442
60 1 4 446
60 1 5 426
60 1 6 425
60 1 7 431
60 1 8 431
60 1 9 453
60 1 10 429
60 2 3 447
60 2 4 423
60 2 5 445
60 2 6 436
60 2 7 422
60 2 8 394
60 2 9 461
60 2 10 451
60 3 3 448
60 3 4 401
60 3 5 405
60 3 6 450
60 3 7 433
60 3 8 441
60 3 9 425
60 3 10 438
60 4 3 459
60 4 4 415
60 4 5 464
60 4 6 432
60 4 7 441
60 4 8 442
60 4 9 429
60 4 10 431
60 5 3 447
60 5 4 436
60 5 5 446
60 5 6 453
60 5 7 426
60 5 8 437
60 5 9 448
60 5 10 473
60 6 3 348
60 6 4 448
60 6 5 418
60 6 6 456
60 6 7 444
60 6 8 443
60 6 9 447
60 6 10 451
60 7 3 443
60 7 4 442
60 7 5 457
60 7 6 445
60 7 7 432
60 7 8 438
60 7 9 450
60 7 10 453
60 8 3 443
60 8 4 394
60 8 5 438
60 8 6 433
60 8 7 400
60 8 8 445
60 8 9 438
60 8 10 439
60 9 3 427
60 9 4 434
60 9 5 451
60 9 6 464
60 9 7 454
60 9 8 445
60 9 9 415
60 9 10 440
80 0 3 738
80 0 4 777
80 0 5 780
80 0 6 726
80 0 7 802
80 0 8 795
80 0 9 810
80 0 10 771
80 1 3 768
80 1 4 792
80 1 5 795
80 1 6 812
80 1 7 779
80 1 8 797
80 1 9 768
80 1 10 770
80 2 3 761
80 2 4 766
80 2 5 780
80 2 6 761
80 2 7 674
80 2 8 807
80 2 9 774
80 2 10 768
80 3 3 752
80 3 4 771
80 3 5 781
80 3 6 780
80 3 7 784
80 3 8 817
80 3 9 798
80 3 10 799
80 4 3 780
80 4 4 784
80 4 5 801
80 4 6 757
80 4 7 763
80 4 8 775
80 4 9 800
80 4 10 781
80 5 3 813
80 5 4 814
80 5 5 758
80 5 6 768
80 5 7 807
80 5 8 790
80 5 9 722
80 5 10 724
80 6 3 802
80 6 4 774
80 6 5 767
80 6 6 803
80 6 7 770
80 6 8 779
80 6 9 784
80 6 10 733
80 7 3 801
80 7 4 792
80 7 5 752
80 7 6 793
80 7 7 791
80 7 8 773
80 7 9 769
80 7 10 785
80 8 3 762
80 8 4 733
80 8 5 764
80 8 6 802
80 8 7 751
80 8 8 786
80 8 9 783
80 8 10 796
80 9 3 783
80 9 4 797
80 9 5 806
80 9 6 797
80 9 7 827
80 9 8 790
80 9 9 795
80 9 10 799
100 0 3 1184
100 0 4 1201
100 0 5 1230
100 0 6 1236
100 0 7 1185
100 0 8 1253
100 0 9 1241
100 0 10 1261
100 1 3 1221
100 1 4 1255
100 1 5 1214
100 1 6 1180
100 1 7 1247
100 1 8 1215
100 1 9 1268
100 1 10 1227
100 2 3 1215
100 2 4 1212
100 2 5 1227
100 2 6 1202
100 2 7 1187
100 2 8 1152
100 2 9 1226
100 2 10 1189
100 3 3 1225
100 3 4 1196
100 3 5 1152
100 3 6 1234
100 3 7 1215
100 3 8 1253
100 3 9 1249
100 3 10 1202
100 4 3 1234
100 4 4 1263
100 4 5 1202
100 4 6 1262
100 4 7 1215
100 4 8 1244
100 4 9 1228
100 4 10 1193
100 5 3 1247
100 5 4 1256
100 5 5 1245
100 5 6 1154
100 5 7 1234
100 5 8 1201
100 5 9 1238
100 5 10 1255
100 6 3 1281
100 6 4 1248
100 6 5 1185
100 6 6 1227
100 6 7 1202
100 6 8 1261
100 6 9 1232
100 6 10 1230
100 7 3 1212
100 7 4 1211
100 7 5 1260
100 7 6 1242
100 7 7 1215
100 7 8 1194
100 7 9 1221
100 7 10 1253
100 8 3 1223
100 8 4 1226
100 8 5 1238
100 8 6 1246
100 8 7 1240
100 8 8 1264
100 8 9 1224
100 8 10 1239
100 9 3 1214
100 9 4 1183
100 9 5 1232
100 9 6 1225
100 9 7 1258
100 9 8 1192
100 9 9 1214
100 9 10 1233
