60 0 0 340
60 0 1 451
60 0 2 437
60 1 0 454
60 1 1 435
60 1 2 440
60 2 0 436
60 2 1 391
60 2 2 440
60 3 0 409
60 3 1 437
60 3 2 447
60 4 0 408
60 4 1 388
60 4 2 430
60 5 0 372
60 5 1 448
60 5 2 453
60 6 0 436
60 6 1 445
60 6 2 454
60 7 0 308
60 7 1 427
60 7 2 358
60 8 0 433
60 8 1 381
60 8 2 430
60 9 0 415
60 9 1 438
60 9 2 427
80 0 0 796
80 0 1 813
80 0 2 781
80 1 0 783
80 1 1 791
80 1 2 765
80 2 0 798
80 2 1 799
80 2 2 760
80 3 0 730
80 3 1 781
80 3 2 794
80 4 0 765
80 4 1 780
80 4 2 779
80 5 0 799
80 5 1 803
80 5 2 804
80 6 0 790
80 6 1 799
80 6 2 758
80 7 0 729
80 7 1 773
80 7 2 758
80 8 0 663
80 8 1 776
80 8 2 705
80 9 0 783
80 9 1 803
80 9 2 749
100 0 0 1236
100 0 1 1268
100 0 2 1249
100 1 0 1116
100 1 1 1211
100 1 2 1242
100 2 0 1253
100 2 1 1244
100 2 2 1217
100 3 0 1169
100 3 1 1223
100 3 2 1176
100 4 0 1224
100 4 1 1253
100 4 2 1212
100 5 0 1205
100 5 1 1224
100 5 2 1187
100 6 0 1171
100 6 1 1175
100 6 2 1184
100 7 0 1234
100 7 1 1251
100 7 2 1255
100 8 0 1258
100 8 1 953
100 8 2 1178
100 9 0 1234
100 9 1 1207
100 9 2 1261
60 0 3 384
60 0 4 419
60 0 5 440
60 0 6 459
60 0 7 437
60 0 8 449
60 0 9 438
60 0 10 432
60 1 3 447
60 1 4 437
60 1 5 410
60 1 6 389
60 1 7 413
60 1 8 332
60 1 9 418
60 1 10 435
60 2 3 425
60 2 4 448
60 2 5 432
60 2 6 444
60 2 7 449
60 2 8 428
60 2 9 419
60 2 10 478
60 3 3 453
60 3 4 419
60 3 5 418
60 3 6 449
60 3 7 435
60 3 8 426
60 3 9 379
60 3 10 363
60 4 3 438
60 4 4 461
60 4 5 377
60 4 6 422
60 4 7 257
60 4 8 436
60 4 9 431
60 4 10 440
60 5 3 446
60 5 4 410
60 5 5 374
60 5 6 387
60 5 7 452
60 5 8 338
60 5 9 430
60 5 10 407
60 6 3 400
60 6 4 322
60 6 5 436
60 6 6 445
60 6 7 430
60 6 8 423
60 6 9 422
60 6 10 320
60 7 3 441
60 7 4 415
60 7 5 433
60 7 6 415
60 7 7 431
60 7 8 437
60 7 9 438
60 7 10 402
60 8 3 449
60 8 4 370
60 8 5 455
60 8 6 442
60 8 7 447
60 8 8 427
60 8 9 433
60 8 10 421
60 9 3 417
60 9 4 438
60 9 5 413
60 9 6 394
60 9 7 422
60 9 8 449
60 9 9 432
60 9 10 438
80 0 3 781
80 0 4 765
80 0 5 805
80 0 6 798
80 0 7 781
80 0 8 796
80 0 9 766
80 0 10 735
80 1 3 764
80 1 4 788
80 1 5 820
80 1 6 787
80 1 7 677
80 1 8 760
80 1 9 794
80 1 10 798
80 2 3 788
80 2 4 781
80 2 5 722
80 2 6 797
80 2 7 585
80 2 8 791
80 2 9 758
80 2 10 727
80 3 3 773
80 3 4 797
80 3 5 773
80 3 6 725
80 3 7 788
80 3 8 768
80 3 9 784
80 3 10 779
80 4 3 583
80 4 4 795
80 4 5 792
80 4 6 786
80 4 7 746
80 4 8 776
80 4 9 784
80 4 10 782
80 5 3 672
80 5 4 764
80 5 5 776
80 5 6 777
80 5 7 779
80 5 8 797
80 5 9 767
80 5 10 665
80 6 3 776
80 6 4 772
80 6 5 758
80 6 6 769
80 6 7 659
80 6 8 794
80 6 9 797
80 6 10 742
80 7 3 562
80 7 4 804
80 7 5 608
80 7 6 768
80 7 7 743
80 7 8 763
80 7 9 755
80 7 10 751
80 8 3 663
80 8 4 782
80 8 5 789
80 8 6 747
80 8 7 796
80 8 8 690
80 8 9 804
80 8 10 762
80 9 3 690
80 9 4 721
80 9 5 693
80 9 6 789
80 9 7 718
80 9 8 755
80 9 9 732
80 9 10 784
100 0 3 1154
100 0 4 1245
100 0 5 1254
100 0 6 1182
100 0 7 1214
100 0 8 1211
100 0 9 1177
100 0 10 1245
100 1 3 1215
100 1 4 1148
100 1 5 1237
100 1 6 1230
100 1 7 1250
100 1 8 1266
100 1 9 1257
100 1 10 1096
100 2 3 1239
100 2 4 1228
100 2 5 1146
100 2 6 1207
100 2 7 1053
100 2 8 1141
100 2 9 775
100 2 10 1211
100 3 3 1198
100 3 4 1185
100 3 5 1233
100 3 6 1240
100 3 7 1225
100 3 8 1118
100 3 9 1190
100 3 10 1211
100 4 3 1206
100 4 4 1240
100 4 5 1244
100 4 6 1225
100 4 7 1231
100 4 8 1238
100 4 9 1218
100 4 10 1247
100 5 3 1270
100 5 4 1166
100 5 5 1224
100 5 6 954
100 5 7 1212
100 5 8 1237
100 5 9 1239
100 5 10 1166
100 6 3 1188
100 6 4 1222
100 6 5 929
100 6 6 1194
100 6 7 1203
100 6 8 1212
100 6 9 1197
100 6 10 1158
100 7 3 1041
100 7 4 1233
100 7 5 1247
100 7 6 1258
100 7 7 1183
100 7 8 1224
100 7 9 1221
100 7 10 1138
100 8 3 1095
100 8 4 1234
100 8 5 1233
100 8 6 1164
100 8 7 1246
100 8 8 1089
100 8 9 1209
100 8 10 1159
100 9 3 1170
100 9 4 1204
100 9 5 1239
100 9 6 1257
100 9 7 1204
100 9 8 957
100 9 9 1054
100 9 10 1171
