60 0 0 447
60 0 1 429
60 0 2 430
60 1 0 431
60 1 1 446
60 1 2 459
60 2 0 399
60 2 1 401
60 2 2 431
60 3 0 451
60 3 1 437
60 3 2 422
60 4 0 452
60 4 1 372
60 4 2 444
60 5 0 430
60 5 1 460
60 5 2 428
60 6 0 435
60 6 1 443
60 6 2 434
60 7 0 423
60 7 1 419
60 7 2 428
60 8 0 465
60 8 1 433
60 8 2 451
60 9 0 445
60 9 1 403
60 9 2 429
80 0 0 788
80 0 1 791
80 0 2 782
80 1 0 818
80 1 1 763
80 1 2 745
80 2 0 796
80 2 1 775
80 2 2 813
80 3 0 738
80 3 1 782
80 3 2 781
80 4 0 782
80 4 1 776
80 4 2 769
80 5 0 729
80 5 1 712
80 5 2 780
80 6 0 782
80 6 1 769
80 6 2 766
80 7 0 805
80 7 1 800
80 7 2 771
80 8 0 805
80 8 1 767
80 8 2 772
80 9 0 830
80 9 1 796
80 9 2 726
100 0 0 1256
100 0 1 1232
100 0 2 1224
100 1 0 1239
100 1 1 1246
100 1 2 1235
100 2 0 1236
100 2 1 1152
100 2 2 1256
100 3 0 1251
100 3 1 1120
100 3 2 1256
100 4 0 1263
100 4 1 1184
100 4 2 1228
100 5 0 1269
100 5 1 1261
100 5 2 1216
100 6 0 1264
100 6 1 1234
100 6 2 1277
100 7 0 1244
100 7 1 1226
100 7 2 1245
100 8 0 1212
100 8 1 1250
100 8 2 1222
100 9 0 1212
100 9 1 1275
100 9 2 1222
60 0 3 435
60 0 4 456
60 0 5 439
60 0 6 457
60 0 7 356
60 0 8 458
60 0 9 435
60 0 10 439
60 1 3 437
60 1 4 442
60 1 5 452
60 1 6 451
60 1 7 432
60 1 8 441
60 1 9 429
60 1 10 405
60 2 3 427
60 2 4 412
60 2 5 442
60 2 6 433
60 2 7 432
60 2 8 455
60 2 9 456
60 2 10 430
60 3 3 422
60 3 4 428
60 3 5 440
60 3 6 439
60 3 7 450
60 3 8 376
60 3 9 423
60 3 10 447
60 4 3 450
60 4 4 426
60 4 5 425
60 4 6 445
60 4 7 431
60 4 8 399
60 4 9 449
60 4 10 443
60 5 3 442
60 5 4 434
60 5 5 439
60 5 6 435
60 5 7 433
60 5 8 441
60 5 9 453
60 5 10 425
60 6 3 424
60 6 4 424
60 6 5 443
60 6 6 427
60 6 7 461
60 6 8 442
60 6 9 443
60 6 10 448
60 7 3 439
60 7 4 423
60 7 5 421
60 7 6 431
60 7 7 458
60 7 8 463
60 7 9 452
60 7 10 377
60 8 3 462
60 8 4 428
60 8 5 449
60 8 6 450
60 8 7 437
60 8 8 397
60 8 9 439
60 8 10 422
60 9 3 437
60 9 4 436
60 9 5 448
60 9 6 433
60 9 7 460
60 9 8 407
60 9 9 448
60 9 10 454
80 0 3 793
80 0 4 810
80 0 5 764
80 0 6 731
80 0 7 728
80 0 8 773
80 0 9 806
80 0 10 747
80 1 3 771
80 1 4 795
80 1 5 768
80 1 6 814
80 1 7 747
80 1 8 775
80 1 9 783
80 1 10 755
80 2 3 804
80 2 4 729
80 2 5 774
80 2 6 782
80 2 7 767
80 2 8 809
80 2 9 794
80 2 10 813
80 3 3 768
80 3 4 796
80 3 5 801
80 3 6 800
80 3 7 788
80 3 8 765
80 3 9 785
80 3 10 804
80 4 3 782
80 4 4 784
80 4 5 820
80 4 6 793
80 4 7 809
80 4 8 776
80 4 9 807
80 4 10 779
80 5 3 789
80 5 4 810
80 5 5 810
80 5 6 710
80 5 7 804
80 5 8 780
80 5 9 815
80 5 10 778
80 6 3 768
80 6 4 789
80 6 5 793
80 6 6 777
80 6 7 759
80 6 8 796
80 6 9 738
80 6 10 778
80 7 3 804
80 7 4 787
80 7 5 784
80 7 6 809
80 7 7 737
80 7 8 716
80 7 9 791
80 7 10 755
80 8 3 811
80 8 4 804
80 8 5 773
80 8 6 778
80 8 7 800
80 8 8 731
80 8 9 761
80 8 10 815
80 9 3 772
80 9 4 770
80 9 5 798
80 9 6 794
80 9 7 764
80 9 8 802
80 9 9 758
80 9 10 776
100 0 3 1201
100 0 4 1184
100 0 5 1238
100 0 6 1245
100 0 7 1225
100 0 8 1211
100 0 9 1191
100 0 10 1207
100 1 3 1232
100 1 4 1204
100 1 5 1144
100 1 6 1246
100 1 7 1242
100 1 8 1215
100 1 9 1223
100 1 10 1242
100 2 3 1267
100 2 4 1285
100 2 5 1261
100 2 6 1220
100 2 7 1207
100 2 8 1214
100 2 9 1254
100 2 10 1131
100 3 3 1169
100 3 4 1189
100 3 5 1230
100 3 6 1207
100 3 7 1243
100 3 8 1234
100 3 9 1252
100 3 10 1225
100 4 3 1205
100 4 4 1274
100 4 5 1211
100 4 6 1239
100 4 7 1226
100 4 8 1233
100 4 9 1240
100 4 10 1254
100 5 3 1171
100 5 4 1243
100 5 5 1230
100 5 6 1244
100 5 7 1227
100 5 8 1256
100 5 9 1229
100 5 10 1203
100 6 3 1226
100 6 4 1241
100 6 5 1260
100 6 6 1245
100 6 7 1259
100 6 8 1201
100 6 9 1249
100 6 10 1263
100 7 3 1247
100 7 4 1234
100 7 5 1221
100 7 6 1236
100 7 7 1265
100 7 8 1163
100 7 9 1252
100 7 10 1214
100 8 3 1226
100 8 4 1211
100 8 5 1150
100 8 6 1225
100 8 7 1200
100 8 8 1218
100 8 9 1205
100 8 10 1256
100 9 3 1114
100 9 4 1197
100 9 5 1210
100 9 6 1183
100 9 7 1236
100 9 8 1266
100 9 9 1258
100 9 10 1252
