60 0 0 449
60 0 1 456
60 0 2 431
60 1 0 436
60 1 1 446
60 1 2 443
60 2 0 440
60 2 1 430
60 2 2 458
60 3 0 441
60 3 1 441
60 3 2 445
60 4 0 464
60 4 1 423
60 4 2 454
60 5 0 441
60 5 1 452
60 5 2 425
60 6 0 451
60 6 1 436
60 6 2 454
60 7 0 420
60 7 1 417
60 7 2 425
60 8 0 436
60 8 1 441
60 8 2 439
60 9 0 425
60 9 1 452
60 9 2 437
80 0 0 755
80 0 1 740
80 0 2 767
80 1 0 786
80 1 1 788
80 1 2 769
80 2 0 774
80 2 1 807
80 2 2 747
80 3 0 763
80 3 1 746
80 3 2 802
80 4 0 802
80 4 1 795
80 4 2 799
80 5 0 793
80 5 1 785
80 5 2 779
80 6 0 703
80 6 1 806
80 6 2 806
80 7 0 779
80 7 1 793
80 7 2 786
80 8 0 783
80 8 1 775
80 8 2 782
80 9 0 740
80 9 1 818
80 9 2 742
100 0 0 1250
100 0 1 1267
100 0 2 1263
100 1 0 1239
100 1 1 1208
100 1 2 1225
100 2 0 1261
100 2 1 1238
100 2 2 1213
100 3 0 1246
100 3 1 1239
100 3 2 1258
100 4 0 1195
100 4 1 1251
100 4 2 1233
100 5 0 1193
100 5 1 1205
100 5 2 1097
100 6 0 1174
100 6 1 1219
100 6 2 1225
100 7 0 1220
100 7 1 1246
100 7 2 1241
100 8 0 1226
100 8 1 1239
100 8 2 1208
100 9 0 1199
100 9 1 1208
100 9 2 1264
60 0 3 404
60 0 4 419
60 0 5 426
60 0 6 451
60 0 7 421
60 0 8 444
60 0 9 406
60 0 10 421
60 1 3 432
60 1 4 413
60 1 5 451
60 1 6 463
60 1 7 424
60 1 8 444
60 1 9 443
60 1 10 440
60 2 3 439
60 2 4 440
60 2 5 414
60 2 6 434
60 2 7 411
60 2 8 405
60 2 9 401
60 2 10 447
60 3 3 389
60 3 4 396
60 3 5 420
60 3 6 427
60 3 7 423
60 3 8 425
60 3 9 413
60 3 10 455
60 4 3 438
60 4 4 420
60 4 5 464
60 4 6 459
60 4 7 454
60 4 8 423
60 4 9 442
60 4 10 440
60 5 3 425
60 5 4 428
60 5 5 476
60 5 6 454
60 5 7 424
60 5 8 422
60 5 9 425
60 5 10 432
60 6 3 434
60 6 4 439
60 6 5 450
60 6 6 401
60 6 7 442
60 6 8 420
60 6 9 429
60 6 10 425
60 7 3 442
60 7 4 438
60 7 5 427
60 7 6 458
60 7 7 454
60 7 8 456
60 7 9 449
60 7 10 423
60 8 3 446
60 8 4 455
60 8 5 433
60 8 6 416
60 8 7 404
60 8 8 450
60 8 9 424
60 8 10 438
60 9 3 424
60 9 4 443
60 9 5 373
60 9 6 404
60 9 7 463
60 9 8 451
60 9 9 435
60 9 10 441
80 0 3 803
80 0 4 810
80 0 5 766
80 0 6 787
80 0 7 807
80 0 8 802
80 0 9 793
80 0 10 799
80 1 3 756
80 1 4 781
80 1 5 740
80 1 6 796
80 1 7 759
80 1 8 826
80 1 9 776
80 1 10 815
80 2 3 770
80 2 4 763
80 2 5 765
80 2 6 780
80 2 7 793
80 2 8 759
80 2 9 781
80 2 10 799
80 3 3 782
80 3 4 758
80 3 5 734
80 3 6 797
80 3 7 822
80 3 8 810
80 3 9 804
80 3 10 792
80 4 3 800
80 4 4 777
80 4 5 764
80 4 6 741
80 4 7 802
80 4 8 775
80 4 9 793
80 4 10 729
80 5 3 747
80 5 4 801
80 5 5 781
80 5 6 807
80 5 7 768
80 5 8 778
80 5 9 728
80 5 10 798
80 6 3 794
80 6 4 807
80 6 5 779
80 6 6 775
80 6 7 774
80 6 8 747
80 6 9 782
80 6 10 795
80 7 3 777
80 7 4 794
80 7 5 787
80 7 6 756
80 7 7 811
80 7 8 775
80 7 9 803
80 7 10 731
80 8 3 781
80 8 4 783
80 8 5 772
80 8 6 779
80 8 7 777
80 8 8 815
80 8 9 791
80 8 10 754
80 9 3 737
80 9 4 767
80 9 5 745
80 9 6 756
80 9 7 767
80 9 8 801
80 9 9 802
80 9 10 791
100 0 3 1216
100 0 4 1203
100 0 5 1233
100 0 6 1195
100 0 7 1242
100 0 8 1256
100 0 9 1240
100 0 10 1236
100 1 3 1254
100 1 4 1274
100 1 5 1210
100 1 6 1228
100 1 7 1177
100 1 8 1247
100 1 9 1258
100 1 10 1190
100 2 3 1199
100 2 4 1234
100 2 5 1235
100 2 6 1220
100 2 7 1206
100 2 8 1239
100 2 9 1234
100 2 10 1195
100 3 3 1219
100 3 4 1230
100 3 5 1244
100 3 6 1258
100 3 7 1245
100 3 8 1238
100 3 9 1211
100 3 10 1224
100 4 3 1258
100 4 4 1128
100 4 5 1242
100 4 6 1247
100 4 7 1249
100 4 8 1195
100 4 9 1256
100 4 10 1204
100 5 3 1243
100 5 4 1274
100 5 5 1228
100 5 6 1214
100 5 7 1239
100 5 8 1246
100 5 9 1251
100 5 10 1233
100 6 3 1233
100 6 4 1239
100 6 5 1176
100 6 6 1155
100 6 7 1192
100 6 8 1199
100 6 9 1257
100 6 10 1227
100 7 3 1230
100 7 4 1265
100 7 5 1247
100 7 6 1246
100 7 7 1249
100 7 8 1201
100 7 9 1230
100 7 10 1196
100 8 3 1252
100 8 4 1232
100 8 5 1207
100 8 6 1260
100 8 7 1219
100 8 8 1246
100 8 9 1237
100 8 10 1186
100 9 3 1222
100 9 4 1200
100 9 5 1212
100 9 6 1219
100 9 7 1268
100 9 8 1218
100 9 9 1124
100 9 10 1191
