60 0 0 435
60 0 1 399
60 0 2 437
60 1 0 449
60 1 1 436
60 1 2 415
60 2 0 460
60 2 1 447
60 2 2 455
60 3 0 419
60 3 1 432
60 3 2 440
60 4 0 466
60 4 1 447
60 4 2 435
60 5 0 463
60 5 1 435
60 5 2 438
60 6 0 405
60 6 1 433
60 6 2 464
60 7 0 450
60 7 1 459
60 7 2 441
60 8 0 405
60 8 1 437
60 8 2 438
60 9 0 445
60 9 1 437
60 9 2 442
80 0 0 795
80 0 1 750
80 0 2 788
80 1 0 800
80 1 1 755
80 1 2 792
80 2 0 751
80 2 1 757
80 2 2 714
80 3 0 798
80 3 1 784
80 3 2 761
80 4 0 770
80 4 1 767
80 4 2 800
80 5 0 794
80 5 1 776
80 5 2 817
80 6 0 828
80 6 1 800
80 6 2 745
80 7 0 778
80 7 1 782
80 7 2 791
80 8 0 700
80 8 1 821
80 8 2 781
80 9 0 785
80 9 1 810
80 9 2 794
100 0 0 1239
100 0 1 1215
100 0 2 1213
100 1 0 1235
100 1 1 1268
100 1 2 1208
100 2 0 1235
100 2 1 1225
100 2 2 1245
100 3 0 1236
100 3 1 1244
100 3 2 1239
100 4 0 1244
100 4 1 1191
100 4 2 1082
100 5 0 1224
100 5 1 1227
100 5 2 1242
100 6 0 1237
100 6 1 1254
100 6 2 1227
100 7 0 1198
100 7 1 1214
100 7 2 1245
100 8 0 1269
100 8 1 1243
100 8 2 1182
100 9 0 1232
100 9 1 1267
100 9 2 1241
60 0 3 450
60 0 4 446
60 0 5 431
60 0 6 413
60 0 7 406
60 0 8 463
60 0 9 396
60 0 10 411
60 1 3 412
60 1 4 420
60 1 5 451
60 1 6 416
60 1 7 441
60 1 8 402
60 1 9 442
60 1 10 393
60 2 3 443
60 2 4 429
60 2 5 440
60 2 6 379
60 2 7 379
60 2 8 429
60 2 9 440
60 2 10 455
60 3 3 304
60 3 4 445
60 3 5 437
60 3 6 445
60 3 7 400
60 3 8 425
60 3 9 429
60 3 10 439
60 4 3 450
60 4 4 391
60 4 5 371
60 4 6 459
60 4 7 453
60 4 8 440
60 4 9 461
60 4 10 423
60 5 3 437
60 5 4 451
60 5 5 431
60 5 6 436
60 5 7 436
60 5 8 410
60 5 9 455
60 5 10 446
60 6 3 456
60 6 4 395
60 6 5 443
60 6 6 422
60 6 7 435
60 6 8 443
60 6 9 461
60 6 10 378
60 7 3 420
60 7 4 428
60 7 5 429
60 7 6 456
60 7 7 423
60 7 8 455
60 7 9 452
60 7 10 452
60 8 3 444
60 8 4 420
60 8 5 417
60 8 6 443
60 8 7 468
60 8 8 420
60 8 9 377
60 8 10 381
60 9 3 448
60 9 4 444
60 9 5 420
60 9 6 445
60 9 7 432
60 9 8 454
60 9 9 468
60 9 10 460
80 0 3 795
80 0 4 763
80 0 5 770
80 0 6 745
80 0 7 723
80 0 8 673
80 0 9 795
80 0 10 801
80 1 3 801
80 1 4 795
80 1 5 786
80 1 6 842
80 1 7 809
80 1 8 794
80 1 9 801
80 1 10 799
80 2 3 805
80 2 4 787
80 2 5 788
80 2 6 771
80 2 7 793
80 2 8 789
80 2 9 782
80 2 10 781
80 3 3 754
80 3 4 808
80 3 5 762
80 3 6 782
80 3 7 779
80 3 8 811
80 3 9 731
80 3 10 799
80 4 3 767
80 4 4 806
80 4 5 778
80 4 6 793
80 4 7 808
80 4 8 708
80 4 9 784
80 4 10 759
80 5 3 774
80 5 4 771
80 5 5 763
80 5 6 773
80 5 7 786
80 5 8 767
80 5 9 732
80 5 10 782
80 6 3 776
80 6 4 773
80 6 5 784
80 6 6 756
80 6 7 771
80 6 8 791
80 6 9 823
80 6 10 764
80 7 3 729
80 7 4 786
80 7 5 760
80 7 6 761
80 7 7 724
80 7 8 776
80 7 9 794
80 7 10 781
80 8 3 773
80 8 4 811
80 8 5 796
80 8 6 810
80 8 7 784
80 8 8 770
80 8 9 802
80 8 10 714
80 9 3 795
80 9 4 776
80 9 5 754
80 9 6 809
80 9 7 789
80 9 8 741
80 9 9 807
80 9 10 765
100 0 3 1239
100 0 4 1265
100 0 5 1218
100 0 6 1239
100 0 7 1244
100 0 8 1249
100 0 9 1213
100 0 10 1230
100 1 3 1277
100 1 4 1251
100 1 5 1211
100 1 6 1227
100 1 7 1234
100 1 8 1246
100 1 9 1227
100 1 10 1248
100 2 3 1215
100 2 4 1174
100 2 5 1248
100 2 6 1259
100 2 7 1197
100 2 8 1163
100 2 9 1218
100 2 10 1199
100 3 3 1167
100 3 4 1237
100 3 5 1155
100 3 6 1203
100 3 7 1201
100 3 8 1265
100 3 9 1252
100 3 10 1229
100 4 3 1214
100 4 4 1209
100 4 5 1250
100 4 6 1265
100 4 7 1196
100 4 8 1129
100 4 9 1244
100 4 10 1175
100 5 3 1222
100 5 4 1266
100 5 5 1234
100 5 6 1251
100 5 7 1248
100 5 8 1217
100 5 9 1207
100 5 10 1213
100 6 3 1222
100 6 4 1255
100 6 5 1271
100 6 6 1241
100 6 7 1233
100 6 8 1179
100 6 9 1225
100 6 10 1227
100 7 3 1251
100 7 4 1130
100 7 5 1254
100 7 6 1243
100 7 7 1243
100 7 8 1227
100 7 9 1221
100 7 10 1232
100 8 3 1229
100 8 4 1254
100 8 5 1192
100 8 6 1240
100 8 7 1237
100 8 8 1232
100 8 9 1241
100 8 10 1233
100 9 3 1242
100 9 4 1246
100 9 5 1248
100 9 6 1224
100 9 7 1137
100 9 8 1099
100 9 9 1278
100 9 10 1196
