60 0 0 447
60 0 1 435
60 0 2 435
60 1 0 437
60 1 1 453
60 1 2 363
60 2 0 409
60 2 1 448
60 2 2 431
60 3 0 422
60 3 1 447
60 3 2 399
60 4 0 458
60 4 1 364
60 4 2 431
60 5 0 439
60 5 1 442
60 5 2 447
60 6 0 445
60 6 1 428
60 6 2 451
60 7 0 430
60 7 1 439
60 7 2 445
60 8 0 441
60 8 1 410
60 8 2 438
60 9 0 450
60 9 1 384
60 9 2 454
80 0 0 770
80 0 1 803
80 0 2 769
80 1 0 784
80 1 1 802
80 1 2 805
80 2 0 753
80 2 1 771
80 2 2 823
80 3 0 817
80 3 1 763
80 3 2 730
80 4 0 780
80 4 1 781
80 4 2 774
80 5 0 767
80 5 1 780
80 5 2 707
80 6 0 774
80 6 1 772
80 6 2 811
80 7 0 806
80 7 1 777
80 7 2 791
80 8 0 818
80 8 1 781
80 8 2 810
80 9 0 799
80 9 1 793
80 9 2 803
100 0 0 1232
100 0 1 1248
100 0 2 1241
100 1 0 1255
100 1 1 1163
100 1 2 1204
100 2 0 1216
100 2 1 1170
100 2 2 1245
100 3 0 1258
100 3 1 1261
100 3 2 1220
100 4 0 1243
100 4 1 1181
100 4 2 1212
100 5 0 1267
100 5 1 1232
100 5 2 1275
100 6 0 1221
100 6 1 1197
100 6 2 1240
100 7 0 1209
100 7 1 1181
100 7 2 1244
100 8 0 1216
100 8 1 1184
100 8 2 1190
100 9 0 1216
100 9 1 1202
100 9 2 1163
60 0 3 388
60 0 4 385
60 0 5 433
60 0 6 436
60 0 7 404
60 0 8 452
60 0 9 423
60 0 10 420
60 1 3 432
60 1 4 423
60 1 5 446
60 1 6 424
60 1 7 434
60 1 8 396
60 1 9 440
60 1 10 430
60 2 3 428
60 2 4 381
60 2 5 399
60 2 6 429
60 2 7 443
60 2 8 428
60 2 9 443
60 2 10 421
60 3 3 440
60 3 4 412
60 3 5 450
60 3 6 432
60 3 7 436
60 3 8 419
60 3 9 437
60 3 10 402
60 4 3 437
60 4 4 417
60 4 5 410
60 4 6 417
60 4 7 463
60 4 8 422
60 4 9 454
60 4 10 410
60 5 3 429
60 5 4 432
60 5 5 431
60 5 6 444
60 5 7 435
60 5 8 466
60 5 9 459
60 5 10 430
60 6 3 431
60 6 4 432
60 6 5 452
60 6 6 357
60 6 7 430
60 6 8 433
60 6 9 448
60 6 10 438
60 7 3 449
60 7 4 406
60 7 5 437
60 7 6 455
60 7 7 432
60 7 8 432
60 7 9 432
60 7 10 445
60 8 3 436
60 8 4 453
60 8 5 448
60 8 6 467
60 8 7 438
60 8 8 417
60 8 9 438
60 8 10 455
60 9 3 429
60 9 4 457
60 9 5 416
60 9 6 455
60 9 7 453
60 9 8 438
60 9 9 453
60 9 10 433
80 0 3 760
80 0 4 715
80 0 5 778
80 0 6 796
80 0 7 790
80 0 8 784
80 0 9 779
80 0 10 796
80 1 3 752
80 1 4 784
80 1 5 796
80 1 6 827
80 1 7 764
80 1 8 757
80 1 9 764
80 1 10 789
80 2 3 779
80 2 4 765
80 2 5 795
80 2 6 759
80 2 7 787
80 2 8 734
80 2 9 724
80 2 10 777
80 3 3 758
80 3 4 788
80 3 5 788
80 3 6 798
80 3 7 797
80 3 8 765
80 3 9 812
80 3 10 787
80 4 3 807
80 4 4 788
80 4 5 824
80 4 6 734
80 4 7 775
80 4 8 801
80 4 9 781
80 4 10 720
80 5 3 778
80 5 4 814
80 5 5 787
80 5 6 781
80 5 7 741
80 5 8 716
80 5 9 787
80 5 10 770
80 6 3 765
80 6 4 821
80 6 5 799
80 6 6 783
80 6 7 790
80 6 8 798
80 6 9 730
80 6 10 770
80 7 3 809
80 7 4 781
80 7 5 768
80 7 6 788
80 7 7 761
80 7 8 810
80 7 9 792
80 7 10 809
80 8 3 745
80 8 4 791
80 8 5 787
80 8 6 780
80 8 7 805
80 8 8 776
80 8 9 743
80 8 10 804
80 9 3 779
80 9 4 780
80 9 5 754
80 9 6 796
80 9 7 795
80 9 8 819
80 9 9 783
80 9 10 785
100 0 3 1257
100 0 4 1255
100 0 5 1261
100 0 6 1219
100 0 7 1275
100 0 8 1219
100 0 9 1230
100 0 10 1247
100 1 3 1244
100 1 4 1244
100 1 5 1247
100 1 6 1231
100 1 7 1261
100 1 8 1245
100 1 9 1266
100 1 10 1232
100 2 3 1226
100 2 4 1189
100 2 5 1153
100 2 6 1210
100 2 7 1214
100 2 8 1292
100 2 9 1264
100 2 10 1199
100 3 3 1240
100 3 4 1202
100 3 5 1242
100 3 6 1226
100 3 7 1231
100 3 8 1209
100 3 9 1242
100 3 10 1245
100 4 3 1244
100 4 4 1227
100 4 5 1217
100 4 6 1236
100 4 7 1216
100 4 8 1248
100 4 9 1203
100 4 10 1200
100 5 3 1228
100 5 4 1146
100 5 5 1249
100 5 6 1260
100 5 7 1170
100 5 8 1215
100 5 9 1175
100 5 10 1238
100 6 3 1198
100 6 4 1241
100 6 5 1183
100 6 6 1218
100 6 7 1247
100 6 8 1236
100 6 9 1149
100 6 10 1236
100 7 3 1273
100 7 4 1251
100 7 5 1190
100 7 6 1192
100 7 7 1212
100 7 8 1176
100 7 9 1238
100 7 10 1202
100 8 3 1212
100 8 4 1228
100 8 5 1184
100 8 6 1224
100 8 7 1236
100 8 8 1209
100 8 9 1211
100 8 10 1183
100 9 3 1255
100 9 4 1236
100 9 5 1244
100 9 6 1227
100 9 7 1226
100 9 8 1262
100 9 9 1196
100 9 10 1232
