60 0 0 417
60 0 1 393
60 0 2 452
60 1 0 456
60 1 1 457
60 1 2 476
60 2 0 432
60 2 1 446
60 2 2 445
60 3 0 398
60 3 1 404
60 3 2 443
60 4 0 442
60 4 1 426
60 4 2 444
60 5 0 398
60 5 1 439
60 5 2 429
60 6 0 408
60 6 1 393
60 6 2 459
60 7 0 443
60 7 1 446
60 7 2 447
60 8 0 428
60 8 1 443
60 8 2 390
60 9 0 455
60 9 1 451
60 9 2 478
80 0 0 787
80 0 1 801
80 0 2 792
80 1 0 767
80 1 1 778
80 1 2 766
80 2 0 803
80 2 1 806
80 2 2 803
80 3 0 776
80 3 1 775
80 3 2 803
80 4 0 796
80 4 1 805
80 4 2 823
80 5 0 798
80 5 1 803
80 5 2 803
80 6 0 786
80 6 1 782
80 6 2 792
80 7 0 751
80 7 1 751
80 7 2 783
80 8 0 736
80 8 1 817
80 8 2 707
80 9 0 774
80 9 1 745
80 9 2 797
100 0 0 1209
100 0 1 1234
100 0 2 1153
100 1 0 1247
100 1 1 1264
100 1 2 1239
100 2 0 1253
100 2 1 1230
100 2 2 1220
100 3 0 1247
100 3 1 1244
100 3 2 1253
100 4 0 1182
100 4 1 1234
100 4 2 1285
100 5 0 1191
100 5 1 1241
100 5 2 1198
100 6 0 1251
100 6 1 1221
100 6 2 1209
100 7 0 1206
100 7 1 1221
100 7 2 1185
100 8 0 1212
100 8 1 1203
100 8 2 1202
100 9 0 1248
100 9 1 1228
100 9 2 1176
60 0 3 440
60 0 4 405
60 0 5 427
60 0 6 455
60 0 7 401
60 0 8 442
60 0 9 443
60 0 10 433
60 1 3 436
60 1 4 417
60 1 5 394
60 1 6 456
60 1 7 413
60 1 8 461
60 1 9 391
60 1 10 454
60 2 3 447
60 2 4 420
60 2 5 459
60 2 6 431
60 2 7 435
60 2 8 443
60 2 9 442
60 2 10 381
60 3 3 438
60 3 4 440
60 3 5 434
60 3 6 459
60 3 7 438
60 3 8 441
60 3 9 457
60 3 10 422
60 4 3 460
60 4 4 440
60 4 5 430
60 4 6 439
60 4 7 405
60 4 8 413
60 4 9 432
60 4 10 447
60 5 3 413
60 5 4 450
60 5 5 448
60 5 6 384
60 5 7 431
60 5 8 418
60 5 9 444
60 5 10 432
60 6 3 447
60 6 4 448
60 6 5 450
60 6 6 449
60 6 7 438
60 6 8 440
60 6 9 435
60 6 10 431
60 7 3 448
60 7 4 372
60 7 5 422
60 7 6 444
60 7 7 399
60 7 8 421
60 7 9 425
60 7 10 428
60 8 3 444
60 8 4 397
60 8 5 445
60 8 6 442
60 8 7 451
60 8 8 446
60 8 9 454
60 8 10 445
60 9 3 451
60 9 4 367
60 9 5 454
60 9 6 442
60 9 7 456
60 9 8 457
60 9 9 398
60 9 10 409
80 0 3 740
80 0 4 769
80 0 5 809
80 0 6 779
80 0 7 778
80 0 8 788
80 0 9 798
80 0 10 792
80 1 3 787
80 1 4 793
80 1 5 775
80 1 6 794
80 1 7 741
80 1 8 781
80 1 9 767
80 1 10 789
80 2 3 776
80 2 4 773
80 2 5 795
80 2 6 770
80 2 7 711
80 2 8 791
80 2 9 773
80 2 10 772
80 3 3 821
80 3 4 728
80 3 5 738
80 3 6 805
80 3 7 827
80 3 8 724
80 3 9 779
80 3 10 780
80 4 3 767
80 4 4 803
80 4 5 763
80 4 6 788
80 4 7 786
80 4 8 797
80 4 9 790
80 4 10 783
80 5 3 775
80 5 4 761
80 5 5 726
80 5 6 765
80 5 7 805
80 5 8 806
80 5 9 718
80 5 10 771
80 6 3 774
80 6 4 807
80 6 5 782
80 6 6 775
80 6 7 765
80 6 8 775
80 6 9 745
80 6 10 764
80 7 3 783
80 7 4 762
80 7 5 641
80 7 6 791
80 7 7 768
80 7 8 769
80 7 9 807
80 7 10 767
80 8 3 766
80 8 4 787
80 8 5 793
80 8 6 779
80 8 7 782
80 8 8 693
80 8 9 806
80 8 10 791
80 9 3 676
80 9 4 814
80 9 5 804
80 9 6 789
80 9 7 758
80 9 8 803
80 9 9 796
80 9 10 780
100 0 3 1239
100 0 4 1231
100 0 5 1190
100 0 6 1245
100 0 7 1153
100 0 8 1208
100 0 9 1202
100 0 10 1216
100 1 3 1247
100 1 4 1240
100 1 5 1208
100 1 6 1257
100 1 7 1160
100 1 8 1240
100 1 9 1206
100 1 10 1250
100 2 3 1252
100 2 4 1254
100 2 5 1221
100 2 6 1153
100 2 7 1245
100 2 8 1259
100 2 9 1242
100 2 10 1237
100 3 3 1269
100 3 4 1195
100 3 5 1205
100 3 6 1194
100 3 7 1216
100 3 8 1253
100 3 9 1167
100 3 10 1201
100 4 3 1198
100 4 4 1228
100 4 5 1237
100 4 6 1229
100 4 7 1253
100 4 8 1249
100 4 9 1191
100 4 10 1213
100 5 3 1188
100 5 4 1275
100 5 5 1217
100 5 6 1166
100 5 7 1173
100 5 8 1135
100 5 9 1257
100 5 10 1258
100 6 3 1266
100 6 4 1219
100 6 5 1221
100 6 6 1197
100 6 7 1225
100 6 8 1227
100 6 9 1212
100 6 10 1215
100 7 3 1263
100 7 4 1250
100 7 5 1247
100 7 6 1241
100 7 7 1223
100 7 8 1181
100 7 9 1190
100 7 10 1243
100 8 3 1210
100 8 4 1246
100 8 5 1246
100 8 6 1215
100 8 7 1262
100 8 8 1270
100 8 9 1159
100 8 10 1219
100 9 3 1228
100 9 4 1254
100 9 5 1156
100 9 6 1227
100 9 7 1253
100 9 8 1189
100 9 9 1225
100 9 10 1216
