60 0 0 436
60 0 1 410
60 0 2 401
60 1 0 447
60 1 1 465
60 1 2 413
60 2 0 426
60 2 1 442
60 2 2 431
60 3 0 446
60 3 1 442
60 3 2 447
60 4 0 420
60 4 1 400
60 4 2 422
60 5 0 463
60 5 1 433
60 5 2 444
60 6 0 443
60 6 1 419
60 6 2 411
60 7 0 429
60 7 1 417
60 7 2 448
60 8 0 443
60 8 1 442
60 8 2 407
60 9 0 464
60 9 1 427
60 9 2 389
80 0 0 763
80 0 1 801
80 0 2 784
80 1 0 749
80 1 1 768
80 1 2 755
80 2 0 737
80 2 1 721
80 2 2 787
80 3 0 797
80 3 1 798
80 3 2 735
80 4 0 798
80 4 1 739
80 4 2 777
80 5 0 798
80 5 1 751
80 5 2 797
80 6 0 759
80 6 1 776
80 6 2 777
80 7 0 758
80 7 1 773
80 7 2 758
80 8 0 800
80 8 1 748
80 8 2 758
80 9 0 639
80 9 1 768
80 9 2 802
100 0 0 1231
100 0 1 1183
100 0 2 1258
100 1 0 1223
100 1 1 1189
100 1 2 1194
100 2 0 1238
100 2 1 1195
100 2 2 1224
100 3 0 1220
100 3 1 1243
100 3 2 1227
100 4 0 1173
100 4 1 1245
100 4 2 1224
100 5 0 1228
100 5 1 1261
100 5 2 1256
100 6 0 1124
100 6 1 1199
100 6 2 1134
100 7 0 1221
100 7 1 1223
100 7 2 1214
100 8 0 1026
100 8 1 1223
100 8 2 1198
100 9 0 1160
100 9 1 1241
100 9 2 1247
60 0 3 422
60 0 4 412
60 0 5 446
60 0 6 423
60 0 7 434
60 0 8 399
60 0 9 411
60 0 10 417
60 1 3 436
60 1 4 446
60 1 5 430
60 1 6 447
60 1 7 431
60 1 8 440
60 1 9 435
60 1 10 442
60 2 3 431
60 2 4 441
60 2 5 436
60 2 6 443
60 2 7 433
60 2 8 413
60 2 9 398
60 2 10 442
60 3 3 427
60 3 4 422
60 3 5 384
60 3 6 394
60 3 7 440
60 3 8 399
60 3 9 380
60 3 10 431
60 4 3 418
60 4 4 455
60 4 5 433
60 4 6 422
60 4 7 456
60 4 8 441
60 4 9 404
60 4 10 219
60 5 3 445
60 5 4 431
60 5 5 419
60 5 6 400
60 5 7 410
60 5 8 333
60 5 9 475
60 5 10 420
60 6 3 427
60 6 4 443
60 6 5 448
60 6 6 435
60 6 7 450
60 6 8 448
60 6 9 469
60 6 10 422
60 7 3 367
60 7 4 415
60 7 5 412
60 7 6 452
60 7 7 403
60 7 8 400
60 7 9 397
60 7 10 444
60 8 3 468
60 8 4 433
60 8 5 439
60 8 6 414
60 8 7 407
60 8 8 462
60 8 9 415
60 8 10 392
60 9 3 430
60 9 4 438
60 9 5 399
60 9 6 450
60 9 7 429
60 9 8 385
60 9 9 412
60 9 10 417
80 0 3 742
80 0 4 797
80 0 5 749
80 0 6 784
80 0 7 754
80 0 8 788
80 0 9 779
80 0 10 774
80 1 3 809
80 1 4 756
80 1 5 784
80 1 6 651
80 1 7 756
80 1 8 767
80 1 9 803
80 1 10 814
80 2 3 808
80 2 4 801
80 2 5 788
80 2 6 792
80 2 7 778
80 2 8 729
80 2 9 838
80 2 10 785
80 3 3 782
80 3 4 763
80 3 5 775
80 3 6 793
80 3 7 789
80 3 8 774
80 3 9 814
80 3 10 789
80 4 3 747
80 4 4 723
80 4 5 770
80 4 6 789
80 4 7 806
80 4 8 755
80 4 9 779
80 4 10 796
80 5 3 756
80 5 4 746
80 5 5 772
80 5 6 761
80 5 7 774
80 5 8 771
80 5 9 794
80 5 10 733
80 6 3 785
80 6 4 770
80 6 5 762
80 6 6 739
80 6 7 759
80 6 8 784
80 6 9 789
80 6 10 788
80 7 3 795
80 7 4 766
80 7 5 800
80 7 6 785
80 7 7 748
80 7 8 781
80 7 9 799
80 7 10 764
80 8 3 765
80 8 4 749
80 8 5 791
80 8 6 780
80 8 7 678
80 8 8 736
80 8 9 788
80 8 10 778
80 9 3 778
80 9 4 777
80 9 5 791
80 9 6 739
80 9 7 762
80 9 8 781
80 9 9 793
80 9 10 805
100 0 3 1233
100 0 4 1182
100 0 5 1129
100 0 6 1229
100 0 7 1170
100 0 8 1250
100 0 9 1222
100 0 10 1217
100 1 3 1198
100 1 4 1246
100 1 5 1236
100 1 6 1239
100 1 7 1163
100 1 8 1123
100 1 9 1255
100 1 10 1171
100 2 3 1260
100 2 4 1218
100 2 5 1218
100 2 6 1209
100 2 7 1140
100 2 8 1208
100 2 9 1224
100 2 10 1215
100 3 3 1143
100 3 4 1207
100 3 5 1263
100 3 6 1191
100 3 7 1207
100 3 8 1227
100 3 9 1237
100 3 10 1142
100 4 3 1185
100 4 4 1244
100 4 5 1212
100 4 6 1265
100 4 7 1160
100 4 8 1236
100 4 9 1258
100 4 10 1186
100 5 3 1221
100 5 4 1208
100 5 5 1262
100 5 6 1214
100 5 7 1161
100 5 8 1185
100 5 9 1209
100 5 10 1192
100 6 3 1217
100 6 4 1226
100 6 5 1182
100 6 6 1144
100 6 7 1185
100 6 8 1225
100 6 9 1232
100 6 10 1222
100 7 3 1199
100 7 4 1242
100 7 5 1184
100 7 6 1189
100 7 7 1210
100 7 8 1224
100 7 9 1243
100 7 10 1241
100 8 3 1158
100 8 4 1233
100 8 5 1153
100 8 6 1182
100 8 7 1250
100 8 8 1250
100 8 9 1222
100 8 10 1178
100 9 3 1248
100 9 4 1144
100 9 5 1221
100 9 6 1242
100 9 7 1244
100 9 8 1232
100 9 9 1179
100 9 10 1216
