60 0 0 403
60 0 1 423
60 0 2 418
60 1 0 442
60 1 1 425
60 1 2 443
60 2 0 435
60 2 1 449
60 2 2 446
60 3 0 433
60 3 1 416
60 3 2 431
60 4 0 439
60 4 1 448
60 4 2 432
60 5 0 435
60 5 1 430
60 5 2 457
60 6 0 439
60 6 1 458
60 6 2 427
60 7 0 453
60 7 1 435
60 7 2 422
60 8 0 419
60 8 1 401
60 8 2 401
60 9 0 433
60 9 1 413
60 9 2 425
80 0 0 741
80 0 1 797
80 0 2 729
80 1 0 802
80 1 1 771
80 1 2 791
80 2 0 787
80 2 1 800
80 2 2 807
80 3 0 796
80 3 1 715
80 3 2 756
80 4 0 776
80 4 1 803
80 4 2 772
80 5 0 783
80 5 1 767
80 5 2 713
80 6 0 791
80 6 1 800
80 6 2 804
80 7 0 779
80 7 1 640
80 7 2 737
80 8 0 793
80 8 1 742
80 8 2 714
80 9 0 785
80 9 1 780
80 9 2 765
100 0 0 1207
100 0 1 1244
100 0 2 1209
100 1 0 1235
100 1 1 1235
100 1 2 1221
100 2 0 1214
100 2 1 1202
100 2 2 1255
100 3 0 1242
100 3 1 1215
100 3 2 1242
100 4 0 1245
100 4 1 1207
100 4 2 1255
100 5 0 1222
100 5 1 1187
100 5 2 1224
100 6 0 1199
100 6 1 1199
100 6 2 1229
100 7 0 1252
100 7 1 1254
100 7 2 1230
100 8 0 1261
100 8 1 1249
100 8 2 1253
100 9 0 1191
100 9 1 1201
100 9 2 1201
60 0 3 438
60 0 4 353
60 0 5 381
60 0 6 439
60 0 7 442
60 0 8 446
60 0 9 355
60 0 10 444
60 1 3 453
60 1 4 463
60 1 5 416
60 1 6 445
60 1 7 388
60 1 8 432
60 1 9 435
60 1 10 436
60 2 3 424
60 2 4 332
60 2 5 421
60 2 6 434
60 2 7 445
60 2 8 413
60 2 9 443
60 2 10 444
60 3 3 411
60 3 4 439
60 3 5 420
60 3 6 451
60 3 7 441
60 3 8 438
60 3 9 465
60 3 10 428
60 4 3 371
60 4 4 410
60 4 5 431
60 4 6 371
60 4 7 435
60 4 8 451
60 4 9 426
60 4 10 355
60 5 3 404
60 5 4 444
60 5 5 419
60 5 6 450
60 5 7 432
60 5 8 423
60 5 9 440
60 5 10 385
60 6 3 416
60 6 4 433
60 6 5 443
60 6 6 456
60 6 7 434
60 6 8 418
60 6 9 385
60 6 10 428
60 7 3 444
60 7 4 384
60 7 5 447
60 7 6 421
60 7 7 389
60 7 8 425
60 7 9 436
60 7 10 452
60 8 3 428
60 8 4 430
60 8 5 455
60 8 6 442
60 8 7 445
60 8 8 441
60 8 9 431
60 8 10 427
60 9 3 426
60 9 4 438
60 9 5 446
60 9 6 391
60 9 7 408
60 9 8 443
60 9 9 455
60 9 10 414
80 0 3 728
80 0 4 759
80 0 5 716
80 0 6 732
80 0 7 709
80 0 8 707
80 0 9 652
80 0 10 754
80 1 3 773
80 1 4 745
80 1 5 737
80 1 6 749
80 1 7 753
80 1 8 800
80 1 9 780
80 1 10 791
80 2 3 785
80 2 4 744
80 2 5 802
80 2 6 781
80 2 7 743
80 2 8 731
80 2 9 767
80 2 10 808
80 3 3 790
80 3 4 696
80 3 5 765
80 3 6 806
80 3 7 750
80 3 8 751
80 3 9 726
80 3 10 747
80 4 3 780
80 4 4 750
80 4 5 745
80 4 6 739
80 4 7 756
80 4 8 812
80 4 9 768
80 4 10 795
80 5 3 774
80 5 4 754
80 5 5 802
80 5 6 774
80 5 7 731
80 5 8 786
80 5 9 781
80 5 10 798
80 6 3 760
80 6 4 745
80 6 5 785
80 6 6 704
80 6 7 710
80 6 8 746
80 6 9 805
80 6 10 748
80 7 3 738
80 7 4 733
80 7 5 814
80 7 6 790
80 7 7 792
80 7 8 774
80 7 9 784
80 7 10 758
80 8 3 784
80 8 4 759
80 8 5 787
80 8 6 800
80 8 7 765
80 8 8 774
80 8 9 812
80 8 10 767
80 9 3 767
80 9 4 794
80 9 5 795
80 9 6 734
80 9 7 784
80 9 8 777
80 9 9 759
80 9 10 761
100 0 3 1261
100 0 4 1190
100 0 5 1184
100 0 6 1246
100 0 7 1206
100 0 8 1171
100 0 9 1165
100 0 10 1249
100 1 3 1236
100 1 4 1210
100 1 5 1212
100 1 6 1068
100 1 7 1182
100 1 8 1224
100 1 9 1246
100 1 10 1211
100 2 3 1013
100 2 4 1247
100 2 5 1223
100 2 6 1261
100 2 7 1233
100 2 8 1182
100 2 9 1212
100 2 10 1223
100 3 3 1235
100 3 4 1206
100 3 5 1199
100 3 6 1245
100 3 7 1218
100 3 8 1257
100 3 9 1188
100 3 10 1236
100 4 3 1202
100 4 4 1208
100 4 5 1258
100 4 6 1241
100 4 7 1237
100 4 8 1161
100 4 9 1233
100 4 10 1216
100 5 3 1239
100 5 4 1246
100 5 5 1195
100 5 6 1241
100 5 7 1234
100 5 8 1235
100 5 9 1182
100 5 10 1220
100 6 3 1087
100 6 4 1202
100 6 5 1239
100 6 6 1191
100 6 7 1234
100 6 8 1263
100 6 9 1192
100 6 10 1223
100 7 3 1201
100 7 4 1227
100 7 5 1237
100 7 6 1194
100 7 7 1254
100 7 8 1173
100 7 9 1248
100 7 10 1217
100 8 3 1256
100 8 4 1257
100 8 5 1217
100 8 6 1182
100 8 7 1229
100 8 8 1230
100 8 9 1211
100 8 10 1213
100 9 3 1255
100 9 4 1254
100 9 5 1187
100 9 6 1136
100 9 7 1201
100 9 8 1156
100 9 9 1247
100 9 10 1247
