60 0 0 451
60 0 1 448
60 0 2 435
60 1 0 423
60 1 1 407
60 1 2 448
60 2 0 429
60 2 1 450
60 2 2 463
60 3 0 362
60 3 1 425
60 3 2 376
60 4 0 453
60 4 1 426
60 4 2 441
60 5 0 450
60 5 1 461
60 5 2 414
60 6 0 478
60 6 1 428
60 6 2 455
60 7 0 417
60 7 1 417
60 7 2 438
60 8 0 434
60 8 1 372
60 8 2 445
60 9 0 430
60 9 1 429
60 9 2 461
80 0 0 765
80 0 1 638
80 0 2 784
80 1 0 775
80 1 1 761
80 1 2 786
80 2 0 774
80 2 1 773
80 2 2 790
80 3 0 796
80 3 1 783
80 3 2 770
80 4 0 801
80 4 1 776
80 4 2 699
80 5 0 740
80 5 1 630
80 5 2 773
80 6 0 777
80 6 1 771
80 6 2 772
80 7 0 809
80 7 1 771
80 7 2 674
80 8 0 770
80 8 1 770
80 8 2 711
80 9 0 770
80 9 1 806
80 9 2 817
100 0 0 1196
100 0 1 1247
100 0 2 1188
100 1 0 1177
100 1 1 1247
100 1 2 1219
100 2 0 1245
100 2 1 1211
100 2 2 1162
100 3 0 1166
100 3 1 1177
100 3 2 1200
100 4 0 1249
100 4 1 1237
100 4 2 1165
100 5 0 1258
100 5 1 1084
100 5 2 1262
100 6 0 1206
100 6 1 1234
100 6 2 1246
100 7 0 1136
100 7 1 1231
100 7 2 1192
100 8 0 1241
100 8 1 1155
100 8 2 1219
100 9 0 1253
100 9 1 1227
100 9 2 1208
60 0 3 415
60 0 4 435
60 0 5 367
60 0 6 402
60 0 7 374
60 0 8 449
60 0 9 403
60 0 10 444
60 1 3 384
60 1 4 445
60 1 5 452
60 1 6 446
60 1 7 446
60 1 8 432
60 1 9 430
60 1 10 372
60 2 3 432
60 2 4 443
60 2 5 421
60 2 6 407
60 2 7 457
60 2 8 431
60 2 9 451
60 2 10 406
60 3 3 412
60 3 4 407
60 3 5 434
60 3 6 439
60 3 7 431
60 3 8 444
60 3 9 447
60 3 10 416
60 4 3 435
60 4 4 385
60 4 5 435
60 4 6 434
60 4 7 449
60 4 8 442
60 4 9 417
60 4 10 427
60 5 3 440
60 5 4 412
60 5 5 377
60 5 6 445
60 5 7 415
60 5 8 383
60 5 9 414
60 5 10 456
60 6 3 436
60 6 4 438
60 6 5 451
60 6 6 437
60 6 7 441
60 6 8 425
60 6 9 444
60 6 10 439
60 7 3 453
60 7 4 437
60 7 5 374
60 7 6 452
60 7 7 430
60 7 8 373
60 7 9 454
60 7 10 361
60 8 3 422
60 8 4 444
60 8 5 416
60 8 6 452
60 8 7 437
60 8 8 444
60 8 9 459
60 8 10 453
60 9 3 441
60 9 4 449
60 9 5 459
60 9 6 430
60 9 7 453
60 9 8 442
60 9 9 446
60 9 10 451
80 0 3 745
80 0 4 745
80 0 5 691
80 0 6 793
80 0 7 786
80 0 8 812
80 0 9 799
80 0 10 762
80 1 3 782
80 1 4 766
80 1 5 790
80 1 6 806
80 1 7 774
80 1 8 709
80 1 9 780
80 1 10 788
80 2 3 806
80 2 4 781
80 2 5 761
80 2 6 771
80 2 7 805
80 2 8 791
80 2 9 774
80 2 10 729
80 3 3 778
80 3 4 785
80 3 5 806
80 3 6 775
80 3 7 795
80 3 8 773
80 3 9 712
80 3 10 781
80 4 3 798
80 4 4 834
80 4 5 793
80 4 6 807
80 4 7 745
80 4 8 775
80 4 9 807
80 4 10 786
80 5 3 791
80 5 4 776
80 5 5 749
80 5 6 806
80 5 7 778
80 5 8 778
80 5 9 780
80 5 10 775
80 6 3 773
80 6 4 800
80 6 5 781
80 6 6 793
80 6 7 801
80 6 8 763
80 6 9 816
80 6 10 793
80 7 3 788
80 7 4 761
80 7 5 773
80 7 6 813
80 7 7 779
80 7 8 740
80 7 9 724
80 7 10 783
80 8 3 628
80 8 4 782
80 8 5 788
80 8 6 749
80 8 7 784
80 8 8 764
80 8 9 778
80 8 10 791
80 9 3 749
80 9 4 698
80 9 5 762
80 9 6 761
80 9 7 690
80 9 8 766
80 9 9 767
80 9 10 792
100 0 3 1242
100 0 4 1225
100 0 5 1259
100 0 6 1213
100 0 7 1194
100 0 8 1269
100 0 9 1255
100 0 10 1243
100 1 3 1234
100 1 4 1198
100 1 5 1234
100 1 6 1252
100 1 7 1224
100 1 8 1239
100 1 9 1211
100 1 10 1165
100 2 3 1110
100 2 4 1243
100 2 5 1224
100 2 6 1260
100 2 7 1230
100 2 8 1241
100 2 9 1229
100 2 10 1231
100 3 3 1234
100 3 4 1242
100 3 5 1234
100 3 6 1217
100 3 7 1228
100 3 8 1230
100 3 9 1257
100 3 10 1240
100 4 3 1230
100 4 4 1237
100 4 5 1220
100 4 6 1158
100 4 7 1020
100 4 8 1167
100 4 9 1118
100 4 10 1122
100 5 3 1239
100 5 4 1212
100 5 5 1237
100 5 6 1226
100 5 7 1258
100 5 8 1189
100 5 9 1219
100 5 10 1233
100 6 3 1215
100 6 4 1183
100 6 5 1204
100 6 6 1242
100 6 7 1253
100 6 8 1234
100 6 9 1222
100 6 10 1234
100 7 3 1249
100 7 4 1180
100 7 5 1148
100 7 6 1208
100 7 7 1254
100 7 8 1211
100 7 9 1211
100 7 10 1247
100 8 3 1215
100 8 4 1178
100 8 5 1218
100 8 6 1220
100 8 7 1123
100 8 8 1236
100 8 9 1249
100 8 10 1221
100 9 3 1225
100 9 4 1236
100 9 5 1155
100 9 6 1217
100 9 7 1083
100 9 8 1240
100 9 9 1265
100 9 10 1226
