60 0 0 323
60 0 1 461
60 0 2 451
60 1 0 449
60 1 1 440
60 1 2 455
60 2 0 450
60 2 1 421
60 2 2 450
60 3 0 432
60 3 1 403
60 3 2 462
60 4 0 382
60 4 1 436
60 4 2 381
60 5 0 432
60 5 1 454
60 5 2 443
60 6 0 438
60 6 1 409
60 6 2 461
60 7 0 432
60 7 1 446
60 7 2 395
60 8 0 427
60 8 1 439
60 8 2 358
60 9 0 451
60 9 1 462
60 9 2 437
80 0 0 706
80 0 1 731
80 0 2 778
80 1 0 774
80 1 1 772
80 1 2 739
80 2 0 809
80 2 1 796
80 2 2 779
80 3 0 812
80 3 1 778
80 3 2 799
80 4 0 765
80 4 1 799
80 4 2 778
80 5 0 705
80 5 1 736
80 5 2 810
80 6 0 694
80 6 1 779
80 6 2 789
80 7 0 793
80 7 1 789
80 7 2 772
80 8 0 728
80 8 1 798
80 8 2 791
80 9 0 758
80 9 1 772
80 9 2 775
100 0 0 1239
100 0 1 1239
100 0 2 1188
100 1 0 1211
100 1 1 1221
100 1 2 1217
100 2 0 1207
100 2 1 1247
100 2 2 1211
100 3 0 1209
100 3 1 1247
100 3 2 1162
100 4 0 1182
100 4 1 1177
100 4 2 1226
100 5 0 1248
100 5 1 1262
100 5 2 1240
100 6 0 1237
100 6 1 1245
100 6 2 1256
100 7 0 1235
100 7 1 1207
100 7 2 1212
100 8 0 1217
100 8 1 1251
100 8 2 1249
100 9 0 1130
100 9 1 1170
100 9 2 1231
60 0 3 426
60 0 4 410
60 0 5 443
60 0 6 417
60 0 7 393
60 0 8 383
60 0 9 414
60 0 10 412
60 1 3 442
60 1 4 434
60 1 5 464
60 1 6 450
60 1 7 442
60 1 8 462
60 1 9 443
60 1 10 426
60 2 3 444
60 2 4 455
60 2 5 427
60 2 6 446
60 2 7 445
60 2 8 448
60 2 9 463
60 2 10 371
60 3 3 427
60 3 4 401
60 3 5 442
60 3 6 317
60 3 7 439
60 3 8 384
60 3 9 387
60 3 10 422
60 4 3 443
60 4 4 450
60 4 5 441
60 4 6 457
60 4 7 427
60 4 8 414
60 4 9 449
60 4 10 441
60 5 3 430
60 5 4 414
60 5 5 385
60 5 6 424
60 5 7 447
60 5 8 439
60 5 9 395
60 5 10 452
60 6 3 419
60 6 4 398
60 6 5 451
60 6 6 429
60 6 7 440
60 6 8 429
60 6 9 402
60 6 10 422
60 7 3 437
60 7 4 444
60 7 5 419
60 7 6 437
60 7 7 421
60 7 8 410
60 7 9 432
60 7 10 431
60 8 3 444
60 8 4 435
60 8 5 427
60 8 6 443
60 8 7 434
60 8 8 433
60 8 9 435
60 8 10 449
60 9 3 445
60 9 4 416
60 9 5 426
60 9 6 457
60 9 7 448
60 9 8 458
60 9 9 453
60 9 10 436
80 0 3 770
80 0 4 767
80 0 5 769
80 0 6 802
80 0 7 798
80 0 8 839
80 0 9 784
80 0 10 775
80 1 3 795
80 1 4 793
80 1 5 751
80 1 6 777
80 1 7 690
80 1 8 591
80 1 9 795
80 1 10 726
80 2 3 771
80 2 4 792
80 2 5 798
80 2 6 756
80 2 7 772
80 2 8 750
80 2 9 795
80 2 10 777
80 3 3 791
80 3 4 733
80 3 5 756
80 3 6 810
80 3 7 792
80 3 8 759
80 3 9 778
80 3 10 782
80 4 3 799
80 4 4 803
80 4 5 786
80 4 6 740
80 4 7 802
80 4 8 791
80 4 9 783
80 4 10 730
80 5 3 786
80 5 4 816
80 5 5 799
80 5 6 772
80 5 7 787
80 5 8 796
80 5 9 783
80 5 10 775
80 6 3 791
80 6 4 680
80 6 5 785
80 6 6 779
80 6 7 778
80 6 8 797
80 6 9 673
80 6 10 798
80 7 3 780
80 7 4 779
80 7 5 750
80 7 6 803
80 7 7 775
80 7 8 788
80 7 9 818
80 7 10 657
80 8 3 677
80 8 4 793
80 8 5 802
80 8 6 752
80 8 7 746
80 8 8 758
80 8 9 806
80 8 10 806
80 9 3 743
80 9 4 762
80 9 5 799
80 9 6 684
80 9 7 793
80 9 8 768
80 9 9 767
80 9 10 763
100 0 3 1249
100 0 4 1235
100 0 5 1122
100 0 6 1195
100 0 7 1209
100 0 8 1214
100 0 9 1215
100 0 10 1229
100 1 3 1239
100 1 4 1262
100 1 5 1241
100 1 6 1250
100 1 7 1247
100 1 8 1229
100 1 9 1196
100 1 10 1225
100 2 3 1209
100 2 4 1224
100 2 5 1204
100 2 6 1263
100 2 7 1251
100 2 8 985
100 2 9 1257
100 2 10 1235
100 3 3 1187
100 3 4 1217
100 3 5 1265
100 3 6 1194
100 3 7 1244
100 3 8 1234
100 3 9 1114
100 3 10 1256
100 4 3 1147
100 4 4 1249
100 4 5 1025
100 4 6 1220
100 4 7 1224
100 4 8 1193
100 4 9 1228
100 4 10 1226
100 5 3 1220
100 5 4 1245
100 5 5 1244
100 5 6 1247
100 5 7 1184
100 5 8 1210
100 5 9 1212
100 5 10 1216
100 6 3 1233
100 6 4 1247
100 6 5 1223
100 6 6 1222
100 6 7 1186
100 6 8 1247
100 6 9 1236
100 6 10 1147
100 7 3 1176
100 7 4 1224
100 7 5 1077
100 7 6 1256
100 7 7 1245
100 7 8 1218
100 7 9 1170
100 7 10 1217
100 8 3 1252
100 8 4 1230
100 8 5 1145
100 8 6 1231
100 8 7 1214
100 8 8 1158
100 8 9 1264
100 8 10 1272
100 9 3 1202
100 9 4 1219
100 9 5 1204
100 9 6 1199
100 9 7 1220
100 9 8 1215
100 9 9 1225
100 9 10 1210
