60 0 0 421
60 0 1 449
60 0 2 451
60 1 0 424
60 1 1 437
60 1 2 424
60 2 0 457
60 2 1 430
60 2 2 446
60 3 0 462
60 3 1 461
60 3 2 420
60 4 0 438
60 4 1 432
60 4 2 437
60 5 0 443
60 5 1 427
60 5 2 444
60 6 0 445
60 6 1 457
60 6 2 438
60 7 0 433
60 7 1 415
60 7 2 445
60 8 0 429
60 8 1 410
60 8 2 432
60 9 0 413
60 9 1 457
60 9 2 474
80 0 0 813
80 0 1 798
80 0 2 781
80 1 0 755
80 1 1 742
80 1 2 776
80 2 0 804
80 2 1 803
80 2 2 793
80 3 0 802
80 3 1 794
80 3 2 820
80 4 0 753
80 4 1 786
80 4 2 813
80 5 0 781
80 5 1 793
80 5 2 789
80 6 0 799
80 6 1 807
80 6 2 752
80 7 0 816
80 7 1 780
80 7 2 808
80 8 0 775
80 8 1 794
80 8 2 745
80 9 0 777
80 9 1 793
80 9 2 781
100 0 0 1186
100 0 1 1242
100 0 2 1257
100 1 0 1235
100 1 1 1109
100 1 2 1212
100 2 0 1191
100 2 1 1201
100 2 2 1229
100 3 0 1140
100 3 1 1226
100 3 2 1200
100 4 0 1255
100 4 1 1189
100 4 2 1204
100 5 0 1228
100 5 1 1220
100 5 2 1221
100 6 0 1246
100 6 1 1249
100 6 2 1249
100 7 0 1211
100 7 1 1180
100 7 2 1247
100 8 0 1173
100 8 1 1226
100 8 2 1239
100 9 0 1237
100 9 1 1208
100 9 2 1142
60 0 3 420
60 0 4 455
60 0 5 447
60 0 6 396
60 0 7 387
60 0 8 444
60 0 9 452
60 0 10 459
60 1 3 435
60 1 4 444
60 1 5 434
60 1 6 469
60 1 7 418
60 1 8 452
60 1 9 409
60 1 10 423
60 2 3 433
60 2 4 444
60 2 5 406
60 2 6 440
60 2 7 410
60 2 8 385
60 2 9 408
60 2 10 432
60 3 3 457
60 3 4 447
60 3 5 452
60 3 6 434
60 3 7 461
60 3 8 427
60 3 9 445
60 3 10 441
60 4 3 436
60 4 4 429
60 4 5 433
60 4 6 433
60 4 7 436
60 4 8 448
60 4 9 438
60 4 10 435
60 5 3 437
60 5 4 438
60 5 5 439
60 5 6 481
60 5 7 427
60 5 8 447
60 5 9 455
60 5 10 447
60 6 3 469
60 6 4 423
60 6 5 450
60 6 6 403
60 6 7 442
60 6 8 446
60 6 9 455
60 6 10 440
60 7 3 447
60 7 4 440
60 7 5 433
60 7 6 431
60 7 7 434
60 7 8 447
60 7 9 426
60 7 10 431
60 8 3 427
60 8 4 445
60 8 5 444
60 8 6 459
60 8 7 442
60 8 8 416
60 8 9 434
60 8 10 433
60 9 3 386
60 9 4 422
60 9 5 441
60 9 6 439
60 9 7 444
60 9 8 449
60 9 9 427
60 9 10 442
80 0 3 765
80 0 4 782
80 0 5 787
80 0 6 783
80 0 7 764
80 0 8 814
80 0 9 740
80 0 10 795
80 1 3 724
80 1 4 819
80 1 5 802
80 1 6 741
80 1 7 796
80 1 8 789
80 1 9 694
80 1 10 825
80 2 3 808
80 2 4 761
80 2 5 787
80 2 6 772
80 2 7 796
80 2 8 763
80 2 9 785
80 2 10 767
80 3 3 766
80 3 4 757
80 3 5 807
80 3 6 802
80 3 7 788
80 3 8 778
80 3 9 750
80 3 10 787
80 4 3 781
80 4 4 782
80 4 5 788
80 4 6 789
80 4 7 755
80 4 8 785
80 4 9 792
80 4 10 799
80 5 3 799
80 5 4 772
80 5 5 790
80 5 6 806
80 5 7 779
80 5 8 789
80 5 9 792
80 5 10 775
80 6 3 784
80 6 4 791
80 6 5 729
80 6 6 788
80 6 7 772
80 6 8 799
80 6 9 789
80 6 10 799
80 7 3 802
80 7 4 810
80 7 5 774
80 7 6 775
80 7 7 689
80 7 8 772
80 7 9 736
80 7 10 791
80 8 3 810
80 8 4 760
80 8 5 820
80 8 6 784
80 8 7 790
80 8 8 741
80 8 9 789
80 8 10 794
80 9 3 802
80 9 4 794
80 9 5 734
80 9 6 770
80 9 7 794
80 9 8 786
80 9 9 788
80 9 10 782
100 0 3 1236
100 0 4 1212
100 0 5 1260
100 0 6 1182
100 0 7 1201
100 0 8 1228
100 0 9 1212
100 0 10 1257
100 1 3 1282
100 1 4 1167
100 1 5 1235
100 1 6 1209
100 1 7 1254
100 1 8 1251
100 1 9 1236
100 1 10 1226
100 2 3 1216
100 2 4 1253
100 2 5 1194
100 2 6 1237
100 2 7 1184
100 2 8 1235
100 2 9 1233
100 2 10 1210
100 3 3 1107
100 3 4 1167
100 3 5 1236
100 3 6 1217
100 3 7 1174
100 3 8 1224
100 3 9 1188
100 3 10 1242
100 4 3 1262
100 4 4 1258
100 4 5 1249
100 4 6 1225
100 4 7 1243
100 4 8 1193
100 4 9 1169
100 4 10 1240
100 5 3 1295
100 5 4 1173
100 5 5 1174
100 5 6 1252
100 5 7 1251
100 5 8 1209
100 5 9 1251
100 5 10 1195
100 6 3 1264
100 6 4 1218
100 6 5 1189
100 6 6 1220
100 6 7 1246
100 6 8 1240
100 6 9 1214
100 6 10 1237
100 7 3 1208
100 7 4 1236
100 7 5 1204
100 7 6 1245
100 7 7 1205
100 7 8 1229
100 7 9 1249
100 7 10 1263
100 8 3 1215
100 8 4 1240
100 8 5 1223
100 8 6 1197
100 8 7 1227
100 8 8 1212
100 8 9 1245
100 8 10 1215
100 9 3 1262
100 9 4 1260
100 9 5 1184
100 9 6 1234
100 9 7 1243
100 9 8 1219
100 9 9 1186
100 9 10 1252
