60 0 0 255
60 0 1 360
60 0 2 431
60 1 0 303
60 1 1 414
60 1 2 359
60 2 0 239
60 2 1 354
60 2 2 388
60 3 0 229
60 3 1 447
60 3 2 380
60 4 0 419
60 4 1 384
60 4 2 347
60 5 0 451
60 5 1 412
60 5 2 428
60 6 0 447
60 6 1 380
60 6 2 442
60 7 0 323
60 7 1 299
60 7 2 254
60 8 0 434
60 8 1 441
60 8 2 412
60 9 0 443
60 9 1 461
60 9 2 416
80 0 0 686
80 0 1 796
80 0 2 700
80 1 0 779
80 1 1 720
80 1 2 764
80 2 0 765
80 2 1 764
80 2 2 725
80 3 0 641
80 3 1 790
80 3 2 800
80 4 0 785
80 4 1 783
80 4 2 741
80 5 0 570
80 5 1 744
80 5 2 759
80 6 0 747
80 6 1 757
80 6 2 759
80 7 0 798
80 7 1 595
80 7 2 677
80 8 0 759
80 8 1 749
80 8 2 772
80 9 0 689
80 9 1 777
80 9 2 762
100 0 0 1213
100 0 1 1222
100 0 2 1175
100 1 0 1110
100 1 1 1178
100 1 2 1252
100 2 0 1161
100 2 1 1254
100 2 2 1165
100 3 0 949
100 3 1 810
100 3 2 1240
100 4 0 1146
100 4 1 1223
100 4 2 1069
100 5 0 1069
100 5 1 1249
100 5 2 1243
100 6 0 1101
100 6 1 1210
100 6 2 1193
100 7 0 1153
100 7 1 1240
100 7 2 1277
100 8 0 1192
100 8 1 1258
100 8 2 1235
100 9 0 1203
100 9 1 954
100 9 2 1213
