60 0 0 330
60 0 1 455
60 0 2 426
60 1 0 447
60 1 1 424
60 1 2 456
60 2 0 436
60 2 1 439
60 2 2 404
60 3 0 434
60 3 1 462
60 3 2 421
60 4 0 435
60 4 1 395
60 4 2 422
60 5 0 421
60 5 1 435
60 5 2 458
60 6 0 442
60 6 1 436
60 6 2 416
60 7 0 428
60 7 1 433
60 7 2 377
60 8 0 389
60 8 1 428
60 8 2 430
60 9 0 448
60 9 1 443
60 9 2 373
80 0 0 784
80 0 1 800
80 0 2 796
80 1 0 808
80 1 1 720
80 1 2 782
80 2 0 710
80 2 1 804
80 2 2 787
80 3 0 802
80 3 1 797
80 3 2 761
80 4 0 769
80 4 1 643
80 4 2 791
80 5 0 781
80 5 1 770
80 5 2 795
80 6 0 784
80 6 1 774
80 6 2 606
80 7 0 721
80 7 1 665
80 7 2 793
80 8 0 712
80 8 1 745
80 8 2 787
80 9 0 799
80 9 1 764
80 9 2 746
100 0 0 1243
100 0 1 1222
100 0 2 1245
100 1 0 1241
100 1 1 1226
100 1 2 1191
100 2 0 1236
100 2 1 1225
100 2 2 1247
100 3 0 1240
100 3 1 1200
100 3 2 1256
100 4 0 1240
100 4 1 1216
100 4 2 1100
100 5 0 1241
100 5 1 1204
100 5 2 1214
100 6 0 1222
100 6 1 1264
100 6 2 1240
100 7 0 1244
100 7 1 1129
100 7 2 1241
100 8 0 1233
100 8 1 1154
100 8 2 1242
100 9 0 1220
100 9 1 1204
100 9 2 1214
60 0 3 433
60 0 4 421
60 0 5 428
60 0 6 427
60 0 7 432
60 0 8 398
60 0 9 372
60 0 10 428
60 1 3 419
60 1 4 440
60 1 5 462
60 1 6 417
60 1 7 407
60 1 8 427
60 1 9 449
60 1 10 431
60 2 3 435
60 2 4 390
60 2 5 444
60 2 6 453
60 2 7 454
60 2 8 403
60 2 9 442
60 2 10 450
60 3 3 442
60 3 4 458
60 3 5 457
60 3 6 425
60 3 7 418
60 3 8 426
60 3 9 457
60 3 10 431
60 4 3 439
60 4 4 405
60 4 5 373
60 4 6 415
60 4 7 415
60 4 8 439
60 4 9 446
60 4 10 416
60 5 3 442
60 5 4 420
60 5 5 455
60 5 6 442
60 5 7 455
60 5 8 431
60 5 9 442
60 5 10 444
60 6 3 449
60 6 4 422
60 6 5 391
60 6 6 426
60 6 7 388
60 6 8 407
60 6 9 389
60 6 10 440
60 7 3 369
60 7 4 407
60 7 5 442
60 7 6 400
60 7 7 396
60 7 8 416
60 7 9 408
60 7 10 399
60 8 3 428
60 8 4 443
60 8 5 414
60 8 6 442
60 8 7 458
60 8 8 447
60 8 9 423
60 8 10 428
60 9 3 446
60 9 4 420
60 9 5 416
60 9 6 405
60 9 7 441
60 9 8 427
60 9 9 429
60 9 10 394
80 0 3 766
80 0 4 780
80 0 5 781
80 0 6 790
80 0 7 780
80 0 8 777
80 0 9 811
80 0 10 801
80 1 3 809
80 1 4 752
80 1 5 755
80 1 6 782
80 1 7 804
80 1 8 766
80 1 9 769
80 1 10 806
80 2 3 777
80 2 4 800
80 2 5 757
80 2 6 769
80 2 7 712
80 2 8 766
80 2 9 690
80 2 10 746
80 3 3 703
80 3 4 798
80 3 5 805
80 3 6 785
80 3 7 806
80 3 8 773
80 3 9 787
80 3 10 818
80 4 3 747
80 4 4 805
80 4 5 765
80 4 6 771
80 4 7 758
80 4 8 793
80 4 9 755
80 4 10 788
80 5 3 799
80 5 4 782
80 5 5 810
80 5 6 780
80 5 7 716
80 5 8 743
80 5 9 801
80 5 10 787
80 6 3 720
80 6 4 801
80 6 5 824
80 6 6 764
80 6 7 758
80 6 8 785
80 6 9 798
80 6 10 796
80 7 3 801
80 7 4 780
80 7 5 759
80 7 6 732
80 7 7 796
80 7 8 765
80 7 9 771
80 7 10 782
80 8 3 793
80 8 4 759
80 8 5 786
80 8 6 809
80 8 7 788
80 8 8 782
80 8 9 786
80 8 10 713
80 9 3 783
80 9 4 807
80 9 5 757
80 9 6 822
80 9 7 782
80 9 8 796
80 9 9 776
80 9 10 800
100 0 3 1209
100 0 4 1222
100 0 5 1187
100 0 6 1245
100 0 7 1168
100 0 8 1176
100 0 9 1243
100 0 10 1254
100 1 3 1222
100 1 4 1256
100 1 5 1253
100 1 6 1190
100 1 7 1242
100 1 8 1246
100 1 9 1244
100 1 10 1219
100 2 3 1250
100 2 4 1160
100 2 5 1244
100 2 6 1229
100 2 7 1201
100 2 8 1242
100 2 9 1222
100 2 10 1232
100 3 3 1025
100 3 4 1244
100 3 5 1222
100 3 6 1233
100 3 7 1212
100 3 8 1251
100 3 9 1209
100 3 10 1255
100 4 3 1106
100 4 4 1224
100 4 5 1230
100 4 6 1210
100 4 7 1239
100 4 8 1167
100 4 9 1224
100 4 10 1254
100 5 3 1217
100 5 4 1229
100 5 5 1149
100 5 6 1226
100 5 7 1100
100 5 8 1079
100 5 9 1139
100 5 10 1218
100 6 3 1242
100 6 4 1265
100 6 5 1245
100 6 6 1178
100 6 7 1224
100 6 8 1213
100 6 9 1200
100 6 10 1226
100 7 3 1198
100 7 4 1248
100 7 5 1203
100 7 6 1180
100 7 7 1235
100 7 8 1248
100 7 9 1244
100 7 10 1146
100 8 3 1241
100 8 4 1214
100 8 5 1236
100 8 6 1145
100 8 7 1224
100 8 8 1155
100 8 9 1232
100 8 10 1227
100 9 3 1146
100 9 4 1210
100 9 5 1267
100 9 6 1258
100 9 7 1216
100 9 8 1100
100 9 9 1206
100 9 10 1204
