60 0 0 444
60 0 1 374
60 0 2 424
60 0 3 457
60 0 4 406
60 0 5 424
60 0 6 424
60 0 7 415
60 0 8 432
60 0 9 467
60 1 0 428
60 1 1 460
60 1 2 427
60 1 3 445
60 1 4 423
60 1 5 451
60 1 6 394
60 1 7 442
60 1 8 469
60 1 9 445
60 2 0 457
60 2 1 465
60 2 2 428
60 2 3 432
60 2 4 436
60 2 5 440
60 2 6 424
60 2 7 450
60 2 8 446
60 2 9 428
60 3 0 430
60 3 1 440
60 3 2 442
60 3 3 451
60 3 4 448
60 3 5 448
60 3 6 406
60 3 7 454
60 3 8 444
60 3 9 459
60 4 0 447
60 4 1 420
60 4 2 449
60 4 3 425
60 4 4 418
60 4 5 403
60 4 6 441
60 4 7 435
60 4 8 433
60 4 9 464
60 5 0 428
60 5 1 410
60 5 2 452
60 5 3 452
60 5 4 447
60 5 5 432
60 5 6 437
60 5 7 458
60 5 8 425
60 5 9 421
60 6 0 439
60 6 1 441
60 6 2 433
60 6 3 438
60 6 4 443
60 6 5 453
60 6 6 449
60 6 7 438
60 6 8 412
60 6 9 425
60 7 0 454
60 7 1 462
60 7 2 433
60 7 3 429
60 7 4 436
60 7 5 436
60 7 6 442
60 7 7 440
60 7 8 439
60 7 9 425
60 8 0 433
60 8 1 418
60 8 2 451
60 8 3 451
60 8 4 448
60 8 5 433
60 8 6 465
60 8 7 440
60 8 8 443
60 8 9 455
60 9 0 439
60 9 1 442
60 9 2 436
60 9 3 447
60 9 4 404
60 9 5 430
60 9 6 442
60 9 7 446
60 9 8 396
60 9 9 433
80 0 0 725
80 0 1 808
80 0 2 776
80 0 3 690
80 0 4 805
80 0 5 762
80 0 6 782
80 0 7 817
80 0 8 781
80 0 9 807
80 1 0 772
80 1 1 795
80 1 2 795
80 1 3 786
80 1 4 790
80 1 5 803
80 1 6 772
80 1 7 766
80 1 8 772
80 1 9 777
80 2 0 793
80 2 1 800
80 2 2 758
80 2 3 763
80 2 4 796
80 2 5 796
80 2 6 807
80 2 7 771
80 2 8 791
80 2 9 794
80 3 0 755
80 3 1 769
80 3 2 755
80 3 3 788
80 3 4 743
80 3 5 804
80 3 6 786
80 3 7 790
80 3 8 830
80 3 9 755
80 4 0 799
80 4 1 780
80 4 2 755
80 4 3 726
80 4 4 803
80 4 5 755
