60 0 0 416
60 0 1 411
60 0 2 331
60 1 0 454
60 1 1 413
60 1 2 383
60 2 0 452
60 2 1 403
60 2 2 313
60 3 0 441
60 3 1 443
60 3 2 401
60 4 0 451
60 4 1 445
60 4 2 444
60 5 0 432
60 5 1 445
60 5 2 453
60 6 0 429
60 6 1 432
60 6 2 436
60 7 0 440
60 7 1 454
60 7 2 437
60 8 0 444
60 8 1 439
60 8 2 446
60 9 0 393
60 9 1 441
60 9 2 437
80 0 0 685
80 0 1 777
80 0 2 793
80 1 0 778
80 1 1 765
80 1 2 790
80 2 0 706
80 2 1 792
80 2 2 793
80 3 0 806
80 3 1 786
80 3 2 765
80 4 0 690
80 4 1 778
80 4 2 775
80 5 0 747
80 5 1 796
80 5 2 746
80 6 0 807
80 6 1 806
80 6 2 676
80 7 0 795
80 7 1 798
80 7 2 784
80 8 0 790
80 8 1 764
80 8 2 709
80 9 0 802
80 9 1 794
80 9 2 758
100 0 0 1203
100 0 1 1232
100 0 2 1207
100 1 0 1247
100 1 1 1227
100 1 2 1211
100 2 0 1194
100 2 1 1246
100 2 2 1116
100 3 0 1247
100 3 1 1204
100 3 2 1213
100 4 0 1181
100 4 1 1190
100 4 2 1120
100 5 0 1235
100 5 1 1177
100 5 2 1218
100 6 0 1226
100 6 1 1225
100 6 2 1087
100 7 0 1214
100 7 1 1229
100 7 2 1210
100 8 0 1164
100 8 1 1259
100 8 2 1236
100 9 0 1240
100 9 1 1170
100 9 2 1249
60 0 3 407
60 0 4 440
60 0 5 452
60 0 6 411
60 0 7 393
60 0 8 437
60 0 9 431
60 0 10 404
60 1 3 441
60 1 4 444
60 1 5 449
60 1 6 368
60 1 7 431
60 1 8 425
60 1 9 420
60 1 10 431
60 2 3 435
60 2 4 439
60 2 5 384
60 2 6 445
60 2 7 447
60 2 8 411
60 2 9 437
60 2 10 460
60 3 3 428
60 3 4 447
60 3 5 445
60 3 6 446
60 3 7 436
60 3 8 415
60 3 9 438
60 3 10 432
60 4 3 435
60 4 4 425
60 4 5 362
60 4 6 435
60 4 7 447
60 4 8 418
60 4 9 451
60 4 10 448
60 5 3 448
60 5 4 447
60 5 5 440
60 5 6 389
60 5 7 448
60 5 8 450
60 5 9 444
60 5 10 403
60 6 3 391
60 6 4 438
60 6 5 450
60 6 6 456
60 6 7 442
60 6 8 439
60 6 9 418
60 6 10 426
60 7 3 440
60 7 4 421
60 7 5 452
60 7 6 438
60 7 7 398
60 7 8 437
60 7 9 429
60 7 10 405
60 8 3 443
60 8 4 435
60 8 5 426
60 8 6 430
60 8 7 440
60 8 8 428
60 8 9 446
60 8 10 448
60 9 3 443
60 9 4 430
60 9 5 433
60 9 6 451
60 9 7 440
60 9 8 457
60 9 9 462
60 9 10 442
80 0 3 785
80 0 4 808
80 0 5 773
80 0 6 671
80 0 7 674
80 0 8 694
80 0 9 796
80 0 10 769
80 1 3 741
80 1 4 795
80 1 5 769
80 1 6 749
80 1 7 774
80 1 8 788
80 1 9 693
80 1 10 800
80 2 3 781
80 2 4 759
80 2 5 771
80 2 6 813
80 2 7 749
80 2 8 758
80 2 9 801
80 2 10 783
80 3 3 794
80 3 4 790
80 3 5 791
80 3 6 752
80 3 7 753
80 3 8 803
80 3 9 786
80 3 10 766
80 4 3 771
80 4 4 806
80 4 5 787
80 4 6 768
80 4 7 785
80 4 8 784
80 4 9 788
80 4 10 788
80 5 3 756
80 5 4 794
80 5 5 775
80 5 6 785
80 5 7 784
80 5 8 706
80 5 9 790
80 5 10 783
80 6 3 796
80 6 4 775
80 6 5 741
80 6 6 763
80 6 7 677
80 6 8 770
80 6 9 740
80 6 10 738
80 7 3 715
80 7 4 698
80 7 5 758
80 7 6 790
80 7 7 782
80 7 8 745
80 7 9 788
80 7 10 793
80 8 3 796
80 8 4 771
80 8 5 722
80 8 6 818
80 8 7 754
80 8 8 749
80 8 9 730
80 8 10 796
80 9 3 803
80 9 4 686
80 9 5 709
80 9 6 742
80 9 7 798
80 9 8 765
80 9 9 709
80 9 10 804
100 0 3 1188
100 0 4 1129
100 0 5 1260
100 0 6 1167
100 0 7 1224
100 0 8 1208
100 0 9 1236
100 0 10 1213
100 1 3 1137
100 1 4 1263
100 1 5 1082
100 1 6 1250
100 1 7 1234
100 1 8 1270
100 1 9 1195
100 1 10 999
100 2 3 1249
100 2 4 1249
100 2 5 1184
100 2 6 1230
100 2 7 1274
100 2 8 1235
100 2 9 1221
100 2 10 1257
100 3 3 1195
100 3 4 1239
100 3 5 1181
100 3 6 1239
100 3 7 1226
100 3 8 1255
100 3 9 1235
100 3 10 1262
100 4 3 1234
100 4 4 1241
100 4 5 1191
100 4 6 1197
100 4 7 1196
100 4 8 1254
100 4 9 1239
100 4 10 1241
100 5 3 1130
100 5 4 1198
100 5 5 1235
100 5 6 1260
100 5 7 1225
100 5 8 1080
100 5 9 1182
100 5 10 1223
100 6 3 1199
100 6 4 1242
100 6 5 1216
100 6 6 1243
100 6 7 1213
100 6 8 1236
100 6 9 1257
100 6 10 1216
100 7 3 1232
100 7 4 1253
100 7 5 1205
100 7 6 1170
100 7 7 1247
100 7 8 1246
100 7 9 1257
100 7 10 1199
100 8 3 1234
100 8 4 1242
100 8 5 1175
100 8 6 1238
100 8 7 1207
100 8 8 1118
100 8 9 1243
100 8 10 1237
100 9 3 1248
100 9 4 1266
100 9 5 1223
100 9 6 1230
100 9 7 1183
100 9 8 1227
100 9 9 1056
100 9 10 1129
