60 0 0 394
60 0 1 427
60 0 2 451
60 1 0 440
60 1 1 428
60 1 2 417
60 2 0 428
60 2 1 444
60 2 2 458
60 3 0 404
60 3 1 379
60 3 2 456
60 4 0 440
60 4 1 402
60 4 2 392
60 5 0 384
60 5 1 415
60 5 2 455
60 6 0 403
60 6 1 442
60 6 2 437
60 7 0 402
60 7 1 402
60 7 2 401
60 8 0 377
60 8 1 447
60 8 2 439
60 9 0 442
60 9 1 407
60 9 2 444
80 0 0 788
80 0 1 684
80 0 2 678
80 1 0 761
80 1 1 665
80 1 2 740
80 2 0 746
80 2 1 791
80 2 2 754
80 3 0 746
80 3 1 815
80 3 2 773
80 4 0 763
80 4 1 780
80 4 2 786
80 5 0 801
80 5 1 708
80 5 2 791
80 6 0 799
80 6 1 778
80 6 2 789
80 7 0 778
80 7 1 790
80 7 2 805
80 8 0 684
80 8 1 783
80 8 2 758
80 9 0 797
80 9 1 770
80 9 2 753
100 0 0 1121
100 0 1 1185
100 0 2 1250
100 1 0 1243
100 1 1 1195
100 1 2 1237
100 2 0 1090
100 2 1 1232
100 2 2 1217
100 3 0 1236
100 3 1 1154
100 3 2 1180
100 4 0 1236
100 4 1 1218
100 4 2 1210
100 5 0 1225
100 5 1 1222
100 5 2 1268
100 6 0 1251
100 6 1 1208
100 6 2 1181
100 7 0 1243
100 7 1 1162
100 7 2 1242
100 8 0 1277
100 8 1 1240
100 8 2 1206
100 9 0 1256
100 9 1 1212
100 9 2 1243
60 0 3 417
60 0 4 447
60 0 5 442
60 0 6 451
60 0 7 371
60 0 8 428
60 0 9 435
60 0 10 428
60 1 3 413
60 1 4 427
60 1 5 441
60 1 6 432
60 1 7 447
60 1 8 423
60 1 9 421
60 1 10 447
60 2 3 446
60 2 4 432
60 2 5 450
60 2 6 414
60 2 7 385
60 2 8 445
60 2 9 429
60 2 10 406
60 3 3 428
60 3 4 433
60 3 5 429
60 3 6 439
60 3 7 466
60 3 8 457
60 3 9 440
60 3 10 445
60 4 3 459
60 4 4 436
60 4 5 453
60 4 6 429
60 4 7 418
60 4 8 442
60 4 9 435
60 4 10 351
60 5 3 422
60 5 4 404
60 5 5 431
60 5 6 429
60 5 7 440
60 5 8 432
60 5 9 422
60 5 10 436
60 6 3 398
60 6 4 366
60 6 5 440
60 6 6 416
60 6 7 427
60 6 8 418
60 6 9 433
60 6 10 450
60 7 3 444
60 7 4 437
60 7 5 447
60 7 6 447
60 7 7 428
60 7 8 436
60 7 9 416
60 7 10 446
60 8 3 442
60 8 4 453
60 8 5 448
60 8 6 442
60 8 7 445
60 8 8 449
60 8 9 451
60 8 10 344
60 9 3 449
60 9 4 447
60 9 5 429
60 9 6 445
60 9 7 389
60 9 8 427
60 9 9 348
60 9 10 431
80 0 3 775
80 0 4 718
80 0 5 759
80 0 6 789
80 0 7 739
80 0 8 775
80 0 9 661
80 0 10 816
80 1 3 764
80 1 4 741
80 1 5 737
80 1 6 793
80 1 7 799
80 1 8 681
80 1 9 810
80 1 10 793
80 2 3 773
80 2 4 708
80 2 5 812
80 2 6 667
80 2 7 755
80 2 8 741
80 2 9 767
80 2 10 787
80 3 3 748
80 3 4 775
80 3 5 751
80 3 6 812
80 3 7 830
80 3 8 824
80 3 9 814
80 3 10 757
80 4 3 780
80 4 4 774
80 4 5 753
80 4 6 771
80 4 7 777
80 4 8 687
80 4 9 791
80 4 10 689
80 5 3 734
80 5 4 798
80 5 5 779
80 5 6 764
80 5 7 807
80 5 8 781
80 5 9 796
80 5 10 775
80 6 3 794
80 6 4 708
80 6 5 769
80 6 6 794
80 6 7 790
80 6 8 791
80 6 9 778
80 6 10 724
80 7 3 752
80 7 4 772
80 7 5 793
80 7 6 741
80 7 7 764
80 7 8 783
80 7 9 722
80 7 10 794
80 8 3 706
80 8 4 796
80 8 5 782
80 8 6 708
80 8 7 796
80 8 8 807
80 8 9 786
80 8 10 763
80 9 3 753
80 9 4 791
80 9 5 791
80 9 6 805
80 9 7 772
80 9 8 766
80 9 9 767
80 9 10 816
100 0 3 1239
100 0 4 1228
100 0 5 1197
100 0 6 1245
100 0 7 1221
100 0 8 1239
100 0 9 1265
100 0 10 1218
100 1 3 1252
100 1 4 1231
100 1 5 1254
100 1 6 1258
100 1 7 1254
100 1 8 1225
100 1 9 1219
100 1 10 1190
100 2 3 1003
100 2 4 1241
100 2 5 1186
100 2 6 1205
100 2 7 1261
100 2 8 1187
100 2 9 1257
100 2 10 1214
100 3 3 1207
100 3 4 1243
100 3 5 1143
100 3 6 1237
100 3 7 1205
100 3 8 1245
100 3 9 1240
100 3 10 1229
100 4 3 1255
100 4 4 1203
100 4 5 1094
100 4 6 1163
100 4 7 1226
100 4 8 1149
100 4 9 1167
100 4 10 1239
100 5 3 1207
100 5 4 1154
100 5 5 1154
100 5 6 1223
100 5 7 1214
100 5 8 1194
100 5 9 1168
100 5 10 1254
100 6 3 1243
100 6 4 1129
100 6 5 1244
100 6 6 1084
100 6 7 1246
100 6 8 1226
100 6 9 1210
100 6 10 1110
100 7 3 1235
100 7 4 1184
100 7 5 1248
100 7 6 1225
100 7 7 1114
100 7 8 1196
100 7 9 1224
100 7 10 1227
100 8 3 1246
100 8 4 1257
100 8 5 1220
100 8 6 1206
100 8 7 1137
100 8 8 1243
100 8 9 1065
100 8 10 1215
100 9 3 1239
100 9 4 1186
100 9 5 1224
100 9 6 1221
100 9 7 1196
100 9 8 1202
100 9 9 1160
100 9 10 1240
