60 0 0 446
60 0 1 441
60 0 2 449
60 1 0 444
60 1 1 427
60 1 2 434
60 2 0 436
60 2 1 424
60 2 2 434
60 3 0 436
60 3 1 448
60 3 2 438
60 4 0 440
60 4 1 422
60 4 2 465
60 5 0 421
60 5 1 437
60 5 2 429
60 6 0 442
60 6 1 454
60 6 2 426
60 7 0 451
60 7 1 407
60 7 2 426
60 8 0 445
60 8 1 419
60 8 2 436
60 9 0 419
60 9 1 458
60 9 2 476
80 0 0 753
80 0 1 797
80 0 2 782
80 1 0 782
80 1 1 780
80 1 2 814
80 2 0 752
80 2 1 733
80 2 2 779
80 3 0 778
80 3 1 795
80 3 2 719
80 4 0 784
80 4 1 780
80 4 2 754
80 5 0 773
80 5 1 772
80 5 2 796
80 6 0 809
80 6 1 807
80 6 2 801
80 7 0 774
80 7 1 790
80 7 2 792
80 8 0 800
80 8 1 799
80 8 2 790
80 9 0 791
80 9 1 795
80 9 2 807
100 0 0 1236
100 0 1 1137
100 0 2 1244
100 1 0 1259
100 1 1 1225
100 1 2 1237
100 2 0 1217
100 2 1 1263
100 2 2 1154
100 3 0 1212
100 3 1 1241
100 3 2 1227
100 4 0 1239
100 4 1 1235
100 4 2 1155
100 5 0 1221
100 5 1 1256
100 5 2 1222
100 6 0 1161
100 6 1 1226
100 6 2 1259
100 7 0 1224
100 7 1 1235
100 7 2 1246
100 8 0 1226
100 8 1 1234
100 8 2 1236
100 9 0 1221
100 9 1 1237
100 9 2 1233
60 0 3 422
60 0 4 455
60 0 5 473
60 0 6 418
60 0 7 438
60 0 8 418
60 0 9 434
60 0 10 452
60 1 3 442
60 1 4 436
60 1 5 444
60 1 6 437
60 1 7 454
60 1 8 440
60 1 9 448
60 1 10 442
60 2 3 431
60 2 4 423
60 2 5 459
60 2 6 455
60 2 7 424
60 2 8 451
60 2 9 455
60 2 10 439
60 3 3 440
60 3 4 420
60 3 5 435
60 3 6 447
60 3 7 428
60 3 8 443
60 3 9 409
60 3 10 421
60 4 3 419
60 4 4 451
60 4 5 441
60 4 6 449
60 4 7 390
60 4 8 398
60 4 9 429
60 4 10 447
60 5 3 464
60 5 4 403
60 5 5 415
60 5 6 414
60 5 7 445
60 5 8 435
60 5 9 422
60 5 10 437
60 6 3 421
60 6 4 408
60 6 5 472
60 6 6 437
60 6 7 455
60 6 8 454
60 6 9 445
60 6 10 375
60 7 3 408
60 7 4 445
60 7 5 392
60 7 6 445
60 7 7 440
60 7 8 423
60 7 9 418
60 7 10 433
60 8 3 438
60 8 4 447
60 8 5 413
60 8 6 419
60 8 7 452
60 8 8 447
60 8 9 413
60 8 10 434
60 9 3 460
60 9 4 424
60 9 5 440
60 9 6 427
60 9 7 457
60 9 8 462
60 9 9 450
60 9 10 428
80 0 3 782
80 0 4 749
80 0 5 756
80 0 6 771
80 0 7 755
80 0 8 798
80 0 9 773
80 0 10 791
80 1 3 726
80 1 4 796
80 1 5 775
80 1 6 791
80 1 7 737
80 1 8 763
80 1 9 812
80 1 10 807
80 2 3 756
80 2 4 778
80 2 5 817
80 2 6 783
80 2 7 803
80 2 8 791
80 2 9 783
80 2 10 825
80 3 3 792
80 3 4 819
80 3 5 762
80 3 6 799
80 3 7 779
80 3 8 755
80 3 9 796
80 3 10 783
80 4 3 775
80 4 4 743
80 4 5 702
80 4 6 775
80 4 7 764
80 4 8 796
80 4 9 793
80 4 10 791
80 5 3 768
80 5 4 766
80 5 5 785
80 5 6 756
80 5 7 782
80 5 8 773
80 5 9 779
80 5 10 806
80 6 3 793
80 6 4 789
80 6 5 799
80 6 6 748
80 6 7 765
80 6 8 718
80 6 9 797
80 6 10 804
80 7 3 776
80 7 4 794
80 7 5 765
80 7 6 825
80 7 7 753
80 7 8 784
80 7 9 797
80 7 10 785
80 8 3 807
80 8 4 773
80 8 5 778
80 8 6 774
80 8 7 791
80 8 8 773
80 8 9 782
80 8 10 785
80 9 3 787
80 9 4 783
80 9 5 821
80 9 6 798
80 9 7 739
80 9 8 802
80 9 9 800
80 9 10 791
100 0 3 1195
100 0 4 1257
100 0 5 1195
100 0 6 1248
100 0 7 1256
100 0 8 1246
100 0 9 1159
100 0 10 1197
100 1 3 1246
100 1 4 1225
100 1 5 1245
100 1 6 1283
100 1 7 1262
100 1 8 1238
100 1 9 1248
100 1 10 1245
100 2 3 1216
100 2 4 1284
100 2 5 1245
100 2 6 1256
100 2 7 1251
100 2 8 1211
100 2 9 1213
100 2 10 1189
100 3 3 1228
100 3 4 1252
100 3 5 1238
100 3 6 1245
100 3 7 1228
100 3 8 1189
100 3 9 1245
100 3 10 1225
100 4 3 1164
100 4 4 1232
100 4 5 1246
100 4 6 1187
100 4 7 1161
100 4 8 1272
100 4 9 1207
100 4 10 1191
100 5 3 1215
100 5 4 1224
100 5 5 1230
100 5 6 1223
100 5 7 1232
100 5 8 1272
100 5 9 1143
100 5 10 1253
100 6 3 1228
100 6 4 1230
100 6 5 1263
100 6 6 1238
100 6 7 1228
100 6 8 1246
100 6 9 1210
100 6 10 1246
100 7 3 1230
100 7 4 1227
100 7 5 1212
100 7 6 1214
100 7 7 1231
100 7 8 1202
100 7 9 1214
100 7 10 1212
100 8 3 1212
100 8 4 1224
100 8 5 1270
100 8 6 1257
100 8 7 1230
100 8 8 1208
100 8 9 1255
100 8 10 1257
100 9 3 1251
100 9 4 1233
100 9 5 1245
100 9 6 1207
100 9 7 1246
100 9 8 1192
100 9 9 1221
100 9 10 1231
