60 0 0 469
60 0 1 439
60 0 2 460
60 1 0 412
60 1 1 459
60 1 2 449
60 2 0 441
60 2 1 436
60 2 2 445
60 3 0 440
60 3 1 445
60 3 2 436
60 4 0 424
60 4 1 434
60 4 2 456
60 5 0 448
60 5 1 438
60 5 2 391
60 6 0 442
60 6 1 427
60 6 2 441
60 7 0 358
60 7 1 420
60 7 2 423
60 8 0 428
60 8 1 422
60 8 2 436
60 9 0 434
60 9 1 433
60 9 2 440
80 0 0 782
80 0 1 774
80 0 2 781
80 1 0 834
80 1 1 768
80 1 2 796
80 2 0 814
80 2 1 762
80 2 2 750
80 3 0 783
80 3 1 781
80 3 2 785
80 4 0 782
80 4 1 763
80 4 2 802
80 5 0 716
80 5 1 781
80 5 2 781
80 6 0 756
80 6 1 772
80 6 2 815
80 7 0 764
80 7 1 798
80 7 2 791
80 8 0 687
80 8 1 810
80 8 2 767
80 9 0 805
80 9 1 793
80 9 2 774
100 0 0 1211
100 0 1 1263
100 0 2 1261
100 1 0 1275
100 1 1 1235
100 1 2 1228
100 2 0 1215
100 2 1 1255
100 2 2 1123
100 3 0 1211
100 3 1 1214
100 3 2 1249
100 4 0 1264
100 4 1 1258
100 4 2 1263
100 5 0 1234
100 5 1 1200
100 5 2 1221
100 6 0 1238
100 6 1 1199
100 6 2 1226
100 7 0 1236
100 7 1 1232
100 7 2 1252
100 8 0 1223
100 8 1 1185
100 8 2 1191
100 9 0 1225
100 9 1 1203
100 9 2 1221
60 0 3 453
60 0 4 401
60 0 5 434
60 0 6 411
60 0 7 398
60 0 8 443
60 0 9 425
60 0 10 445
60 1 3 425
60 1 4 438
60 1 5 440
60 1 6 431
60 1 7 405
60 1 8 443
60 1 9 444
60 1 10 454
60 2 3 460
60 2 4 454
60 2 5 455
60 2 6 406
60 2 7 401
60 2 8 443
60 2 9 448
60 2 10 452
60 3 3 407
60 3 4 445
60 3 5 437
60 3 6 433
60 3 7 415
60 3 8 443
60 3 9 436
60 3 10 448
60 4 3 439
60 4 4 436
60 4 5 436
60 4 6 466
60 4 7 432
60 4 8 428
60 4 9 438
60 4 10 444
60 5 3 453
60 5 4 448
60 5 5 426
60 5 6 422
60 5 7 440
60 5 8 448
60 5 9 440
60 5 10 406
60 6 3 425
60 6 4 430
60 6 5 422
60 6 6 450
60 6 7 425
60 6 8 415
60 6 9 446
60 6 10 449
60 7 3 401
60 7 4 441
60 7 5 431
60 7 6 467
60 7 7 401
60 7 8 367
60 7 9 449
60 7 10 416
60 8 3 452
60 8 4 429
60 8 5 403
60 8 6 444
60 8 7 421
60 8 8 437
60 8 9 431
60 8 10 420
60 9 3 440
60 9 4 432
60 9 5 416
60 9 6 446
60 9 7 435
60 9 8 448
60 9 9 437
60 9 10 437
80 0 3 805
80 0 4 765
80 0 5 788
80 0 6 795
80 0 7 785
80 0 8 711
80 0 9 795
80 0 10 763
80 1 3 770
80 1 4 718
80 1 5 796
80 1 6 783
80 1 7 794
80 1 8 717
80 1 9 798
80 1 10 800
80 2 3 782
80 2 4 746
80 2 5 797
80 2 6 792
80 2 7 787
80 2 8 732
80 2 9 789
80 2 10 783
80 3 3 743
80 3 4 764
80 3 5 732
80 3 6 757
80 3 7 820
80 3 8 798
80 3 9 823
80 3 10 659
80 4 3 786
80 4 4 767
80 4 5 804
80 4 6 809
80 4 7 799
80 4 8 789
80 4 9 788
80 4 10 782
80 5 3 770
80 5 4 774
80 5 5 758
80 5 6 768
80 5 7 758
80 5 8 776
80 5 9 757
80 5 10 815
80 6 3 822
80 6 4 786
80 6 5 780
80 6 6 790
80 6 7 738
80 6 8 769
80 6 9 781
80 6 10 792
80 7 3 744
80 7 4 779
80 7 5 763
80 7 6 753
80 7 7 818
80 7 8 797
80 7 9 792
80 7 10 782
80 8 3 812
80 8 4 787
80 8 5 794
80 8 6 783
80 8 7 759
80 8 8 772
80 8 9 803
80 8 10 798
80 9 3 786
80 9 4 795
80 9 5 783
80 9 6 766
80 9 7 781
80 9 8 779
80 9 9 758
80 9 10 771
100 0 3 1239
100 0 4 1184
100 0 5 1221
100 0 6 1227
100 0 7 1228
100 0 8 1151
100 0 9 1225
100 0 10 1269
100 1 3 1238
100 1 4 1262
100 1 5 1197
100 1 6 1244
100 1 7 1117
100 1 8 1204
100 1 9 1240
100 1 10 1231
100 2 3 1194
100 2 4 1249
100 2 5 1240
100 2 6 1212
100 2 7 1225
100 2 8 1211
100 2 9 1225
100 2 10 1224
100 3 3 1154
100 3 4 1218
100 3 5 1274
100 3 6 1209
100 3 7 1206
100 3 8 1201
100 3 9 1239
100 3 10 1197
100 4 3 1155
100 4 4 1253
100 4 5 1198
100 4 6 1216
100 4 7 1218
100 4 8 1170
100 4 9 1233
100 4 10 1236
100 5 3 1246
100 5 4 1275
100 5 5 1233
100 5 6 1225
100 5 7 1234
100 5 8 1210
100 5 9 1242
100 5 10 1227
100 6 3 1214
100 6 4 1240
100 6 5 1218
100 6 6 1243
100 6 7 1185
100 6 8 1246
100 6 9 1250
100 6 10 1248
100 7 3 1212
100 7 4 1238
100 7 5 1145
100 7 6 1223
100 7 7 1231
100 7 8 1224
100 7 9 1246
100 7 10 1268
100 8 3 1256
100 8 4 1229
100 8 5 1212
100 8 6 1256
100 8 7 1241
100 8 8 1173
100 8 9 1234
100 8 10 1235
100 9 3 1229
100 9 4 1227
100 9 5 1252
100 9 6 1203
100 9 7 1219
100 9 8 1263
100 9 9 1258
100 9 10 1157
