60 0 0 453
60 0 1 357
60 0 2 418
60 1 0 378
60 1 1 426
60 1 2 445
60 2 0 437
60 2 1 436
60 2 2 433
60 3 0 431
60 3 1 434
60 3 2 419
60 4 0 462
60 4 1 443
60 4 2 440
60 5 0 430
60 5 1 431
60 5 2 446
60 6 0 428
60 6 1 443
60 6 2 434
60 7 0 450
60 7 1 450
60 7 2 450
60 8 0 461
60 8 1 433
60 8 2 458
60 9 0 432
60 9 1 415
60 9 2 440
80 0 0 768
80 0 1 800
80 0 2 812
80 1 0 776
80 1 1 758
80 1 2 800
80 2 0 722
80 2 1 792
80 2 2 786
80 3 0 795
80 3 1 749
80 3 2 793
80 4 0 787
80 4 1 774
80 4 2 770
80 5 0 741
80 5 1 761
80 5 2 710
80 6 0 792
80 6 1 818
80 6 2 737
80 7 0 800
80 7 1 698
80 7 2 770
80 8 0 808
80 8 1 783
80 8 2 769
80 9 0 762
80 9 1 789
80 9 2 786
100 0 0 1245
100 0 1 1235
100 0 2 1274
100 1 0 1253
100 1 1 1214
100 1 2 1237
100 2 0 1230
100 2 1 1140
100 2 2 1267
100 3 0 1180
100 3 1 1256
100 3 2 1210
100 4 0 1227
100 4 1 1264
100 4 2 1241
100 5 0 1242
100 5 1 1242
100 5 2 1229
100 6 0 1234
100 6 1 1212
100 6 2 1252
100 7 0 1230
100 7 1 1210
100 7 2 1248
100 8 0 1202
100 8 1 1159
100 8 2 1120
100 9 0 1228
100 9 1 1250
100 9 2 1185
60 0 3 369
60 0 4 396
60 0 5 423
60 0 6 432
60 0 7 401
60 0 8 442
60 0 9 448
60 0 10 453
60 1 3 461
60 1 4 448
60 1 5 428
60 1 6 430
60 1 7 422
60 1 8 413
60 1 9 446
60 1 10 410
60 2 3 412
60 2 4 370
60 2 5 436
60 2 6 389
60 2 7 413
60 2 8 408
60 2 9 448
60 2 10 443
60 3 3 429
60 3 4 439
60 3 5 441
60 3 6 430
60 3 7 393
60 3 8 443
60 3 9 436
60 3 10 412
60 4 3 459
60 4 4 426
60 4 5 443
60 4 6 470
60 4 7 431
60 4 8 460
60 4 9 446
60 4 10 436
60 5 3 425
60 5 4 437
60 5 5 435
60 5 6 431
60 5 7 440
60 5 8 433
60 5 9 419
60 5 10 459
60 6 3 388
60 6 4 456
60 6 5 431
60 6 6 407
60 6 7 413
60 6 8 429
60 6 9 447
60 6 10 412
60 7 3 431
60 7 4 443
60 7 5 408
60 7 6 427
60 7 7 451
60 7 8 415
60 7 9 428
60 7 10 451
60 8 3 434
60 8 4 435
60 8 5 431
60 8 6 459
60 8 7 432
60 8 8 458
60 8 9 370
60 8 10 436
60 9 3 432
60 9 4 453
60 9 5 456
60 9 6 395
60 9 7 437
60 9 8 435
60 9 9 436
60 9 10 452
80 0 3 782
80 0 4 810
80 0 5 779
80 0 6 819
80 0 7 690
80 0 8 781
80 0 9 769
80 0 10 807
80 1 3 776
80 1 4 809
80 1 5 755
80 1 6 789
80 1 7 791
80 1 8 684
80 1 9 787
80 1 10 716
80 2 3 757
80 2 4 734
80 2 5 781
80 2 6 797
80 2 7 800
80 2 8 806
80 2 9 768
80 2 10 765
80 3 3 774
80 3 4 780
80 3 5 772
80 3 6 790
80 3 7 774
80 3 8 805
80 3 9 639
80 3 10 780
80 4 3 812
80 4 4 763
80 4 5 745
80 4 6 746
80 4 7 813
80 4 8 772
80 4 9 771
80 4 10 784
80 5 3 788
80 5 4 785
80 5 5 762
80 5 6 802
80 5 7 807
80 5 8 785
80 5 9 796
80 5 10 781
80 6 3 794
80 6 4 793
80 6 5 741
80 6 6 774
80 6 7 788
80 6 8 771
80 6 9 806
80 6 10 731
80 7 3 762
80 7 4 766
80 7 5 783
80 7 6 785
80 7 7 761
80 7 8 783
80 7 9 761
80 7 10 772
80 8 3 779
80 8 4 808
80 8 5 762
80 8 6 801
80 8 7 781
80 8 8 805
80 8 9 791
80 8 10 713
80 9 3 803
80 9 4 783
80 9 5 766
80 9 6 771
80 9 7 775
80 9 8 746
80 9 9 803
80 9 10 798
100 0 3 1082
100 0 4 1188
100 0 5 1213
100 0 6 1215
100 0 7 1247
100 0 8 1264
100 0 9 1248
100 0 10 1243
100 1 3 1187
100 1 4 1273
100 1 5 1198
100 1 6 1238
100 1 7 1237
100 1 8 1248
100 1 9 1214
100 1 10 1216
100 2 3 1107
100 2 4 1190
100 2 5 1216
100 2 6 1243
100 2 7 1267
100 2 8 1130
100 2 9 1229
100 2 10 1220
100 3 3 1226
100 3 4 1223
100 3 5 1221
100 3 6 1253
100 3 7 1236
100 3 8 1261
100 3 9 1225
100 3 10 1245
100 4 3 1208
100 4 4 1193
100 4 5 1215
100 4 6 1219
100 4 7 1237
100 4 8 1211
100 4 9 1272
100 4 10 1267
100 5 3 1240
100 5 4 1190
100 5 5 1181
100 5 6 1209
100 5 7 1226
100 5 8 1217
100 5 9 1253
100 5 10 1216
100 6 3 1204
100 6 4 1224
100 6 5 1293
100 6 6 1236
100 6 7 1212
100 6 8 1223
100 6 9 1254
100 6 10 1232
100 7 3 1203
100 7 4 1179
100 7 5 1247
100 7 6 1197
100 7 7 1247
100 7 8 1249
100 7 9 1205
100 7 10 1262
100 8 3 1203
100 8 4 1149
100 8 5 1226
100 8 6 1255
100 8 7 1241
100 8 8 1257
100 8 9 1245
100 8 10 1196
100 9 3 1273
100 9 4 1243
100 9 5 1229
100 9 6 1257
100 9 7 1222
100 9 8 1248
100 9 9 1230
100 9 10 1236
