60 0 0 439
60 0 1 426
60 0 2 443
60 1 0 416
60 1 1 435
60 1 2 450
60 2 0 449
60 2 1 380
60 2 2 384
60 3 0 446
60 3 1 452
60 3 2 439
60 4 0 449
60 4 1 433
60 4 2 437
60 5 0 447
60 5 1 403
60 5 2 452
60 6 0 429
60 6 1 392
60 6 2 422
60 7 0 423
60 7 1 430
60 7 2 439
60 8 0 443
60 8 1 420
60 8 2 431
60 9 0 409
60 9 1 439
60 9 2 445
80 0 0 797
80 0 1 757
80 0 2 784
80 1 0 767
80 1 1 791
80 1 2 771
80 2 0 709
80 2 1 805
80 2 2 790
80 3 0 812
80 3 1 713
80 3 2 783
80 4 0 792
80 4 1 786
80 4 2 741
80 5 0 775
80 5 1 798
80 5 2 778
80 6 0 792
80 6 1 797
80 6 2 797
80 7 0 786
80 7 1 780
80 7 2 786
80 8 0 795
80 8 1 800
80 8 2 813
80 9 0 710
80 9 1 777
80 9 2 799
100 0 0 1196
100 0 1 1230
100 0 2 1184
100 1 0 1175
100 1 1 1244
100 1 2 1234
100 2 0 1165
100 2 1 1262
100 2 2 1261
100 3 0 1232
100 3 1 1232
100 3 2 1251
100 4 0 1221
100 4 1 1244
100 4 2 1247
100 5 0 1217
100 5 1 1226
100 5 2 1179
100 6 0 1252
100 6 1 1250
100 6 2 1260
100 7 0 1257
100 7 1 1257
100 7 2 1253
100 8 0 1237
100 8 1 1211
100 8 2 1237
100 9 0 1210
100 9 1 1241
100 9 2 1230
60 0 3 444
60 0 4 431
60 0 5 466
60 0 6 428
60 0 7 433
60 0 8 403
60 0 9 439
60 0 10 409
60 1 3 420
60 1 4 460
60 1 5 428
60 1 6 433
60 1 7 445
60 1 8 453
60 1 9 445
60 1 10 441
60 2 3 450
60 2 4 448
60 2 5 416
60 2 6 448
60 2 7 452
60 2 8 422
60 2 9 444
60 2 10 426
60 3 3 469
60 3 4 416
60 3 5 434
60 3 6 450
60 3 7 407
60 3 8 419
60 3 9 414
60 3 10 366
60 4 3 433
60 4 4 421
60 4 5 453
60 4 6 432
60 4 7 398
60 4 8 458
60 4 9 419
60 4 10 449
60 5 3 421
60 5 4 449
60 5 5 445
60 5 6 448
60 5 7 433
60 5 8 396
60 5 9 456
60 5 10 436
60 6 3 439
60 6 4 365
60 6 5 456
60 6 6 445
60 6 7 456
60 6 8 437
60 6 9 429
60 6 10 387
60 7 3 439
60 7 4 400
60 7 5 429
60 7 6 477
60 7 7 375
60 7 8 369
60 7 9 383
60 7 10 377
60 8 3 448
60 8 4 435
60 8 5 438
60 8 6 330
60 8 7 421
60 8 8 448
60 8 9 428
60 8 10 357
60 9 3 414
60 9 4 433
60 9 5 435
60 9 6 444
60 9 7 449
60 9 8 425
60 9 9 436
60 9 10 444
80 0 3 780
80 0 4 737
80 0 5 795
80 0 6 785
80 0 7 594
80 0 8 786
80 0 9 813
80 0 10 776
80 1 3 778
80 1 4 803
80 1 5 778
80 1 6 818
80 1 7 742
80 1 8 751
80 1 9 801
80 1 10 742
80 2 3 756
80 2 4 816
80 2 5 781
80 2 6 773
80 2 7 827
80 2 8 726
80 2 9 748
80 2 10 810
80 3 3 789
80 3 4 772
80 3 5 790
80 3 6 763
80 3 7 811
80 3 8 789
80 3 9 795
80 3 10 604
80 4 3 795
80 4 4 810
80 4 5 775
80 4 6 792
80 4 7 814
80 4 8 822
80 4 9 782
80 4 10 769
80 5 3 732
80 5 4 780
80 5 5 804
80 5 6 812
80 5 7 761
80 5 8 806
80 5 9 791
80 5 10 792
80 6 3 759
80 6 4 781
80 6 5 791
80 6 6 727
80 6 7 770
80 6 8 784
80 6 9 772
80 6 10 787
80 7 3 695
80 7 4 792
80 7 5 783
80 7 6 792
80 7 7 797
80 7 8 786
80 7 9 732
80 7 10 766
80 8 3 808
80 8 4 725
80 8 5 791
80 8 6 801
80 8 7 753
80 8 8 792
80 8 9 750
80 8 10 790
80 9 3 796
80 9 4 805
80 9 5 778
80 9 6 804
80 9 7 794
80 9 8 795
80 9 9 782
80 9 10 754
100 0 3 1153
100 0 4 1211
100 0 5 1224
100 0 6 1203
100 0 7 1239
100 0 8 1233
100 0 9 1222
100 0 10 1226
100 1 3 1196
100 1 4 1263
100 1 5 1210
100 1 6 1226
100 1 7 1248
100 1 8 1200
100 1 9 1260
100 1 10 1240
100 2 3 1210
100 2 4 1217
100 2 5 1245
100 2 6 1220
100 2 7 1242
100 2 8 1264
100 2 9 1202
100 2 10 1169
100 3 3 1197
100 3 4 1250
100 3 5 1257
100 3 6 1263
100 3 7 1229
100 3 8 1221
100 3 9 1247
100 3 10 1231
100 4 3 1238
100 4 4 1140
100 4 5 1247
100 4 6 1254
100 4 7 1222
100 4 8 1204
100 4 9 1163
100 4 10 1223
100 5 3 1245
100 5 4 1218
100 5 5 1199
100 5 6 1244
100 5 7 1178
100 5 8 1226
100 5 9 1250
100 5 10 1092
100 6 3 1245
100 6 4 1229
100 6 5 1244
100 6 6 1227
100 6 7 1126
100 6 8 1235
100 6 9 1224
100 6 10 1148
100 7 3 1161
100 7 4 1212
100 7 5 1261
100 7 6 1227
100 7 7 1239
100 7 8 1208
100 7 9 1212
100 7 10 1244
100 8 3 1246
100 8 4 1279
100 8 5 1261
100 8 6 1237
100 8 7 1163
100 8 8 1231
100 8 9 1236
100 8 10 1239
100 9 3 1174
100 9 4 1198
100 9 5 1215
100 9 6 1210
100 9 7 1196
100 9 8 1231
100 9 9 1228
100 9 10 1228
