60 0 0 435
60 0 1 429
60 0 2 421
60 1 0 456
60 1 1 435
60 1 2 425
60 2 0 399
60 2 1 442
60 2 2 428
60 3 0 461
60 3 1 433
60 3 2 443
60 4 0 435
60 4 1 407
60 4 2 440
60 5 0 429
60 5 1 420
60 5 2 440
60 6 0 412
60 6 1 450
60 6 2 416
60 7 0 445
60 7 1 456
60 7 2 423
60 8 0 456
60 8 1 422
60 8 2 450
60 9 0 401
60 9 1 438
60 9 2 422
80 0 0 794
80 0 1 797
80 0 2 808
80 1 0 685
80 1 1 806
80 1 2 795
80 2 0 752
80 2 1 809
80 2 2 740
80 3 0 792
80 3 1 782
80 3 2 796
80 4 0 755
80 4 1 758
80 4 2 836
80 5 0 727
80 5 1 761
80 5 2 790
80 6 0 741
80 6 1 782
80 6 2 737
80 7 0 792
80 7 1 618
80 7 2 793
80 8 0 810
80 8 1 774
80 8 2 784
80 9 0 714
80 9 1 795
80 9 2 817
100 0 0 1182
100 0 1 1130
100 0 2 1199
100 1 0 1199
100 1 1 1195
100 1 2 1249
100 2 0 1264
100 2 1 1220
100 2 2 1179
100 3 0 1242
100 3 1 1260
100 3 2 1168
100 4 0 1169
100 4 1 1233
100 4 2 1223
100 5 0 1243
100 5 1 1176
100 5 2 1274
100 6 0 1250
100 6 1 1232
100 6 2 1251
100 7 0 1247
100 7 1 1247
100 7 2 1263
100 8 0 1229
100 8 1 1239
100 8 2 1232
100 9 0 1199
100 9 1 1264
100 9 2 1207
60 0 3 456
60 0 4 453
60 0 5 441
60 0 6 438
60 0 7 439
60 0 8 399
60 0 9 453
60 0 10 468
60 1 3 436
60 1 4 415
60 1 5 419
60 1 6 445
60 1 7 446
60 1 8 443
60 1 9 433
60 1 10 445
60 2 3 423
60 2 4 400
60 2 5 404
60 2 6 450
60 2 7 445
60 2 8 405
60 2 9 434
60 2 10 437
60 3 3 387
60 3 4 454
60 3 5 431
60 3 6 438
60 3 7 466
60 3 8 403
60 3 9 377
60 3 10 454
60 4 3 433
60 4 4 370
60 4 5 357
60 4 6 424
60 4 7 415
60 4 8 442
60 4 9 420
60 4 10 404
60 5 3 436
60 5 4 450
60 5 5 411
60 5 6 451
60 5 7 448
60 5 8 456
60 5 9 449
60 5 10 439
60 6 3 442
60 6 4 425
60 6 5 364
60 6 6 453
60 6 7 420
60 6 8 449
60 6 9 448
60 6 10 434
60 7 3 457
60 7 4 410
60 7 5 445
60 7 6 436
60 7 7 433
60 7 8 474
60 7 9 448
60 7 10 411
60 8 3 430
60 8 4 449
60 8 5 458
60 8 6 450
60 8 7 435
60 8 8 435
60 8 9 441
60 8 10 457
60 9 3 395
60 9 4 463
60 9 5 452
60 9 6 438
60 9 7 432
60 9 8 429
60 9 9 429
60 9 10 441
80 0 3 791
80 0 4 778
80 0 5 822
80 0 6 712
80 0 7 793
80 0 8 794
80 0 9 767
80 0 10 780
80 1 3 716
80 1 4 787
80 1 5 765
80 1 6 767
80 1 7 748
80 1 8 789
80 1 9 774
80 1 10 754
80 2 3 793
80 2 4 796
80 2 5 755
80 2 6 779
80 2 7 797
80 2 8 818
80 2 9 789
80 2 10 758
80 3 3 797
80 3 4 737
80 3 5 767
80 3 6 796
80 3 7 778
80 3 8 753
80 3 9 806
80 3 10 787
80 4 3 790
80 4 4 793
80 4 5 754
80 4 6 787
80 4 7 799
80 4 8 799
80 4 9 779
80 4 10 800
80 5 3 793
80 5 4 740
80 5 5 787
80 5 6 794
80 5 7 789
80 5 8 777
80 5 9 742
80 5 10 762
80 6 3 786
80 6 4 788
80 6 5 728
80 6 6 790
80 6 7 789
80 6 8 783
80 6 9 784
80 6 10 782
80 7 3 813
80 7 4 806
80 7 5 782
80 7 6 808
80 7 7 765
80 7 8 771
80 7 9 802
80 7 10 797
80 8 3 808
80 8 4 780
80 8 5 782
80 8 6 764
80 8 7 818
80 8 8 797
80 8 9 800
80 8 10 756
80 9 3 781
80 9 4 756
80 9 5 788
80 9 6 797
80 9 7 802
80 9 8 786
80 9 9 774
80 9 10 795
100 0 3 1261
100 0 4 1225
100 0 5 1227
100 0 6 1215
100 0 7 1195
100 0 8 1229
100 0 9 1115
100 0 10 1207
100 1 3 1193
100 1 4 1256
100 1 5 1194
100 1 6 1210
100 1 7 1235
100 1 8 1192
100 1 9 1174
100 1 10 1252
100 2 3 1258
100 2 4 1260
100 2 5 1182
100 2 6 1220
100 2 7 1095
100 2 8 1223
100 2 9 1224
100 2 10 1202
100 3 3 1197
100 3 4 1189
100 3 5 1243
100 3 6 1232
100 3 7 1206
100 3 8 1245
100 3 9 1226
100 3 10 1210
100 4 3 1255
100 4 4 1234
100 4 5 1270
100 4 6 1230
100 4 7 1214
100 4 8 1247
100 4 9 1216
100 4 10 1221
100 5 3 1229
100 5 4 1244
100 5 5 1159
100 5 6 1246
100 5 7 1192
100 5 8 1222
100 5 9 1233
100 5 10 1265
100 6 3 1256
100 6 4 1214
100 6 5 1266
100 6 6 1256
100 6 7 1259
100 6 8 1231
100 6 9 1256
100 6 10 1239
100 7 3 1240
100 7 4 1212
100 7 5 1246
100 7 6 1265
100 7 7 1258
100 7 8 1232
100 7 9 1237
100 7 10 1226
100 8 3 1224
100 8 4 1183
100 8 5 1228
100 8 6 1205
100 8 7 1237
100 8 8 1235
100 8 9 1213
100 8 10 1213
100 9 3 1207
100 9 4 1227
100 9 5 1239
100 9 6 1281
100 9 7 1219
100 9 8 1205
100 9 9 1212
100 9 10 1243
