60 0 0 439
60 0 1 403
60 0 2 446
60 1 0 387
60 1 1 451
60 1 2 431
60 2 0 421
60 2 1 442
60 2 2 446
60 3 0 450
60 3 1 428
60 3 2 430
60 4 0 443
60 4 1 429
60 4 2 452
60 5 0 453
60 5 1 426
60 5 2 437
60 6 0 447
60 6 1 396
60 6 2 440
60 7 0 425
60 7 1 450
60 7 2 460
60 8 0 451
60 8 1 434
60 8 2 436
60 9 0 443
60 9 1 433
60 9 2 443
80 0 0 783
80 0 1 791
80 0 2 804
80 1 0 771
80 1 1 772
80 1 2 754
80 2 0 793
80 2 1 805
80 2 2 750
80 3 0 788
80 3 1 766
80 3 2 806
80 4 0 787
80 4 1 674
80 4 2 786
80 5 0 788
80 5 1 790
80 5 2 784
80 6 0 778
80 6 1 806
80 6 2 790
80 7 0 796
80 7 1 784
80 7 2 792
80 8 0 787
80 8 1 765
80 8 2 782
80 9 0 785
80 9 1 789
80 9 2 810
100 0 0 1299
100 0 1 1237
100 0 2 1231
100 1 0 1267
100 1 1 1208
100 1 2 1106
100 2 0 1258
100 2 1 1210
100 2 2 1259
100 3 0 1223
100 3 1 1222
100 3 2 1219
100 4 0 1226
100 4 1 1204
100 4 2 1267
100 5 0 1180
100 5 1 1235
100 5 2 1180
100 6 0 1236
100 6 1 1215
100 6 2 1225
100 7 0 1249
100 7 1 1227
100 7 2 1203
100 8 0 1253
100 8 1 1249
100 8 2 1170
100 9 0 1145
100 9 1 1259
100 9 2 1184
60 0 3 443
60 0 4 415
60 0 5 461
60 0 6 445
60 0 7 439
60 0 8 433
60 0 9 407
60 0 10 418
60 1 3 383
60 1 4 420
60 1 5 419
60 1 6 437
60 1 7 454
60 1 8 436
60 1 9 442
60 1 10 422
60 2 3 461
60 2 4 450
60 2 5 447
60 2 6 398
60 2 7 411
60 2 8 450
60 2 9 448
60 2 10 402
60 3 3 417
60 3 4 439
60 3 5 438
60 3 6 437
60 3 7 422
60 3 8 435
60 3 9 428
60 3 10 446
60 4 3 434
60 4 4 450
60 4 5 427
60 4 6 434
60 4 7 440
60 4 8 436
60 4 9 461
60 4 10 413
60 5 3 458
60 5 4 449
60 5 5 454
60 5 6 431
60 5 7 446
60 5 8 424
60 5 9 454
60 5 10 428
60 6 3 448
60 6 4 450
60 6 5 427
60 6 6 454
60 6 7 433
60 6 8 418
60 6 9 446
60 6 10 433
60 7 3 422
60 7 4 414
60 7 5 436
60 7 6 423
60 7 7 395
60 7 8 434
60 7 9 423
60 7 10 441
60 8 3 461
60 8 4 416
60 8 5 425
60 8 6 432
60 8 7 436
60 8 8 449
60 8 9 434
60 8 10 462
60 9 3 457
60 9 4 450
60 9 5 405
60 9 6 435
60 9 7 443
60 9 8 439
60 9 9 446
60 9 10 433
80 0 3 782
80 0 4 779
80 0 5 776
80 0 6 810
80 0 7 770
80 0 8 691
80 0 9 819
80 0 10 799
80 1 3 754
80 1 4 774
80 1 5 812
80 1 6 799
80 1 7 701
80 1 8 760
80 1 9 768
80 1 10 797
80 2 3 752
80 2 4 774
80 2 5 761
80 2 6 810
80 2 7 777
80 2 8 803
80 2 9 788
80 2 10 790
80 3 3 789
80 3 4 796
80 3 5 770
80 3 6 781
80 3 7 801
80 3 8 745
80 3 9 785
80 3 10 796
80 4 3 782
80 4 4 775
80 4 5 791
80 4 6 740
80 4 7 783
80 4 8 784
80 4 9 802
80 4 10 771
80 5 3 814
80 5 4 821
80 5 5 769
80 5 6 758
80 5 7 797
80 5 8 793
80 5 9 767
80 5 10 791
80 6 3 772
80 6 4 798
80 6 5 772
80 6 6 787
80 6 7 772
80 6 8 737
80 6 9 800
80 6 10 713
80 7 3 741
80 7 4 793
80 7 5 811
80 7 6 768
80 7 7 769
80 7 8 807
80 7 9 794
80 7 10 767
80 8 3 798
80 8 4 774
80 8 5 812
80 8 6 721
80 8 7 775
80 8 8 758
80 8 9 755
80 8 10 762
80 9 3 806
80 9 4 795
80 9 5 796
80 9 6 771
80 9 7 797
80 9 8 751
80 9 9 795
80 9 10 719
100 0 3 1206
100 0 4 1230
100 0 5 1234
100 0 6 1175
100 0 7 1250
100 0 8 1235
100 0 9 1214
100 0 10 1191
100 1 3 1212
100 1 4 1207
100 1 5 1233
100 1 6 1279
100 1 7 1200
100 1 8 1237
100 1 9 1258
100 1 10 1233
100 2 3 1200
100 2 4 1174
100 2 5 1229
100 2 6 1227
100 2 7 1197
100 2 8 1256
100 2 9 1233
100 2 10 1120
100 3 3 1233
100 3 4 1241
100 3 5 1183
100 3 6 1209
100 3 7 1177
100 3 8 1244
100 3 9 1203
100 3 10 1238
100 4 3 1160
100 4 4 1156
100 4 5 1249
100 4 6 1183
100 4 7 1232
100 4 8 1108
100 4 9 1214
100 4 10 1204
100 5 3 1212
100 5 4 1190
100 5 5 1198
100 5 6 1175
100 5 7 1260
100 5 8 1229
100 5 9 1235
100 5 10 1184
100 6 3 1252
100 6 4 1254
100 6 5 1185
100 6 6 1259
100 6 7 1237
100 6 8 1181
100 6 9 1258
100 6 10 1253
100 7 3 1224
100 7 4 1224
100 7 5 1227
100 7 6 1285
100 7 7 1212
100 7 8 1261
100 7 9 1228
100 7 10 1241
100 8 3 1220
100 8 4 1174
100 8 5 1244
100 8 6 1249
100 8 7 1234
100 8 8 1247
100 8 9 1244
100 8 10 1274
100 9 3 1233
100 9 4 1178
100 9 5 1229
100 9 6 1159
100 9 7 1207
100 9 8 1234
100 9 9 1215
100 9 10 1239
