60 0 0 422
60 0 1 432
60 0 2 398
60 1 0 442
60 1 1 435
60 1 2 420
60 2 0 451
60 2 1 440
60 2 2 439
60 3 0 442
60 3 1 382
60 3 2 448
60 4 0 431
60 4 1 444
60 4 2 419
60 5 0 459
60 5 1 429
60 5 2 445
60 6 0 422
60 6 1 440
60 6 2 453
60 7 0 437
60 7 1 430
60 7 2 428
60 8 0 437
60 8 1 461
60 8 2 452
60 9 0 471
60 9 1 449
60 9 2 451
80 0 0 795
80 0 1 787
80 0 2 748
80 1 0 798
80 1 1 795
80 1 2 812
80 2 0 778
80 2 1 767
80 2 2 797
80 3 0 782
80 3 1 766
80 3 2 761
80 4 0 788
80 4 1 797
80 4 2 738
80 5 0 784
80 5 1 754
80 5 2 811
80 6 0 732
80 6 1 777
80 6 2 778
80 7 0 780
80 7 1 781
80 7 2 788
80 8 0 749
80 8 1 798
80 8 2 775
80 9 0 810
80 9 1 796
80 9 2 764
100 0 0 1230
100 0 1 1213
100 0 2 1216
100 1 0 1226
100 1 1 1263
100 1 2 1100
100 2 0 1224
100 2 1 1276
100 2 2 1211
100 3 0 1217
100 3 1 1177
100 3 2 1239
100 4 0 1241
100 4 1 1235
100 4 2 1222
100 5 0 1167
100 5 1 1261
100 5 2 1241
100 6 0 1215
100 6 1 1252
100 6 2 1272
100 7 0 1232
100 7 1 1226
100 7 2 1224
100 8 0 1212
100 8 1 1195
100 8 2 1201
100 9 0 1190
100 9 1 1144
100 9 2 1235
60 0 3 439
60 0 4 443
60 0 5 418
60 0 6 459
60 0 7 387
60 0 8 421
60 0 9 442
60 0 10 443
60 1 3 417
60 1 4 431
60 1 5 440
60 1 6 333
60 1 7 432
60 1 8 451
60 1 9 417
60 1 10 459
60 2 3 417
60 2 4 423
60 2 5 435
60 2 6 459
60 2 7 455
60 2 8 443
60 2 9 442
60 2 10 423
60 3 3 421
60 3 4 459
60 3 5 438
60 3 6 436
60 3 7 417
60 3 8 409
60 3 9 445
60 3 10 419
60 4 3 432
60 4 4 446
60 4 5 447
60 4 6 392
60 4 7 450
60 4 8 425
60 4 9 261
60 4 10 429
60 5 3 426
60 5 4 443
60 5 5 425
60 5 6 440
60 5 7 446
60 5 8 397
60 5 9 459
60 5 10 433
60 6 3 449
60 6 4 423
60 6 5 428
60 6 6 441
60 6 7 450
60 6 8 429
60 6 9 398
60 6 10 443
60 7 3 440
60 7 4 450
60 7 5 433
60 7 6 396
60 7 7 445
60 7 8 452
60 7 9 428
60 7 10 441
60 8 3 427
60 8 4 286
60 8 5 416
60 8 6 433
60 8 7 436
60 8 8 423
60 8 9 406
60 8 10 449
60 9 3 416
60 9 4 378
60 9 5 446
60 9 6 444
60 9 7 461
60 9 8 437
60 9 9 445
60 9 10 423
80 0 3 805
80 0 4 785
80 0 5 794
80 0 6 765
80 0 7 780
80 0 8 742
80 0 9 807
80 0 10 776
80 1 3 777
80 1 4 812
80 1 5 776
80 1 6 790
80 1 7 665
80 1 8 802
80 1 9 742
80 1 10 771
80 2 3 788
80 2 4 765
80 2 5 798
80 2 6 687
80 2 7 788
80 2 8 765
80 2 9 798
80 2 10 764
80 3 3 710
80 3 4 767
80 3 5 690
80 3 6 809
80 3 7 793
80 3 8 794
80 3 9 802
80 3 10 792
80 4 3 773
80 4 4 800
80 4 5 796
80 4 6 784
80 4 7 774
80 4 8 758
80 4 9 785
80 4 10 767
80 5 3 774
80 5 4 785
80 5 5 790
80 5 6 808
80 5 7 777
80 5 8 776
80 5 9 778
80 5 10 796
80 6 3 765
80 6 4 780
80 6 5 807
80 6 6 749
80 6 7 763
80 6 8 788
80 6 9 803
80 6 10 797
80 7 3 777
80 7 4 794
80 7 5 811
80 7 6 769
80 7 7 765
80 7 8 683
80 7 9 765
80 7 10 774
80 8 3 776
80 8 4 803
80 8 5 802
80 8 6 806
80 8 7 767
80 8 8 807
80 8 9 786
80 8 10 789
80 9 3 784
80 9 4 733
80 9 5 805
80 9 6 775
80 9 7 793
80 9 8 810
80 9 9 805
80 9 10 754
100 0 3 1186
100 0 4 1227
100 0 5 1240
100 0 6 1249
100 0 7 1169
100 0 8 1264
100 0 9 1224
100 0 10 1239
100 1 3 1260
100 1 4 1236
100 1 5 1265
100 1 6 1218
100 1 7 1245
100 1 8 1263
100 1 9 1258
100 1 10 1241
100 2 3 1133
100 2 4 1183
100 2 5 1241
100 2 6 1267
100 2 7 1255
100 2 8 1165
100 2 9 1225
100 2 10 1187
100 3 3 1231
100 3 4 1167
100 3 5 1233
100 3 6 1261
100 3 7 1274
100 3 8 1230
100 3 9 1167
100 3 10 1243
100 4 3 1223
100 4 4 1232
100 4 5 1216
100 4 6 1250
100 4 7 1232
100 4 8 1253
100 4 9 1206
100 4 10 1230
100 5 3 1280
100 5 4 1213
100 5 5 1206
100 5 6 1231
100 5 7 1254
100 5 8 1264
100 5 9 1234
100 5 10 1231
100 6 3 1211
100 6 4 1249
100 6 5 1228
100 6 6 1233
100 6 7 1235
100 6 8 1221
100 6 9 1265
100 6 10 1235
100 7 3 1246
100 7 4 1220
100 7 5 1155
100 7 6 1223
100 7 7 1258
100 7 8 1172
100 7 9 1212
100 7 10 1148
100 8 3 1250
100 8 4 1225
100 8 5 1199
100 8 6 1193
100 8 7 1205
100 8 8 1136
100 8 9 1245
100 8 10 1192
100 9 3 1229
100 9 4 1146
100 9 5 1203
100 9 6 1214
100 9 7 1259
100 9 8 1147
100 9 9 1259
100 9 10 1272
