60 0 0 432
60 0 1 299
60 0 2 431
60 1 0 353
60 1 1 448
60 1 2 388
60 2 0 420
60 2 1 439
60 2 2 356
60 3 0 444
60 3 1 424
60 3 2 445
60 4 0 430
60 4 1 414
60 4 2 447
60 5 0 441
60 5 1 424
60 5 2 433
60 6 0 389
60 6 1 409
60 6 2 423
60 7 0 441
60 7 1 451
60 7 2 427
60 8 0 428
60 8 1 386
60 8 2 425
60 9 0 376
60 9 1 449
60 9 2 444
80 0 0 764
80 0 1 815
80 0 2 766
80 1 0 772
80 1 1 766
80 1 2 603
80 2 0 788
80 2 1 761
80 2 2 721
80 3 0 785
80 3 1 677
80 3 2 765
80 4 0 747
80 4 1 795
80 4 2 768
80 5 0 779
80 5 1 782
80 5 2 784
80 6 0 704
80 6 1 773
80 6 2 783
80 7 0 785
80 7 1 798
80 7 2 797
80 8 0 785
80 8 1 793
80 8 2 783
80 9 0 780
80 9 1 581
80 9 2 758
100 0 0 1232
100 0 1 1201
100 0 2 1228
100 1 0 1247
100 1 1 1232
100 1 2 1161
100 2 0 1145
100 2 1 1211
100 2 2 1280
100 3 0 1217
100 3 1 1190
100 3 2 1246
100 4 0 1214
100 4 1 1247
100 4 2 1153
100 5 0 1123
100 5 1 1237
100 5 2 1153
100 6 0 1199
100 6 1 1253
100 6 2 1114
100 7 0 1227
100 7 1 1181
100 7 2 1217
100 8 0 1244
100 8 1 1136
100 8 2 1240
100 9 0 1218
100 9 1 1242
100 9 2 1201
60 0 3 423
60 0 4 434
60 0 5 403
60 0 6 437
60 0 7 403
60 0 8 433
60 0 9 358
60 0 10 408
60 1 3 428
60 1 4 448
60 1 5 399
60 1 6 460
60 1 7 430
60 1 8 439
60 1 9 434
60 1 10 445
60 2 3 429
60 2 4 433
60 2 5 425
60 2 6 434
60 2 7 443
60 2 8 447
60 2 9 398
60 2 10 416
60 3 3 441
60 3 4 405
60 3 5 435
60 3 6 435
60 3 7 440
60 3 8 451
60 3 9 440
60 3 10 448
60 4 3 425
60 4 4 354
60 4 5 348
60 4 6 411
60 4 7 386
60 4 8 404
60 4 9 439
60 4 10 441
60 5 3 437
60 5 4 435
60 5 5 443
60 5 6 434
60 5 7 314
60 5 8 427
60 5 9 444
60 5 10 432
60 6 3 372
60 6 4 371
60 6 5 437
60 6 6 407
60 6 7 400
60 6 8 434
60 6 9 417
60 6 10 439
60 7 3 380
60 7 4 432
60 7 5 412
60 7 6 310
60 7 7 408
60 7 8 438
60 7 9 432
60 7 10 455
60 8 3 459
60 8 4 439
60 8 5 433
60 8 6 436
60 8 7 443
60 8 8 435
60 8 9 411
60 8 10 440
60 9 3 444
60 9 4 425
60 9 5 437
60 9 6 437
60 9 7 472
60 9 8 416
60 9 9 357
60 9 10 445
80 0 3 780
80 0 4 800
80 0 5 778
80 0 6 767
80 0 7 789
80 0 8 696
80 0 9 720
80 0 10 763
80 1 3 809
80 1 4 775
80 1 5 785
80 1 6 760
80 1 7 766
80 1 8 789
80 1 9 762
80 1 10 796
80 2 3 787
80 2 4 789
80 2 5 756
80 2 6 766
80 2 7 776
80 2 8 776
80 2 9 810
80 2 10 798
80 3 3 776
80 3 4 717
80 3 5 784
80 3 6 803
80 3 7 763
80 3 8 751
80 3 9 827
80 3 10 797
80 4 3 798
80 4 4 733
80 4 5 791
80 4 6 734
80 4 7 811
80 4 8 761
80 4 9 771
80 4 10 793
80 5 3 745
80 5 4 734
80 5 5 700
80 5 6 758
80 5 7 786
80 5 8 790
80 5 9 798
80 5 10 775
80 6 3 754
80 6 4 742
80 6 5 781
80 6 6 798
80 6 7 787
80 6 8 636
80 6 9 770
80 6 10 748
80 7 3 787
80 7 4 737
80 7 5 771
80 7 6 767
80 7 7 780
80 7 8 785
80 7 9 681
80 7 10 796
80 8 3 749
80 8 4 805
80 8 5 781
80 8 6 792
80 8 7 728
80 8 8 770
80 8 9 815
80 8 10 780
80 9 3 775
80 9 4 807
80 9 5 771
80 9 6 646
80 9 7 773
80 9 8 672
80 9 9 775
80 9 10 760
100 0 3 1143
100 0 4 1076
100 0 5 1231
100 0 6 1234
100 0 7 1241
100 0 8 1233
100 0 9 1208
100 0 10 1275
100 1 3 1250
100 1 4 1251
100 1 5 1206
100 1 6 1230
100 1 7 1231
100 1 8 1243
100 1 9 950
100 1 10 1215
100 2 3 1196
100 2 4 1193
100 2 5 1232
100 2 6 1227
100 2 7 1221
100 2 8 1268
100 2 9 1062
100 2 10 1228
100 3 3 1258
100 3 4 1229
100 3 5 1172
100 3 6 1240
100 3 7 1114
100 3 8 1231
100 3 9 1217
100 3 10 1217
100 4 3 1174
100 4 4 1209
100 4 5 1198
100 4 6 1152
100 4 7 1241
100 4 8 941
100 4 9 1193
100 4 10 1221
100 5 3 1218
100 5 4 1260
100 5 5 1192
100 5 6 1233
100 5 7 1203
100 5 8 1232
100 5 9 1233
100 5 10 1080
100 6 3 1254
100 6 4 1173
100 6 5 1240
100 6 6 1245
100 6 7 1160
100 6 8 1233
100 6 9 1232
100 6 10 1248
100 7 3 1211
100 7 4 1232
100 7 5 1150
100 7 6 1232
100 7 7 1193
100 7 8 1204
100 7 9 1038
100 7 10 1192
100 8 3 1212
100 8 4 1233
100 8 5 1186
100 8 6 1198
100 8 7 1178
100 8 8 1140
100 8 9 1092
100 8 10 1232
100 9 3 1187
100 9 4 1259
100 9 5 1216
100 9 6 1250
100 9 7 1252
100 9 8 1227
100 9 9 1223
100 9 10 1248
