60 0 0 444
60 0 1 438
60 0 2 403
60 1 0 377
60 1 1 412
60 1 2 443
60 2 0 438
60 2 1 433
60 2 2 455
60 3 0 437
60 3 1 436
60 3 2 434
60 4 0 402
60 4 1 412
60 4 2 421
60 5 0 440
60 5 1 438
60 5 2 389
60 6 0 435
60 6 1 468
60 6 2 374
60 7 0 452
60 7 1 434
60 7 2 437
60 8 0 419
60 8 1 430
60 8 2 391
60 9 0 429
60 9 1 420
60 9 2 462
80 0 0 816
80 0 1 737
80 0 2 779
80 1 0 812
80 1 1 784
80 1 2 770
80 2 0 799
80 2 1 800
80 2 2 787
80 3 0 770
80 3 1 790
80 3 2 787
80 4 0 690
80 4 1 783
80 4 2 771
80 5 0 682
80 5 1 787
80 5 2 780
80 6 0 804
80 6 1 789
80 6 2 774
80 7 0 761
80 7 1 797
80 7 2 807
80 8 0 751
80 8 1 750
80 8 2 803
80 9 0 787
80 9 1 778
80 9 2 785
100 0 0 1247
100 0 1 1227
100 0 2 1199
100 1 0 1216
100 1 1 1241
100 1 2 1206
100 2 0 1255
100 2 1 1230
100 2 2 1170
100 3 0 1248
100 3 1 1224
100 3 2 1235
100 4 0 1300
100 4 1 1193
100 4 2 1228
100 5 0 1241
100 5 1 1222
100 5 2 1228
100 6 0 1206
100 6 1 1238
100 6 2 1205
100 7 0 1228
100 7 1 1195
100 7 2 1270
100 8 0 1240
100 8 1 1099
100 8 2 1198
100 9 0 1199
100 9 1 1228
100 9 2 1263
60 0 3 441
60 0 4 429
60 0 5 357
60 0 6 410
60 0 7 437
60 0 8 465
60 0 9 460
60 0 10 428
60 1 3 456
60 1 4 439
60 1 5 437
60 1 6 423
60 1 7 441
60 1 8 435
60 1 9 447
60 1 10 374
60 2 3 387
60 2 4 436
60 2 5 412
60 2 6 438
60 2 7 418
60 2 8 444
60 2 9 451
60 2 10 432
60 3 3 428
60 3 4 410
60 3 5 432
60 3 6 401
60 3 7 445
60 3 8 375
60 3 9 431
60 3 10 433
60 4 3 449
60 4 4 415
60 4 5 403
60 4 6 370
60 4 7 421
60 4 8 397
60 4 9 437
60 4 10 441
60 5 3 434
60 5 4 414
60 5 5 438
60 5 6 429
60 5 7 403
60 5 8 423
60 5 9 450
60 5 10 420
60 6 3 469
60 6 4 439
60 6 5 432
60 6 6 425
60 6 7 407
60 6 8 439
60 6 9 446
60 6 10 430
60 7 3 428
60 7 4 432
60 7 5 452
60 7 6 435
60 7 7 459
60 7 8 356
60 7 9 405
60 7 10 441
60 8 3 436
60 8 4 431
60 8 5 459
60 8 6 438
60 8 7 426
60 8 8 427
60 8 9 455
60 8 10 428
60 9 3 440
60 9 4 439
60 9 5 424
60 9 6 445
60 9 7 442
60 9 8 453
60 9 9 420
60 9 10 454
80 0 3 803
80 0 4 725
80 0 5 770
80 0 6 686
80 0 7 758
80 0 8 741
80 0 9 791
80 0 10 810
80 1 3 778
80 1 4 800
80 1 5 549
80 1 6 785
80 1 7 773
80 1 8 760
80 1 9 735
80 1 10 803
80 2 3 782
80 2 4 793
80 2 5 771
80 2 6 775
80 2 7 797
80 2 8 784
80 2 9 797
80 2 10 769
80 3 3 783
80 3 4 774
80 3 5 783
80 3 6 796
80 3 7 772
80 3 8 740
80 3 9 743
80 3 10 719
80 4 3 782
80 4 4 790
80 4 5 760
80 4 6 777
80 4 7 740
80 4 8 777
80 4 9 736
80 4 10 770
80 5 3 785
80 5 4 794
80 5 5 684
80 5 6 746
80 5 7 771
80 5 8 784
80 5 9 763
80 5 10 783
80 6 3 691
80 6 4 740
80 6 5 790
80 6 6 764
80 6 7 816
80 6 8 789
80 6 9 795
80 6 10 775
80 7 3 823
80 7 4 725
80 7 5 803
80 7 6 701
80 7 7 749
80 7 8 774
80 7 9 809
80 7 10 790
80 8 3 804
80 8 4 769
80 8 5 797
80 8 6 785
80 8 7 814
80 8 8 788
80 8 9 758
80 8 10 752
80 9 3 752
80 9 4 778
80 9 5 765
80 9 6 809
80 9 7 715
80 9 8 793
80 9 9 828
80 9 10 788
100 0 3 1247
100 0 4 1203
100 0 5 1058
100 0 6 1172
100 0 7 1227
100 0 8 1184
100 0 9 1215
100 0 10 1261
100 1 3 1191
100 1 4 1253
100 1 5 1172
100 1 6 1248
100 1 7 1211
100 1 8 1217
100 1 9 1234
100 1 10 1237
100 2 3 1245
100 2 4 1187
100 2 5 1219
100 2 6 1275
100 2 7 1163
100 2 8 1219
100 2 9 1257
100 2 10 1185
100 3 3 1288
100 3 4 1259
100 3 5 1269
100 3 6 1204
100 3 7 1270
100 3 8 1205
100 3 9 1232
100 3 10 1242
100 4 3 1223
100 4 4 1193
100 4 5 1226
100 4 6 1199
100 4 7 1210
100 4 8 1129
100 4 9 1146
100 4 10 1239
100 5 3 1232
100 5 4 1226
100 5 5 1237
100 5 6 1241
100 5 7 1192
100 5 8 1233
100 5 9 1207
100 5 10 1238
100 6 3 1121
100 6 4 1194
100 6 5 1227
100 6 6 1218
100 6 7 1234
100 6 8 1272
100 6 9 1223
100 6 10 1253
100 7 3 1233
100 7 4 1247
100 7 5 1247
100 7 6 1255
100 7 7 1252
100 7 8 1118
100 7 9 1247
100 7 10 1249
100 8 3 1228
100 8 4 1114
100 8 5 1117
100 8 6 1238
100 8 7 1242
100 8 8 1243
100 8 9 922
100 8 10 1232
100 9 3 1241
100 9 4 1215
100 9 5 1123
100 9 6 1242
100 9 7 1230
100 9 8 1212
100 9 9 1216
100 9 10 1136
