60 0 0 212
60 0 1 426
60 0 2 291
60 1 0 343
60 1 1 401
60 1 2 413
60 2 0 419
60 2 1 401
60 2 2 421
60 3 0 444
60 3 1 455
60 3 2 426
60 4 0 435
60 4 1 432
60 4 2 287
60 5 0 427
60 5 1 351
60 5 2 445
60 6 0 391
60 6 1 415
60 6 2 454
60 7 0 414
60 7 1 456
60 7 2 402
60 8 0 441
60 8 1 437
60 8 2 391
60 9 0 446
60 9 1 441
60 9 2 404
80 0 0 665
80 0 1 772
80 0 2 701
80 1 0 775
80 1 1 789
80 1 2 681
80 2 0 792
80 2 1 781
80 2 2 778
80 3 0 776
80 3 1 604
80 3 2 741
80 4 0 759
80 4 1 709
80 4 2 790
80 5 0 776
80 5 1 790
80 5 2 783
80 6 0 774
80 6 1 812
80 6 2 784
80 7 0 802
80 7 1 655
80 7 2 799
80 8 0 808
80 8 1 784
80 8 2 787
80 9 0 718
80 9 1 765
80 9 2 827
100 0 0 1229
100 0 1 1234
100 0 2 1260
100 1 0 1235
100 1 1 1247
100 1 2 1231
100 2 0 1239
100 2 1 1239
100 2 2 1232
100 3 0 1189
100 3 1 1233
100 3 2 1232
100 4 0 1158
100 4 1 1139
100 4 2 1226
100 5 0 1153
100 5 1 1218
100 5 2 1203
100 6 0 1066
100 6 1 1227
100 6 2 1106
100 7 0 1205
100 7 1 1242
100 7 2 1201
100 8 0 1236
100 8 1 1235
100 8 2 1211
100 9 0 1075
100 9 1 1227
100 9 2 1155
60 0 3 431
60 0 4 408
60 0 5 368
60 0 6 424
60 0 7 383
60 0 8 435
60 0 9 424
60 0 10 427
60 1 3 413
60 1 4 474
60 1 5 413
60 1 6 433
60 1 7 421
60 1 8 440
60 1 9 380
60 1 10 433
60 2 3 432
60 2 4 453
60 2 5 450
60 2 6 444
60 2 7 405
60 2 8 404
60 2 9 415
60 2 10 412
60 3 3 355
60 3 4 416
60 3 5 421
60 3 6 447
60 3 7 408
60 3 8 435
60 3 9 364
60 3 10 435
60 4 3 428
60 4 4 435
60 4 5 444
60 4 6 450
60 4 7 445
60 4 8 437
60 4 9 434
60 4 10 440
60 5 3 454
60 5 4 385
60 5 5 436
60 5 6 380
60 5 7 429
60 5 8 429
60 5 9 419
60 5 10 442
60 6 3 426
60 6 4 439
60 6 5 421
60 6 6 426
60 6 7 420
60 6 8 416
60 6 9 449
60 6 10 435
60 7 3 429
60 7 4 458
60 7 5 461
60 7 6 361
60 7 7 435
60 7 8 419
60 7 9 392
60 7 10 445
60 8 3 432
60 8 4 426
60 8 5 332
60 8 6 440
60 8 7 409
60 8 8 425
60 8 9 403
60 8 10 405
60 9 3 373
60 9 4 447
60 9 5 433
60 9 6 424
60 9 7 448
60 9 8 434
60 9 9 429
60 9 10 459
80 0 3 781
80 0 4 766
80 0 5 742
80 0 6 756
80 0 7 821
80 0 8 775
80 0 9 800
80 0 10 770
80 1 3 799
80 1 4 699
80 1 5 767
80 1 6 627
80 1 7 786
80 1 8 781
80 1 9 773
80 1 10 776
80 2 3 800
80 2 4 765
80 2 5 786
80 2 6 777
80 2 7 720
80 2 8 776
80 2 9 790
80 2 10 746
80 3 3 787
80 3 4 775
80 3 5 798
80 3 6 754
80 3 7 795
80 3 8 730
80 3 9 798
80 3 10 800
80 4 3 774
80 4 4 814
80 4 5 752
80 4 6 785
80 4 7 777
80 4 8 738
80 4 9 810
80 4 10 701
80 5 3 795
80 5 4 722
80 5 5 777
80 5 6 783
80 5 7 677
80 5 8 796
80 5 9 798
80 5 10 770
80 6 3 787
80 6 4 783
80 6 5 797
80 6 6 767
80 6 7 540
80 6 8 758
80 6 9 780
80 6 10 788
80 7 3 781
80 7 4 781
80 7 5 785
80 7 6 790
80 7 7 784
80 7 8 757
80 7 9 802
80 7 10 785
80 8 3 750
80 8 4 798
80 8 5 767
80 8 6 790
80 8 7 764
80 8 8 730
80 8 9 720
80 8 10 820
80 9 3 789
80 9 4 770
80 9 5 762
80 9 6 755
80 9 7 799
80 9 8 763
80 9 9 792
80 9 10 758
100 0 3 1232
100 0 4 1235
100 0 5 1235
100 0 6 1210
100 0 7 1222
100 0 8 1133
100 0 9 1238
100 0 10 1262
100 1 3 1265
100 1 4 1226
100 1 5 1234
100 1 6 1235
100 1 7 1235
100 1 8 1166
100 1 9 1217
100 1 10 1213
100 2 3 1255
100 2 4 1256
100 2 5 1130
100 2 6 1037
100 2 7 1200
100 2 8 1206
100 2 9 1242
100 2 10 1146
100 3 3 1243
100 3 4 1239
100 3 5 1209
100 3 6 1237
100 3 7 1177
100 3 8 1215
100 3 9 1212
100 3 10 1170
100 4 3 1241
100 4 4 1217
100 4 5 1162
100 4 6 1196
100 4 7 1107
100 4 8 1217
100 4 9 1177
100 4 10 1246
100 5 3 1180
100 5 4 1265
100 5 5 1203
100 5 6 1213
100 5 7 1198
100 5 8 1221
100 5 9 1216
100 5 10 1229
100 6 3 1231
100 6 4 1188
100 6 5 1210
100 6 6 1206
100 6 7 1198
100 6 8 1125
100 6 9 1149
100 6 10 1181
100 7 3 1192
100 7 4 1098
100 7 5 1265
100 7 6 961
100 7 7 1239
100 7 8 1128
100 7 9 1252
100 7 10 1189
100 8 3 1215
100 8 4 1196
100 8 5 1239
100 8 6 1214
100 8 7 1252
100 8 8 1203
100 8 9 1198
100 8 10 1230
100 9 3 1249
100 9 4 1085
100 9 5 1226
100 9 6 1248
100 9 7 1222
100 9 8 1077
100 9 9 1213
100 9 10 1185
