60 0 0 346
60 0 1 421
60 0 2 396
60 1 0 458
60 1 1 438
60 1 2 422
60 2 0 391
60 2 1 451
60 2 2 431
60 3 0 445
60 3 1 443
60 3 2 448
60 4 0 443
60 4 1 442
60 4 2 375
60 5 0 439
60 5 1 442
60 5 2 427
60 6 0 415
60 6 1 441
60 6 2 451
60 7 0 416
60 7 1 450
60 7 2 408
60 8 0 441
60 8 1 352
60 8 2 402
60 9 0 378
60 9 1 431
60 9 2 437
80 0 0 772
80 0 1 692
80 0 2 797
80 1 0 750
80 1 1 768
80 1 2 692
80 2 0 759
80 2 1 762
80 2 2 806
80 3 0 712
80 3 1 776
80 3 2 829
80 4 0 764
80 4 1 738
80 4 2 788
80 5 0 787
80 5 1 797
80 5 2 799
80 6 0 783
80 6 1 767
80 6 2 770
80 7 0 814
80 7 1 554
80 7 2 781
80 8 0 754
80 8 1 719
80 8 2 785
80 9 0 763
80 9 1 780
80 9 2 759
100 0 0 1178
100 0 1 1224
100 0 2 1000
100 1 0 1218
100 1 1 1220
100 1 2 1214
100 2 0 1281
100 2 1 1221
100 2 2 1095
100 3 0 1244
100 3 1 1178
100 3 2 1211
100 4 0 1213
100 4 1 1181
100 4 2 1242
100 5 0 1160
100 5 1 1243
100 5 2 1253
100 6 0 1236
100 6 1 1257
100 6 2 1217
100 7 0 1157
100 7 1 1208
100 7 2 1265
100 8 0 1230
100 8 1 1256
100 8 2 1235
100 9 0 1148
100 9 1 1219
100 9 2 1208
60 0 3 417
60 0 4 443
60 0 5 298
60 0 6 369
60 0 7 341
60 0 8 462
60 0 9 407
60 0 10 428
60 1 3 363
60 1 4 401
60 1 5 417
60 1 6 432
60 1 7 420
60 1 8 436
60 1 9 391
60 1 10 424
60 2 3 397
60 2 4 400
60 2 5 456
60 2 6 427
60 2 7 403
60 2 8 409
60 2 9 391
60 2 10 440
60 3 3 445
60 3 4 421
60 3 5 428
60 3 6 442
60 3 7 417
60 3 8 441
60 3 9 448
60 3 10 400
60 4 3 420
60 4 4 374
60 4 5 429
60 4 6 377
60 4 7 387
60 4 8 431
60 4 9 454
60 4 10 415
60 5 3 422
60 5 4 442
60 5 5 423
60 5 6 438
60 5 7 433
60 5 8 433
60 5 9 439
60 5 10 405
60 6 3 386
60 6 4 427
60 6 5 369
60 6 6 439
60 6 7 432
60 6 8 442
60 6 9 427
60 6 10 426
60 7 3 455
60 7 4 456
60 7 5 445
60 7 6 425
60 7 7 435
60 7 8 445
60 7 9 424
60 7 10 461
60 8 3 449
60 8 4 423
60 8 5 421
60 8 6 449
60 8 7 413
60 8 8 405
60 8 9 420
60 8 10 410
60 9 3 421
60 9 4 417
60 9 5 426
60 9 6 375
60 9 7 440
60 9 8 443
60 9 9 455
60 9 10 312
80 0 3 803
80 0 4 690
80 0 5 781
80 0 6 694
80 0 7 753
80 0 8 769
80 0 9 765
80 0 10 772
80 1 3 789
80 1 4 706
80 1 5 724
80 1 6 800
80 1 7 717
80 1 8 795
80 1 9 793
80 1 10 556
80 2 3 805
80 2 4 721
80 2 5 796
80 2 6 772
80 2 7 731
80 2 8 775
80 2 9 698
80 2 10 778
80 3 3 777
80 3 4 789
80 3 5 746
80 3 6 775
80 3 7 772
80 3 8 739
80 3 9 780
80 3 10 784
80 4 3 755
80 4 4 799
80 4 5 770
80 4 6 750
80 4 7 747
80 4 8 772
80 4 9 711
80 4 10 792
80 5 3 621
80 5 4 766
80 5 5 790
80 5 6 820
80 5 7 795
80 5 8 791
80 5 9 760
80 5 10 784
80 6 3 702
80 6 4 780
80 6 5 771
80 6 6 707
80 6 7 813
80 6 8 792
80 6 9 781
80 6 10 792
80 7 3 682
80 7 4 786
80 7 5 760
80 7 6 789
80 7 7 806
80 7 8 786
80 7 9 798
80 7 10 660
80 8 3 802
80 8 4 792
80 8 5 773
80 8 6 674
80 8 7 767
80 8 8 787
80 8 9 810
80 8 10 795
80 9 3 773
80 9 4 744
80 9 5 598
80 9 6 784
80 9 7 756
80 9 8 708
80 9 9 777
80 9 10 795
100 0 3 1036
100 0 4 1212
100 0 5 1214
100 0 6 866
100 0 7 979
100 0 8 1196
100 0 9 1215
100 0 10 1235
100 1 3 1242
100 1 4 1236
100 1 5 1182
100 1 6 1225
100 1 7 1236
100 1 8 1249
100 1 9 1228
100 1 10 1214
100 2 3 1228
100 2 4 1129
100 2 5 1226
100 2 6 1145
100 2 7 1170
100 2 8 1229
100 2 9 1225
100 2 10 1159
100 3 3 1203
100 3 4 1225
100 3 5 1242
100 3 6 1183
100 3 7 1214
100 3 8 1196
100 3 9 1184
100 3 10 1139
100 4 3 1232
100 4 4 1214
100 4 5 1205
100 4 6 1236
100 4 7 1201
100 4 8 1109
100 4 9 1188
100 4 10 1226
100 5 3 1250
100 5 4 1266
100 5 5 1251
100 5 6 1266
100 5 7 1226
100 5 8 1203
100 5 9 1258
100 5 10 1236
100 6 3 1241
100 6 4 1216
100 6 5 1144
100 6 6 1273
100 6 7 1226
100 6 8 1221
100 6 9 1204
100 6 10 1096
100 7 3 1169
100 7 4 1175
100 7 5 1221
100 7 6 1244
100 7 7 1236
100 7 8 1186
100 7 9 1227
100 7 10 1240
100 8 3 1264
100 8 4 1168
100 8 5 1188
100 8 6 1228
100 8 7 1121
100 8 8 1254
100 8 9 1187
100 8 10 1131
100 9 3 1236
100 9 4 1204
100 9 5 1236
100 9 6 1214
100 9 7 1175
100 9 8 938
100 9 9 1206
100 9 10 1208
