60 0 0 444
60 0 1 382
60 0 2 434
60 1 0 440
60 1 1 451
60 1 2 373
60 2 0 420
60 2 1 439
60 2 2 437
60 3 0 385
60 3 1 445
60 3 2 453
60 4 0 421
60 4 1 422
60 4 2 401
60 5 0 400
60 5 1 430
60 5 2 448
60 6 0 453
60 6 1 441
60 6 2 364
60 7 0 441
60 7 1 359
60 7 2 438
60 8 0 444
60 8 1 416
60 8 2 440
60 9 0 447
60 9 1 436
60 9 2 443
80 0 0 756
80 0 1 808
80 0 2 793
80 1 0 799
80 1 1 763
80 1 2 789
80 2 0 764
80 2 1 786
80 2 2 810
80 3 0 783
80 3 1 773
80 3 2 769
80 4 0 790
80 4 1 799
80 4 2 808
80 5 0 799
80 5 1 804
80 5 2 810
80 6 0 716
80 6 1 791
80 6 2 808
80 7 0 812
80 7 1 800
80 7 2 776
80 8 0 815
80 8 1 784
80 8 2 804
80 9 0 779
80 9 1 788
80 9 2 811
100 0 0 1245
100 0 1 1229
100 0 2 1228
100 1 0 1252
100 1 1 1208
100 1 2 1246
100 2 0 1227
100 2 1 1262
100 2 2 1227
100 3 0 1162
100 3 1 1229
100 3 2 1226
100 4 0 1214
100 4 1 1234
100 4 2 1202
100 5 0 1170
100 5 1 1227
100 5 2 1237
100 6 0 1216
100 6 1 1179
100 6 2 1163
100 7 0 1221
100 7 1 1273
100 7 2 1245
100 8 0 1242
100 8 1 1231
100 8 2 1162
100 9 0 1217
100 9 1 1216
100 9 2 1234
60 0 3 461
60 0 4 451
60 0 5 462
60 0 6 444
60 0 7 435
60 0 8 442
60 0 9 440
60 0 10 394
60 1 3 452
60 1 4 415
60 1 5 434
60 1 6 422
60 1 7 356
60 1 8 423
60 1 9 448
60 1 10 443
60 2 3 436
60 2 4 435
60 2 5 421
60 2 6 454
60 2 7 447
60 2 8 447
60 2 9 442
60 2 10 447
60 3 3 443
60 3 4 382
60 3 5 430
60 3 6 437
60 3 7 433
60 3 8 449
60 3 9 445
60 3 10 433
60 4 3 426
60 4 4 440
60 4 5 451
60 4 6 447
60 4 7 449
60 4 8 452
60 4 9 434
60 4 10 428
60 5 3 421
60 5 4 425
60 5 5 416
60 5 6 441
60 5 7 449
60 5 8 458
60 5 9 426
60 5 10 439
60 6 3 454
60 6 4 371
60 6 5 442
60 6 6 421
60 6 7 440
60 6 8 459
60 6 9 432
60 6 10 453
60 7 3 444
60 7 4 430
60 7 5 349
60 7 6 438
60 7 7 434
60 7 8 415
60 7 9 425
60 7 10 440
60 8 3 464
60 8 4 436
60 8 5 448
60 8 6 441
60 8 7 449
60 8 8 439
60 8 9 433
60 8 10 349
60 9 3 462
60 9 4 445
60 9 5 444
60 9 6 450
60 9 7 425
60 9 8 462
60 9 9 441
60 9 10 439
80 0 3 807
80 0 4 792
80 0 5 796
80 0 6 801
80 0 7 737
80 0 8 770
80 0 9 746
80 0 10 789
80 1 3 783
80 1 4 753
80 1 5 799
80 1 6 781
80 1 7 798
80 1 8 722
80 1 9 798
80 1 10 788
80 2 3 771
80 2 4 765
80 2 5 771
80 2 6 797
80 2 7 770
80 2 8 808
80 2 9 756
80 2 10 798
80 3 3 758
80 3 4 807
80 3 5 771
80 3 6 790
80 3 7 786
80 3 8 798
80 3 9 752
80 3 10 794
80 4 3 717
80 4 4 692
80 4 5 807
80 4 6 747
80 4 7 754
80 4 8 792
80 4 9 797
80 4 10 759
80 5 3 797
80 5 4 779
80 5 5 781
80 5 6 779
80 5 7 780
80 5 8 790
80 5 9 783
80 5 10 752
80 6 3 798
80 6 4 776
80 6 5 789
80 6 6 763
80 6 7 776
80 6 8 790
80 6 9 793
80 6 10 794
80 7 3 794
80 7 4 718
80 7 5 753
80 7 6 811
80 7 7 769
80 7 8 802
80 7 9 755
80 7 10 775
80 8 3 794
80 8 4 764
80 8 5 811
80 8 6 777
80 8 7 757
80 8 8 759
80 8 9 755
80 8 10 776
80 9 3 738
80 9 4 776
80 9 5 814
80 9 6 761
80 9 7 714
80 9 8 713
80 9 9 743
80 9 10 798
100 0 3 1248
100 0 4 1210
100 0 5 1241
100 0 6 1146
100 0 7 1263
100 0 8 1225
100 0 9 1036
100 0 10 1237
100 1 3 1256
100 1 4 1245
100 1 5 1232
100 1 6 1258
100 1 7 1246
100 1 8 1235
100 1 9 1223
100 1 10 1231
100 2 3 1243
100 2 4 1200
100 2 5 1250
100 2 6 1210
100 2 7 1211
100 2 8 1242
100 2 9 1205
100 2 10 1239
100 3 3 1266
100 3 4 1239
100 3 5 1191
100 3 6 1266
100 3 7 1213
100 3 8 1153
100 3 9 1230
100 3 10 1254
100 4 3 1234
100 4 4 1241
100 4 5 1238
100 4 6 1214
100 4 7 1257
100 4 8 1256
100 4 9 1264
100 4 10 1216
100 5 3 1251
100 5 4 1236
100 5 5 1249
100 5 6 1221
100 5 7 1209
100 5 8 1228
100 5 9 1198
100 5 10 1180
100 6 3 1195
100 6 4 1226
100 6 5 1189
100 6 6 1271
100 6 7 1218
100 6 8 1198
100 6 9 1181
100 6 10 1209
100 7 3 1220
100 7 4 1236
100 7 5 1241
100 7 6 1186
100 7 7 1237
100 7 8 1257
100 7 9 1206
100 7 10 1145
100 8 3 1229
100 8 4 1258
100 8 5 1250
100 8 6 1252
100 8 7 1240
100 8 8 1205
100 8 9 1210
100 8 10 1244
100 9 3 1207
100 9 4 1202
100 9 5 1252
100 9 6 1227
100 9 7 1216
100 9 8 1206
100 9 9 1222
100 9 10 1201
