60 0 0 422
60 0 1 343
60 0 2 439
60 1 0 443
60 1 1 452
60 1 2 463
60 2 0 440
60 2 1 411
60 2 2 409
60 3 0 431
60 3 1 421
60 3 2 455
60 4 0 425
60 4 1 437
60 4 2 438
60 5 0 474
60 5 1 454
60 5 2 447
60 6 0 429
60 6 1 419
60 6 2 457
60 7 0 417
60 7 1 413
60 7 2 419
60 8 0 442
60 8 1 422
60 8 2 435
60 9 0 414
60 9 1 434
60 9 2 410
80 0 0 808
80 0 1 791
80 0 2 776
80 1 0 791
80 1 1 789
80 1 2 762
80 2 0 775
80 2 1 777
80 2 2 809
80 3 0 796
80 3 1 780
80 3 2 803
80 4 0 754
80 4 1 764
80 4 2 756
80 5 0 787
80 5 1 802
80 5 2 800
80 6 0 819
80 6 1 758
80 6 2 785
80 7 0 774
80 7 1 765
80 7 2 757
80 8 0 767
80 8 1 761
80 8 2 803
80 9 0 775
80 9 1 794
80 9 2 793
100 0 0 1249
100 0 1 1257
100 0 2 1205
100 1 0 1221
100 1 1 1247
100 1 2 1257
100 2 0 1216
100 2 1 1157
100 2 2 1249
100 3 0 1256
100 3 1 1238
100 3 2 1229
100 4 0 1245
100 4 1 1243
100 4 2 1193
100 5 0 1261
100 5 1 1229
100 5 2 1227
100 6 0 1265
100 6 1 1248
100 6 2 1206
100 7 0 1194
100 7 1 1256
100 7 2 1238
100 8 0 1216
100 8 1 1248
100 8 2 1250
100 9 0 1167
100 9 1 1187
100 9 2 1232
60 0 3 441
60 0 4 441
60 0 5 409
60 0 6 417
60 0 7 402
60 0 8 441
60 0 9 451
60 0 10 422
60 1 3 445
60 1 4 417
60 1 5 424
60 1 6 446
60 1 7 454
60 1 8 432
60 1 9 425
60 1 10 427
60 2 3 439
60 2 4 414
60 2 5 455
60 2 6 446
60 2 7 451
60 2 8 406
60 2 9 410
60 2 10 410
60 3 3 443
60 3 4 443
60 3 5 444
60 3 6 426
60 3 7 426
60 3 8 461
60 3 9 439
60 3 10 439
60 4 3 411
60 4 4 465
60 4 5 438
60 4 6 446
60 4 7 404
60 4 8 444
60 4 9 463
60 4 10 459
60 5 3 456
60 5 4 428
60 5 5 450
60 5 6 445
60 5 7 445
60 5 8 438
60 5 9 363
60 5 10 438
60 6 3 435
60 6 4 446
60 6 5 446
60 6 6 471
60 6 7 437
60 6 8 442
60 6 9 448
60 6 10 405
60 7 3 448
60 7 4 460
60 7 5 407
60 7 6 437
60 7 7 437
60 7 8 414
60 7 9 439
60 7 10 452
60 8 3 457
60 8 4 453
60 8 5 432
60 8 6 442
60 8 7 420
60 8 8 421
60 8 9 461
60 8 10 453
60 9 3 440
60 9 4 405
60 9 5 448
60 9 6 416
60 9 7 439
60 9 8 397
60 9 9 440
60 9 10 443
80 0 3 791
80 0 4 777
80 0 5 809
80 0 6 772
80 0 7 715
80 0 8 790
80 0 9 688
80 0 10 764
80 1 3 790
80 1 4 782
80 1 5 782
80 1 6 796
80 1 7 826
80 1 8 785
80 1 9 729
80 1 10 783
80 2 3 821
80 2 4 770
80 2 5 787
80 2 6 786
80 2 7 776
80 2 8 801
80 2 9 749
80 2 10 762
80 3 3 780
80 3 4 800
80 3 5 776
80 3 6 790
80 3 7 795
80 3 8 773
80 3 9 782
80 3 10 803
80 4 3 788
80 4 4 779
80 4 5 650
80 4 6 784
80 4 7 770
80 4 8 769
80 4 9 787
80 4 10 793
80 5 3 774
80 5 4 771
80 5 5 813
80 5 6 792
80 5 7 819
80 5 8 824
80 5 9 788
80 5 10 794
80 6 3 732
80 6 4 791
80 6 5 773
80 6 6 818
80 6 7 785
80 6 8 790
80 6 9 783
80 6 10 790
80 7 3 795
80 7 4 792
80 7 5 770
80 7 6 765
80 7 7 802
80 7 8 815
80 7 9 822
80 7 10 800
80 8 3 763
80 8 4 791
80 8 5 763
80 8 6 777
80 8 7 808
80 8 8 788
80 8 9 778
80 8 10 794
80 9 3 746
80 9 4 782
80 9 5 783
80 9 6 758
80 9 7 781
80 9 8 797
80 9 9 806
80 9 10 790
100 0 3 1234
100 0 4 1234
100 0 5 1239
100 0 6 1247
100 0 7 1165
100 0 8 1196
100 0 9 1247
100 0 10 1208
100 1 3 1236
100 1 4 1255
100 1 5 1239
100 1 6 1249
100 1 7 1239
100 1 8 1252
100 1 9 1235
100 1 10 1244
100 2 3 1151
100 2 4 1211
100 2 5 1184
100 2 6 1233
100 2 7 1227
100 2 8 1250
100 2 9 1216
100 2 10 1230
100 3 3 1224
100 3 4 1145
100 3 5 1170
100 3 6 1234
100 3 7 1242
100 3 8 1197
100 3 9 1120
100 3 10 1192
100 4 3 1156
100 4 4 1222
100 4 5 1252
100 4 6 1250
100 4 7 1255
100 4 8 1228
100 4 9 1208
100 4 10 1175
100 5 3 1226
100 5 4 1256
100 5 5 1186
100 5 6 1252
100 5 7 1230
100 5 8 1257
100 5 9 1244
100 5 10 1168
100 6 3 1233
100 6 4 1250
100 6 5 1232
100 6 6 1253
100 6 7 1198
100 6 8 1185
100 6 9 1214
100 6 10 1232
100 7 3 1230
100 7 4 1263
100 7 5 1228
100 7 6 1181
100 7 7 1213
100 7 8 1219
100 7 9 1205
100 7 10 1213
100 8 3 1087
100 8 4 1145
100 8 5 1207
100 8 6 1234
100 8 7 1253
100 8 8 1233
100 8 9 1243
100 8 10 1228
100 9 3 1210
100 9 4 1178
100 9 5 1114
100 9 6 1190
100 9 7 1160
100 9 8 1195
100 9 9 1237
100 9 10 1201
