60 0 0 455
60 0 1 446
60 0 2 414
60 1 0 439
60 1 1 425
60 1 2 450
60 2 0 457
60 2 1 428
60 2 2 448
60 3 0 437
60 3 1 439
60 3 2 439
60 4 0 423
60 4 1 443
60 4 2 451
60 5 0 444
60 5 1 431
60 5 2 465
60 6 0 449
60 6 1 440
60 6 2 451
60 7 0 446
60 7 1 457
60 7 2 444
60 8 0 453
60 8 1 451
60 8 2 456
60 9 0 417
60 9 1 436
60 9 2 430
80 0 0 787
80 0 1 785
80 0 2 789
80 1 0 802
80 1 1 787
80 1 2 793
80 2 0 804
80 2 1 811
80 2 2 812
80 3 0 797
80 3 1 808
80 3 2 782
80 4 0 765
80 4 1 711
80 4 2 806
80 5 0 761
80 5 1 798
80 5 2 781
80 6 0 791
80 6 1 777
80 6 2 783
80 7 0 810
80 7 1 803
80 7 2 786
80 8 0 805
80 8 1 793
80 8 2 785
80 9 0 805
80 9 1 780
80 9 2 802
100 0 0 1230
100 0 1 1238
100 0 2 1231
100 1 0 1246
100 1 1 1249
100 1 2 1234
100 2 0 1244
100 2 1 1214
100 2 2 1188
100 3 0 1205
100 3 1 1278
100 3 2 1261
100 4 0 1223
100 4 1 1182
100 4 2 1164
100 5 0 1240
100 5 1 1234
100 5 2 1178
100 6 0 1253
100 6 1 1262
100 6 2 1215
100 7 0 1262
100 7 1 1258
100 7 2 1245
100 8 0 1226
100 8 1 1240
100 8 2 1221
100 9 0 1237
100 9 1 1220
100 9 2 1229
60 0 3 406
60 0 4 400
60 0 5 435
60 0 6 417
60 0 7 438
60 0 8 389
60 0 9 424
60 0 10 439
60 1 3 427
60 1 4 445
60 1 5 423
60 1 6 450
60 1 7 458
60 1 8 444
60 1 9 456
60 1 10 464
60 2 3 450
60 2 4 444
60 2 5 440
60 2 6 422
60 2 7 441
60 2 8 458
60 2 9 464
60 2 10 427
60 3 3 416
60 3 4 443
60 3 5 464
60 3 6 450
60 3 7 437
60 3 8 415
60 3 9 436
60 3 10 459
60 4 3 430
60 4 4 409
60 4 5 448
60 4 6 405
60 4 7 364
60 4 8 461
60 4 9 428
60 4 10 451
60 5 3 459
60 5 4 432
60 5 5 452
60 5 6 443
60 5 7 439
60 5 8 432
60 5 9 438
60 5 10 449
60 6 3 439
60 6 4 435
60 6 5 468
60 6 6 437
60 6 7 427
60 6 8 446
60 6 9 453
60 6 10 423
60 7 3 449
60 7 4 447
60 7 5 452
60 7 6 391
60 7 7 452
60 7 8 427
60 7 9 444
60 7 10 442
60 8 3 450
60 8 4 457
60 8 5 441
60 8 6 451
60 8 7 441
60 8 8 446
60 8 9 434
60 8 10 426
60 9 3 445
60 9 4 419
60 9 5 379
60 9 6 415
60 9 7 436
60 9 8 460
60 9 9 446
60 9 10 427
80 0 3 750
80 0 4 778
80 0 5 711
80 0 6 776
80 0 7 715
80 0 8 787
80 0 9 755
80 0 10 784
80 1 3 770
80 1 4 795
80 1 5 742
80 1 6 813
80 1 7 799
80 1 8 769
80 1 9 795
80 1 10 753
80 2 3 775
80 2 4 784
80 2 5 781
80 2 6 788
80 2 7 801
80 2 8 784
80 2 9 743
80 2 10 786
80 3 3 778
80 3 4 807
80 3 5 791
80 3 6 679
80 3 7 775
80 3 8 788
80 3 9 775
80 3 10 764
80 4 3 804
80 4 4 776
80 4 5 821
80 4 6 798
80 4 7 655
80 4 8 736
80 4 9 788
80 4 10 779
80 5 3 745
80 5 4 773
80 5 5 793
80 5 6 802
80 5 7 818
80 5 8 793
80 5 9 806
80 5 10 814
80 6 3 797
80 6 4 802
80 6 5 767
80 6 6 771
80 6 7 720
80 6 8 791
80 6 9 796
80 6 10 795
80 7 3 769
80 7 4 799
80 7 5 765
80 7 6 778
80 7 7 770
80 7 8 790
80 7 9 782
80 7 10 772
80 8 3 780
80 8 4 645
80 8 5 779
80 8 6 783
80 8 7 784
80 8 8 788
80 8 9 816
80 8 10 790
80 9 3 812
80 9 4 788
80 9 5 781
80 9 6 823
80 9 7 780
80 9 8 786
80 9 9 806
80 9 10 809
100 0 3 1187
100 0 4 1145
100 0 5 1271
100 0 6 1194
100 0 7 1230
100 0 8 1186
100 0 9 1166
100 0 10 1253
100 1 3 1211
100 1 4 1257
100 1 5 1184
100 1 6 1231
100 1 7 1240
100 1 8 1249
100 1 9 1228
100 1 10 1119
100 2 3 1185
100 2 4 1136
100 2 5 1222
100 2 6 1250
100 2 7 1231
100 2 8 1212
100 2 9 1096
100 2 10 1225
100 3 3 1172
100 3 4 1237
100 3 5 1273
100 3 6 1164
100 3 7 1233
100 3 8 1205
100 3 9 1228
100 3 10 1255
100 4 3 1248
100 4 4 1248
100 4 5 1239
100 4 6 1240
100 4 7 1145
100 4 8 1255
100 4 9 1216
100 4 10 1250
100 5 3 1236
100 5 4 1269
100 5 5 1248
100 5 6 1219
100 5 7 1137
100 5 8 1222
100 5 9 1250
100 5 10 1206
100 6 3 1239
100 6 4 1232
100 6 5 1254
100 6 6 1227
100 6 7 1227
100 6 8 1246
100 6 9 1210
100 6 10 1005
100 7 3 1149
100 7 4 1241
100 7 5 1137
100 7 6 1241
100 7 7 1207
100 7 8 1167
100 7 9 1245
100 7 10 1238
100 8 3 1258
100 8 4 1217
100 8 5 1170
100 8 6 1184
100 8 7 1238
100 8 8 1227
100 8 9 1187
100 8 10 1241
100 9 3 1238
100 9 4 1244
100 9 5 1109
100 9 6 1240
100 9 7 1226
100 9 8 1265
100 9 9 1244
100 9 10 1236
