60 0 0 417
60 0 1 382
60 0 2 411
60 1 0 460
60 1 1 442
60 1 2 451
60 2 0 447
60 2 1 456
60 2 2 432
60 3 0 421
60 3 1 440
60 3 2 412
60 4 0 430
60 4 1 430
60 4 2 439
60 5 0 412
60 5 1 429
60 5 2 433
60 6 0 439
60 6 1 467
60 6 2 430
60 7 0 417
60 7 1 454
60 7 2 417
60 8 0 439
60 8 1 381
60 8 2 447
60 9 0 421
60 9 1 425
60 9 2 443
80 0 0 766
80 0 1 785
80 0 2 784
80 1 0 806
80 1 1 787
80 1 2 795
80 2 0 780
80 2 1 788
80 2 2 721
80 3 0 817
80 3 1 806
80 3 2 727
80 4 0 778
80 4 1 768
80 4 2 779
80 5 0 790
80 5 1 781
80 5 2 785
80 6 0 797
80 6 1 773
80 6 2 802
80 7 0 784
80 7 1 782
80 7 2 796
80 8 0 776
80 8 1 778
80 8 2 791
80 9 0 780
80 9 1 788
80 9 2 809
100 0 0 1242
100 0 1 1228
100 0 2 1203
100 1 0 1233
100 1 1 1230
100 1 2 1240
100 2 0 1164
100 2 1 1150
100 2 2 1265
100 3 0 1230
100 3 1 1183
100 3 2 1207
100 4 0 1257
100 4 1 1240
100 4 2 1221
100 5 0 1224
100 5 1 1181
100 5 2 1210
100 6 0 1270
100 6 1 1235
100 6 2 1201
100 7 0 1215
100 7 1 1209
100 7 2 1205
100 8 0 1251
100 8 1 1192
100 8 2 1250
100 9 0 1277
100 9 1 1234
100 9 2 1256
60 0 3 413
60 0 4 458
60 0 5 463
60 0 6 390
60 0 7 430
60 0 8 422
60 0 9 420
60 0 10 434
60 1 3 431
60 1 4 423
60 1 5 433
60 1 6 425
60 1 7 425
60 1 8 447
60 1 9 425
60 1 10 418
60 2 3 432
60 2 4 450
60 2 5 432
60 2 6 450
60 2 7 416
60 2 8 429
60 2 9 434
60 2 10 405
60 3 3 427
60 3 4 406
60 3 5 452
60 3 6 419
60 3 7 450
60 3 8 435
60 3 9 410
60 3 10 452
60 4 3 442
60 4 4 443
60 4 5 454
60 4 6 444
60 4 7 444
60 4 8 441
60 4 9 410
60 4 10 402
60 5 3 451
60 5 4 456
60 5 5 442
60 5 6 392
60 5 7 471
60 5 8 453
60 5 9 453
60 5 10 434
60 6 3 447
60 6 4 461
60 6 5 446
60 6 6 454
60 6 7 443
60 6 8 384
60 6 9 441
60 6 10 436
60 7 3 398
60 7 4 442
60 7 5 415
60 7 6 438
60 7 7 377
60 7 8 433
60 7 9 421
60 7 10 438
60 8 3 422
60 8 4 469
60 8 5 442
60 8 6 446
60 8 7 429
60 8 8 434
60 8 9 450
60 8 10 422
60 9 3 414
60 9 4 382
60 9 5 419
60 9 6 448
60 9 7 458
60 9 8 450
60 9 9 427
60 9 10 457
80 0 3 750
80 0 4 812
80 0 5 732
80 0 6 805
80 0 7 789
80 0 8 752
80 0 9 779
80 0 10 749
80 1 3 802
80 1 4 740
80 1 5 741
80 1 6 744
80 1 7 736
80 1 8 824
80 1 9 792
80 1 10 818
80 2 3 791
80 2 4 777
80 2 5 733
80 2 6 793
80 2 7 765
80 2 8 796
80 2 9 783
80 2 10 794
80 3 3 792
80 3 4 795
80 3 5 790
80 3 6 791
80 3 7 795
80 3 8 770
80 3 9 798
80 3 10 774
80 4 3 799
80 4 4 737
80 4 5 780
80 4 6 774
80 4 7 759
80 4 8 782
80 4 9 803
80 4 10 790
80 5 3 790
80 5 4 808
80 5 5 774
80 5 6 775
80 5 7 783
80 5 8 774
80 5 9 733
80 5 10 773
80 6 3 781
80 6 4 779
80 6 5 783
80 6 6 758
80 6 7 800
80 6 8 801
80 6 9 789
80 6 10 753
80 7 3 786
80 7 4 813
80 7 5 811
80 7 6 742
80 7 7 790
80 7 8 802
80 7 9 781
80 7 10 799
80 8 3 776
80 8 4 785
80 8 5 626
80 8 6 782
80 8 7 777
80 8 8 787
80 8 9 826
80 8 10 731
80 9 3 790
80 9 4 776
80 9 5 794
80 9 6 734
80 9 7 783
80 9 8 788
80 9 9 791
80 9 10 766
100 0 3 1223
100 0 4 1257
100 0 5 1250
100 0 6 1222
100 0 7 1240
100 0 8 1265
100 0 9 1205
100 0 10 1215
100 1 3 1157
100 1 4 1170
100 1 5 1223
100 1 6 1232
100 1 7 1255
100 1 8 1242
100 1 9 1249
100 1 10 1271
100 2 3 1234
100 2 4 1198
100 2 5 1197
100 2 6 1231
100 2 7 1209
100 2 8 1225
100 2 9 1247
100 2 10 1222
100 3 3 1264
100 3 4 1254
100 3 5 1219
100 3 6 1226
100 3 7 1193
100 3 8 1230
100 3 9 1200
100 3 10 1258
100 4 3 1244
100 4 4 1237
100 4 5 1218
100 4 6 1223
100 4 7 1227
100 4 8 1246
100 4 9 1261
100 4 10 1248
100 5 3 1211
100 5 4 1223
100 5 5 1266
100 5 6 1247
100 5 7 1219
100 5 8 1241
100 5 9 1231
100 5 10 1230
100 6 3 1280
100 6 4 1088
100 6 5 1238
100 6 6 1136
100 6 7 1251
100 6 8 1223
100 6 9 1240
100 6 10 1271
100 7 3 1238
100 7 4 1238
100 7 5 1260
100 7 6 1230
100 7 7 1245
100 7 8 1242
100 7 9 1224
100 7 10 1263
100 8 3 1187
100 8 4 1216
100 8 5 1226
100 8 6 1253
100 8 7 1229
100 8 8 1114
100 8 9 1227
100 8 10 1234
100 9 3 1224
100 9 4 1128
100 9 5 1255
100 9 6 1159
100 9 7 1252
100 9 8 1253
100 9 9 1220
100 9 10 1169
