60 0 0 444
60 0 1 419
60 0 2 442
60 1 0 429
60 1 1 437
60 1 2 430
60 2 0 451
60 2 1 439
60 2 2 446
60 3 0 459
60 3 1 447
60 3 2 420
60 4 0 419
60 4 1 439
60 4 2 453
60 5 0 415
60 5 1 437
60 5 2 462
60 6 0 438
60 6 1 430
60 6 2 445
60 7 0 458
60 7 1 445
60 7 2 432
60 8 0 427
60 8 1 417
60 8 2 426
60 9 0 446
60 9 1 437
60 9 2 451
80 0 0 821
80 0 1 744
80 0 2 780
80 1 0 795
80 1 1 800
80 1 2 804
80 2 0 797
80 2 1 814
80 2 2 794
80 3 0 791
80 3 1 815
80 3 2 761
80 4 0 790
80 4 1 779
80 4 2 803
80 5 0 810
80 5 1 795
80 5 2 672
80 6 0 796
80 6 1 796
80 6 2 797
80 7 0 764
80 7 1 731
80 7 2 777
80 8 0 771
80 8 1 793
80 8 2 781
80 9 0 739
80 9 1 785
80 9 2 790
100 0 0 1263
100 0 1 1217
100 0 2 1233
100 1 0 1230
100 1 1 1237
100 1 2 1229
100 2 0 1242
100 2 1 1237
100 2 2 1216
100 3 0 1233
100 3 1 1236
100 3 2 1224
100 4 0 1260
100 4 1 1240
100 4 2 1212
100 5 0 1250
100 5 1 1244
100 5 2 1230
100 6 0 1242
100 6 1 1180
100 6 2 1256
100 7 0 1234
100 7 1 1264
100 7 2 1258
100 8 0 1226
100 8 1 1221
100 8 2 1237
100 9 0 1233
100 9 1 1243
100 9 2 1255
60 0 3 445
60 0 4 452
60 0 5 444
60 0 6 439
60 0 7 437
60 0 8 433
60 0 9 454
60 0 10 424
60 1 3 429
60 1 4 407
60 1 5 426
60 1 6 429
60 1 7 423
60 1 8 422
60 1 9 416
60 1 10 438
60 2 3 434
60 2 4 455
60 2 5 432
60 2 6 384
60 2 7 461
60 2 8 429
60 2 9 411
60 2 10 445
60 3 3 402
60 3 4 432
60 3 5 441
60 3 6 436
60 3 7 428
60 3 8 443
60 3 9 440
60 3 10 425
60 4 3 424
60 4 4 415
60 4 5 434
60 4 6 433
60 4 7 443
60 4 8 403
60 4 9 449
60 4 10 453
60 5 3 443
60 5 4 453
60 5 5 376
60 5 6 443
60 5 7 449
60 5 8 441
60 5 9 425
60 5 10 440
60 6 3 443
60 6 4 449
60 6 5 449
60 6 6 435
60 6 7 428
60 6 8 454
60 6 9 421
60 6 10 402
60 7 3 434
60 7 4 413
60 7 5 452
60 7 6 434
60 7 7 435
60 7 8 450
60 7 9 401
60 7 10 410
60 8 3 444
60 8 4 445
60 8 5 438
60 8 6 456
60 8 7 448
60 8 8 442
60 8 9 436
60 8 10 440
60 9 3 415
60 9 4 428
60 9 5 447
60 9 6 443
60 9 7 437
60 9 8 446
60 9 9 435
60 9 10 432
80 0 3 764
80 0 4 808
80 0 5 699
80 0 6 812
80 0 7 793
80 0 8 818
80 0 9 755
80 0 10 812
80 1 3 745
80 1 4 769
80 1 5 770
80 1 6 792
80 1 7 689
80 1 8 799
80 1 9 799
80 1 10 805
80 2 3 817
80 2 4 773
80 2 5 762
80 2 6 786
80 2 7 789
80 2 8 765
80 2 9 765
80 2 10 813
80 3 3 760
80 3 4 771
80 3 5 781
80 3 6 777
80 3 7 774
80 3 8 779
80 3 9 782
80 3 10 749
80 4 3 805
80 4 4 795
80 4 5 764
80 4 6 796
80 4 7 787
80 4 8 797
80 4 9 801
80 4 10 797
80 5 3 814
80 5 4 733
80 5 5 768
80 5 6 782
80 5 7 783
80 5 8 698
80 5 9 750
80 5 10 717
80 6 3 794
80 6 4 795
80 6 5 786
80 6 6 790
80 6 7 801
80 6 8 781
80 6 9 781
80 6 10 771
80 7 3 803
80 7 4 808
80 7 5 792
80 7 6 747
80 7 7 756
80 7 8 783
80 7 9 805
80 7 10 764
80 8 3 769
80 8 4 785
80 8 5 789
80 8 6 791
80 8 7 781
80 8 8 781
80 8 9 793
80 8 10 798
80 9 3 799
80 9 4 825
80 9 5 772
80 9 6 776
80 9 7 794
80 9 8 773
80 9 9 801
80 9 10 798
100 0 3 1234
100 0 4 1189
100 0 5 1237
100 0 6 1229
100 0 7 1211
100 0 8 1177
100 0 9 1200
100 0 10 1242
100 1 3 1244
100 1 4 1262
100 1 5 1191
100 1 6 1245
100 1 7 1171
100 1 8 1205
100 1 9 1235
100 1 10 1218
100 2 3 1252
100 2 4 1217
100 2 5 1197
100 2 6 1191
100 2 7 1222
100 2 8 1127
100 2 9 1195
100 2 10 1232
100 3 3 1257
100 3 4 1254
100 3 5 1232
100 3 6 1272
100 3 7 1211
100 3 8 1219
100 3 9 1216
100 3 10 1265
100 4 3 1108
100 4 4 1225
100 4 5 1226
100 4 6 1212
100 4 7 1226
100 4 8 1264
100 4 9 1179
100 4 10 1136
100 5 3 1211
100 5 4 1191
100 5 5 1174
100 5 6 1253
100 5 7 1137
100 5 8 1228
100 5 9 1193
100 5 10 1197
100 6 3 1227
100 6 4 1198
100 6 5 1245
100 6 6 1147
100 6 7 1242
100 6 8 1239
100 6 9 1228
100 6 10 1229
100 7 3 1257
100 7 4 1217
100 7 5 1192
100 7 6 1181
100 7 7 1244
100 7 8 1259
100 7 9 1252
100 7 10 1227
100 8 3 1242
100 8 4 1281
100 8 5 1250
100 8 6 1211
100 8 7 1260
100 8 8 1252
100 8 9 1141
100 8 10 1118
100 9 3 1235
100 9 4 1213
100 9 5 1248
100 9 6 1220
100 9 7 1179
100 9 8 1259
100 9 9 1224
100 9 10 1197
