60 0 0 31
60 0 1 0
60 0 2 29
60 0 3 29
60 0 4 319
60 0 5 319
60 0 6 319
60 0 7 319
60 0 8 31
60 0 9 319
60 1 0 0
60 1 1 32
60 1 2 32
60 1 3 387
60 1 4 387
60 1 5 387
60 1 6 387
60 1 7 27
60 1 8 387
60 1 9 83
60 2 0 0
60 2 1 0
60 2 2 0
60 2 3 0
60 2 4 0
60 2 5 0
60 2 6 0
60 2 7 0
60 2 8 0
60 2 9 0
60 3 0 0
60 3 1 81
60 3 2 163
60 3 3 163
60 3 4 55
60 3 5 83
60 3 6 55
60 3 7 26
60 3 8 163
60 3 9 0
60 4 0 0
60 4 1 0
60 4 2 0
60 4 3 0
60 4 4 0
60 4 5 0
60 4 6 0
60 4 7 0
60 4 8 0
60 4 9 0
60 5 0 412
60 5 1 412
60 5 2 412
60 5 3 29
60 5 4 238
60 5 5 28
60 5 6 418
60 5 7 28
60 5 8 0
60 5 9 29
60 6 0 446
60 6 1 446
60 6 2 446
60 6 3 446
60 6 4 446
60 6 5 446
60 6 6 446
60 6 7 446
60 6 8 446
60 6 9 446
60 7 0 0
60 7 1 0
60 7 2 0
60 7 3 0
60 7 4 0
60 7 5 0
60 7 6 0
60 7 7 0
60 7 8 0
60 7 9 0
60 8 0 49
60 8 1 35
60 8 2 0
60 8 3 35
60 8 4 0
60 8 5 0
60 8 6 49
60 8 7 0
60 8 8 49
60 8 9 49
60 9 0 0
60 9 1 238
60 9 2 0
60 9 3 0
60 9 4 25
60 9 5 238
60 9 6 238
60 9 7 238
60 9 8 25
60 9 9 238
80 0 0 0
80 0 1 0
80 0 2 0
80 0 3 0
80 0 4 0
80 0 5 0
80 0 6 0
80 0 7 0
80 0 8 0
80 0 9 0
80 1 0 71
80 1 1 71
80 1 2 0
80 1 3 71
80 1 4 0
80 1 5 0
80 1 6 0
80 1 7 71
80 1 8 71
80 1 9 0
80 2 0 44
80 2 1 45
80 2 2 572
80 2 3 45
80 2 4 0
80 2 5 45
80 2 6 416
80 2 7 44
80 2 8 45
80 2 9 416
80 3 0 0
80 3 1 108
80 3 2 0
80 3 3 0
80 3 4 0
80 3 5 137
80 3 6 137
80 3 7 0
80 3 8 137
80 3 9 137
80 4 0 80
80 4 1 44
80 4 2 0
80 4 3 44
80 4 4 153
80 4 5 45
80 4 6 79
80 4 7 153
80 4 8 80
80 4 9 0
80 5 0 0
80 5 1 0
80 5 2 0
80 5 3 323
80 5 4 698
80 5 5 0
80 5 6 323
80 5 7 698
80 5 8 0
80 5 9 0
80 6 0 0
80 6 1 0
80 6 2 780
80 6 3 780
80 6 4 0
80 6 5 780
80 6 6 780
80 6 7 0
80 6 8 0
80 6 9 780
80 7 0 0
80 7 1 37
80 7 2 141
80 7 3 0
80 7 4 37
80 7 5 116
80 7 6 0
80 7 7 0
80 7 8 78
80 7 9 37
80 8 0 0
80 8 1 0
80 8 2 0
80 8 3 0
80 8 4 0
80 8 5 0
80 8 6 0
80 8 7 0
80 8 8 0
80 8 9 0
80 9 0 105
80 9 1 787
80 9 2 436
80 9 3 105
80 9 4 0
80 9 5 787
80 9 6 436
80 9 7 436
80 9 8 105
80 9 9 436
100 0 0 345
100 0 1 0
100 0 2 0
100 0 3 345
100 0 4 345
100 0 5 345
100 0 6 345
100 0 7 345
100 0 8 43
100 0 9 43
100 1 0 0
100 1 1 91
100 1 2 52
100 1 3 133
100 1 4 52
100 1 5 133
100 1 6 52
100 1 7 52
100 1 8 133
100 1 9 0
100 2 0 0
100 2 1 0
100 2 2 0
100 2 3 0
100 2 4 0
100 2 5 0
100 2 6 0
100 2 7 0
100 2 8 0
100 2 9 0
100 3 0 95
100 3 1 95
100 3 2 95
100 3 3 0
100 3 4 95
100 3 5 95
100 3 6 0
100 3 7 95
100 3 8 0
100 3 9 95
100 4 0 0
100 4 1 45
100 4 2 0
100 4 3 45
100 4 4 45
100 4 5 48
100 4 6 0
100 4 7 0
100 4 8 0
100 4 9 48
100 5 0 967
100 5 1 56
100 5 2 967
100 5 3 967
100 5 4 56
100 5 5 52
100 5 6 56
100 5 7 52
100 5 8 967
100 5 9 0
100 6 0 817
100 6 1 817
100 6 2 817
100 6 3 817
100 6 4 817
100 6 5 817
100 6 6 817
100 6 7 817
100 6 8 817
100 6 9 817
100 7 0 229
100 7 1 229
100 7 2 0
100 7 3 95
100 7 4 0
100 7 5 95
100 7 6 95
100 7 7 0
100 7 8 95
100 7 9 0
100 8 0 501
100 8 1 501
100 8 2 0
100 8 3 501
100 8 4 0
100 8 5 501
100 8 6 0
100 8 7 501
100 8 8 0
100 8 9 0
100 9 0 100
100 9 1 0
100 9 2 58
100 9 3 0
100 9 4 139
100 9 5 0
100 9 6 139
100 9 7 0
100 9 8 0
100 9 9 97
