60 0 0 399
60 0 1 388
60 0 2 441
60 1 0 466
60 1 1 442
60 1 2 454
60 2 0 409
60 2 1 422
60 2 2 410
60 3 0 433
60 3 1 429
60 3 2 440
60 4 0 441
60 4 1 414
60 4 2 407
60 5 0 437
60 5 1 454
60 5 2 452
60 6 0 426
60 6 1 450
60 6 2 444
60 7 0 430
60 7 1 456
60 7 2 446
60 8 0 402
60 8 1 379
60 8 2 439
60 9 0 440
60 9 1 444
60 9 2 439
80 0 0 765
80 0 1 788
80 0 2 832
80 1 0 791
80 1 1 769
80 1 2 812
80 2 0 728
80 2 1 806
80 2 2 798
80 3 0 762
80 3 1 734
80 3 2 797
80 4 0 800
80 4 1 780
80 4 2 780
80 5 0 778
80 5 1 807
80 5 2 801
80 6 0 791
80 6 1 776
80 6 2 802
80 7 0 782
80 7 1 770
80 7 2 761
80 8 0 786
80 8 1 800
80 8 2 781
80 9 0 793
80 9 1 766
80 9 2 818
100 0 0 1222
100 0 1 1169
100 0 2 1276
100 1 0 1267
100 1 1 1254
100 1 2 1219
100 2 0 1274
100 2 1 1217
100 2 2 1268
100 3 0 1240
100 3 1 1245
100 3 2 1241
100 4 0 1256
100 4 1 1223
100 4 2 1212
100 5 0 1215
100 5 1 1235
100 5 2 1246
100 6 0 1201
100 6 1 1247
100 6 2 1230
100 7 0 1250
100 7 1 1197
100 7 2 1198
100 8 0 1224
100 8 1 1200
100 8 2 1114
100 9 0 1236
100 9 1 1227
100 9 2 1228
