60 0 0 412
60 0 1 421
60 0 2 440
60 1 0 439
60 1 1 453
60 1 2 441
60 2 0 420
60 2 1 447
60 2 2 432
60 3 0 435
60 3 1 432
60 3 2 453
60 4 0 451
60 4 1 397
60 4 2 432
60 5 0 426
60 5 1 432
60 5 2 432
60 6 0 438
60 6 1 462
60 6 2 435
60 7 0 431
60 7 1 453
60 7 2 427
60 8 0 444
60 8 1 434
60 8 2 446
60 9 0 415
60 9 1 456
60 9 2 451
80 0 0 788
80 0 1 796
80 0 2 785
80 1 0 774
80 1 1 768
80 1 2 759
80 2 0 794
80 2 1 746
80 2 2 792
80 3 0 781
80 3 1 784
80 3 2 773
80 4 0 792
80 4 1 790
80 4 2 753
80 5 0 698
80 5 1 781
80 5 2 816
80 6 0 812
80 6 1 807
80 6 2 752
80 7 0 818
80 7 1 798
80 7 2 796
80 8 0 790
80 8 1 789
80 8 2 802
80 9 0 783
80 9 1 795
80 9 2 809
100 0 0 1232
100 0 1 1253
100 0 2 1168
100 1 0 1238
100 1 1 1235
100 1 2 1192
100 2 0 1228
100 2 1 1253
100 2 2 1205
100 3 0 1202
100 3 1 1261
100 3 2 1221
100 4 0 1255
100 4 1 1230
100 4 2 1240
100 5 0 1201
100 5 1 1223
100 5 2 1230
100 6 0 1179
100 6 1 1256
100 6 2 1192
100 7 0 1237
100 7 1 1220
100 7 2 1224
100 8 0 1217
100 8 1 1222
100 8 2 1223
100 9 0 1230
100 9 1 1242
100 9 2 1247
60 0 3 447
60 0 4 401
60 0 5 419
60 0 6 412
60 0 7 439
60 0 8 432
60 0 9 443
60 0 10 376
60 1 3 410
60 1 4 430
60 1 5 400
60 1 6 440
60 1 7 430
60 1 8 400
60 1 9 359
60 1 10 453
60 2 3 439
60 2 4 441
60 2 5 435
60 2 6 445
60 2 7 416
60 2 8 417
60 2 9 425
60 2 10 465
60 3 3 440
60 3 4 390
60 3 5 431
60 3 6 415
60 3 7 454
60 3 8 426
60 3 9 415
60 3 10 427
60 4 3 442
60 4 4 437
60 4 5 432
60 4 6 387
60 4 7 387
60 4 8 379
60 4 9 436
60 4 10 427
60 5 3 434
60 5 4 434
60 5 5 462
60 5 6 443
60 5 7 441
60 5 8 438
60 5 9 435
60 5 10 378
60 6 3 446
60 6 4 449
60 6 5 434
60 6 6 434
60 6 7 446
60 6 8 419
60 6 9 442
60 6 10 433
60 7 3 455
60 7 4 442
60 7 5 439
60 7 6 454
60 7 7 415
60 7 8 395
60 7 9 407
60 7 10 449
60 8 3 435
60 8 4 440
60 8 5 454
60 8 6 457
60 8 7 416
60 8 8 368
60 8 9 423
60 8 10 376
60 9 3 465
60 9 4 453
60 9 5 381
60 9 6 428
60 9 7 436
60 9 8 444
60 9 9 440
60 9 10 450
80 0 3 796
80 0 4 800
80 0 5 776
80 0 6 799
80 0 7 798
80 0 8 800
80 0 9 772
80 0 10 780
80 1 3 772
80 1 4 738
80 1 5 789
80 1 6 812
80 1 7 786
80 1 8 797
80 1 9 821
80 1 10 813
80 2 3 798
80 2 4 768
80 2 5 756
80 2 6 760
80 2 7 784
80 2 8 782
80 2 9 778
80 2 10 805
80 3 3 764
80 3 4 771
80 3 5 797
80 3 6 789
80 3 7 725
80 3 8 750
80 3 9 795
80 3 10 791
80 4 3 729
80 4 4 750
80 4 5 806
80 4 6 782
80 4 7 792
80 4 8 744
80 4 9 734
80 4 10 809
80 5 3 788
80 5 4 770
80 5 5 793
80 5 6 780
80 5 7 794
80 5 8 746
80 5 9 780
80 5 10 705
80 6 3 757
80 6 4 735
80 6 5 800
80 6 6 795
80 6 7 783
80 6 8 797
80 6 9 793
80 6 10 786
80 7 3 783
80 7 4 794
80 7 5 802
80 7 6 769
80 7 7 782
80 7 8 671
80 7 9 770
80 7 10 806
80 8 3 789
80 8 4 797
80 8 5 794
80 8 6 745
80 8 7 773
80 8 8 767
80 8 9 795
80 8 10 771
80 9 3 766
80 9 4 808
80 9 5 808
80 9 6 789
80 9 7 816
80 9 8 774
80 9 9 797
80 9 10 755
100 0 3 1241
100 0 4 1226
100 0 5 1234
100 0 6 1215
100 0 7 1249
100 0 8 1243
100 0 9 1205
100 0 10 1208
100 1 3 1184
100 1 4 1245
100 1 5 1237
100 1 6 1211
100 1 7 1236
100 1 8 1262
100 1 9 1177
100 1 10 1221
100 2 3 1201
100 2 4 1135
100 2 5 1122
100 2 6 1223
100 2 7 1203
100 2 8 1216
100 2 9 1186
100 2 10 1112
100 3 3 1241
100 3 4 1213
100 3 5 1054
100 3 6 1255
100 3 7 1220
100 3 8 1254
100 3 9 1179
100 3 10 1272
100 4 3 1217
100 4 4 1229
100 4 5 1219
100 4 6 1262
100 4 7 1235
100 4 8 1265
100 4 9 1168
100 4 10 1177
100 5 3 1213
100 5 4 1235
100 5 5 1229
100 5 6 1241
100 5 7 1230
100 5 8 1201
100 5 9 1187
100 5 10 1235
100 6 3 1254
100 6 4 1241
100 6 5 1225
100 6 6 1216
100 6 7 1206
100 6 8 1268
100 6 9 1241
100 6 10 1250
100 7 3 1233
100 7 4 1213
100 7 5 1202
100 7 6 1251
100 7 7 1230
100 7 8 1192
100 7 9 1228
100 7 10 1255
100 8 3 1248
100 8 4 1135
100 8 5 1236
100 8 6 1195
100 8 7 1244
100 8 8 1233
100 8 9 1149
100 8 10 1229
100 9 3 1186
100 9 4 1236
100 9 5 1137
100 9 6 1178
100 9 7 1203
100 9 8 1189
100 9 9 1188
100 9 10 1185
