60 0 0 440
60 0 1 393
60 0 2 409
60 1 0 394
60 1 1 423
60 1 2 443
60 2 0 423
60 2 1 436
60 2 2 436
60 3 0 441
60 3 1 435
60 3 2 432
60 4 0 439
60 4 1 436
60 4 2 444
60 5 0 436
60 5 1 425
60 5 2 430
60 6 0 445
60 6 1 454
60 6 2 443
60 7 0 400
60 7 1 456
60 7 2 434
60 8 0 455
60 8 1 413
60 8 2 432
60 9 0 431
60 9 1 428
60 9 2 423
80 0 0 783
80 0 1 783
80 0 2 794
80 1 0 778
80 1 1 779
80 1 2 779
80 2 0 787
80 2 1 770
80 2 2 776
80 3 0 724
80 3 1 797
80 3 2 773
80 4 0 775
80 4 1 771
80 4 2 796
80 5 0 737
80 5 1 783
80 5 2 783
80 6 0 757
80 6 1 778
80 6 2 811
80 7 0 790
80 7 1 773
80 7 2 769
80 8 0 763
80 8 1 772
80 8 2 765
80 9 0 737
80 9 1 784
80 9 2 802
100 0 0 1188
100 0 1 1279
100 0 2 1238
100 1 0 1111
100 1 1 1248
100 1 2 1263
100 2 0 1227
100 2 1 1235
100 2 2 1255
100 3 0 1269
100 3 1 1209
100 3 2 1026
100 4 0 1215
100 4 1 1221
100 4 2 1245
100 5 0 1222
100 5 1 1234
100 5 2 1002
100 6 0 1207
100 6 1 1210
100 6 2 1277
100 7 0 1172
100 7 1 1208
100 7 2 1231
100 8 0 1247
100 8 1 1178
100 8 2 1207
100 9 0 1228
100 9 1 1241
100 9 2 1247
60 0 3 445
60 0 4 445
60 0 5 450
60 0 6 418
60 0 7 451
60 0 8 438
60 0 9 444
60 0 10 448
60 1 3 439
60 1 4 443
60 1 5 403
60 1 6 424
60 1 7 345
60 1 8 429
60 1 9 432
60 1 10 439
60 2 3 432
60 2 4 440
60 2 5 440
60 2 6 451
60 2 7 438
60 2 8 446
60 2 9 446
60 2 10 458
60 3 3 387
60 3 4 451
60 3 5 450
60 3 6 437
60 3 7 431
60 3 8 461
60 3 9 466
60 3 10 435
60 4 3 468
60 4 4 437
60 4 5 452
60 4 6 410
60 4 7 440
60 4 8 457
60 4 9 424
60 4 10 441
60 5 3 403
60 5 4 443
60 5 5 405
60 5 6 420
60 5 7 426
60 5 8 435
60 5 9 460
60 5 10 441
60 6 3 419
60 6 4 427
60 6 5 449
60 6 6 419
60 6 7 440
60 6 8 420
60 6 9 446
60 6 10 413
60 7 3 432
60 7 4 415
60 7 5 450
60 7 6 446
60 7 7 438
60 7 8 449
60 7 9 450
60 7 10 442
60 8 3 445
60 8 4 435
60 8 5 444
60 8 6 462
60 8 7 417
60 8 8 441
60 8 9 468
60 8 10 448
60 9 3 434
60 9 4 441
60 9 5 434
60 9 6 429
60 9 7 458
60 9 8 461
60 9 9 441
60 9 10 423
80 0 3 808
80 0 4 797
80 0 5 781
80 0 6 793
80 0 7 781
80 0 8 789
80 0 9 752
80 0 10 790
80 1 3 810
80 1 4 805
80 1 5 741
80 1 6 754
80 1 7 808
80 1 8 793
80 1 9 750
80 1 10 826
80 2 3 797
80 2 4 785
80 2 5 794
80 2 6 775
80 2 7 820
80 2 8 779
80 2 9 790
80 2 10 802
80 3 3 806
80 3 4 775
80 3 5 750
80 3 6 800
80 3 7 789
80 3 8 755
80 3 9 747
80 3 10 814
80 4 3 797
80 4 4 802
80 4 5 752
80 4 6 782
80 4 7 774
80 4 8 800
80 4 9 761
80 4 10 767
80 5 3 794
80 5 4 811
80 5 5 780
80 5 6 804
80 5 7 784
80 5 8 767
80 5 9 786
80 5 10 805
80 6 3 800
80 6 4 784
80 6 5 790
80 6 6 795
80 6 7 788
80 6 8 791
80 6 9 779
80 6 10 757
80 7 3 776
80 7 4 780
80 7 5 790
80 7 6 760
80 7 7 793
80 7 8 712
80 7 9 792
80 7 10 799
80 8 3 784
80 8 4 811
80 8 5 797
80 8 6 754
80 8 7 789
80 8 8 833
80 8 9 799
80 8 10 797
80 9 3 801
80 9 4 720
80 9 5 731
80 9 6 787
80 9 7 792
80 9 8 808
80 9 9 764
80 9 10 768
100 0 3 1203
100 0 4 1204
100 0 5 1237
100 0 6 1220
100 0 7 1244
100 0 8 1118
100 0 9 1241
100 0 10 1193
100 1 3 1206
100 1 4 1231
100 1 5 1214
100 1 6 1234
100 1 7 1197
100 1 8 1225
100 1 9 1214
100 1 10 1214
100 2 3 1262
100 2 4 1182
100 2 5 1225
100 2 6 1228
100 2 7 1250
100 2 8 1240
100 2 9 1274
100 2 10 1233
100 3 3 1227
100 3 4 1228
100 3 5 1264
100 3 6 1186
100 3 7 1232
100 3 8 1235
100 3 9 1247
100 3 10 1220
100 4 3 1247
100 4 4 1194
100 4 5 1177
100 4 6 1269
100 4 7 1206
100 4 8 1259
100 4 9 1268
100 4 10 1216
100 5 3 1277
100 5 4 1203
100 5 5 1251
100 5 6 1241
100 5 7 1209
100 5 8 1248
100 5 9 1224
100 5 10 1229
100 6 3 1241
100 6 4 1244
100 6 5 1236
100 6 6 1228
100 6 7 1241
100 6 8 1231
100 6 9 1189
100 6 10 1263
100 7 3 1191
100 7 4 1230
100 7 5 1216
100 7 6 1219
100 7 7 1235
100 7 8 1208
100 7 9 1205
100 7 10 1255
100 8 3 1235
100 8 4 1221
100 8 5 1211
100 8 6 1237
100 8 7 1249
100 8 8 1225
100 8 9 1212
100 8 10 1222
100 9 3 1241
100 9 4 1237
100 9 5 1227
100 9 6 1244
100 9 7 1219
100 9 8 1243
100 9 9 1253
100 9 10 1236
