60 0 0 447
60 0 1 451
60 0 2 429
60 1 0 434
60 1 1 446
60 1 2 444
60 2 0 412
60 2 1 459
60 2 2 438
60 3 0 394
60 3 1 418
60 3 2 422
60 4 0 435
60 4 1 429
60 4 2 426
60 5 0 441
60 5 1 436
60 5 2 449
60 6 0 427
60 6 1 450
60 6 2 451
60 7 0 417
60 7 1 421
60 7 2 409
60 8 0 438
60 8 1 418
60 8 2 441
60 9 0 440
60 9 1 453
60 9 2 373
80 0 0 776
80 0 1 752
80 0 2 665
80 1 0 758
80 1 1 790
80 1 2 806
80 2 0 807
80 2 1 761
80 2 2 754
80 3 0 822
80 3 1 791
80 3 2 788
80 4 0 792
80 4 1 791
80 4 2 766
80 5 0 805
80 5 1 755
80 5 2 767
80 6 0 679
80 6 1 798
80 6 2 799
80 7 0 802
80 7 1 782
80 7 2 732
80 8 0 797
80 8 1 786
80 8 2 751
80 9 0 787
80 9 1 759
80 9 2 774
100 0 0 1234
100 0 1 1244
100 0 2 1245
100 1 0 1224
100 1 1 1236
100 1 2 1230
100 2 0 1233
100 2 1 1256
100 2 2 1253
100 3 0 1226
100 3 1 1201
100 3 2 1225
100 4 0 1174
100 4 1 1168
100 4 2 1258
100 5 0 1228
100 5 1 1227
100 5 2 1231
100 6 0 1208
100 6 1 1247
100 6 2 1228
100 7 0 1259
100 7 1 1237
100 7 2 1222
100 8 0 1224
100 8 1 1236
100 8 2 1226
100 9 0 1239
100 9 1 1249
100 9 2 1163
60 0 3 422
60 0 4 471
60 0 5 442
60 0 6 404
60 0 7 451
60 0 8 426
60 0 9 451
60 0 10 435
60 1 3 466
60 1 4 438
60 1 5 443
60 1 6 435
60 1 7 432
60 1 8 405
60 1 9 457
60 1 10 430
60 2 3 462
60 2 4 429
60 2 5 440
60 2 6 447
60 2 7 452
60 2 8 413
60 2 9 437
60 2 10 375
60 3 3 427
60 3 4 440
60 3 5 463
60 3 6 379
60 3 7 429
60 3 8 458
60 3 9 417
60 3 10 433
60 4 3 453
60 4 4 379
60 4 5 448
60 4 6 444
60 4 7 441
60 4 8 403
60 4 9 438
60 4 10 430
60 5 3 441
60 5 4 448
60 5 5 457
60 5 6 428
60 5 7 441
60 5 8 441
60 5 9 378
60 5 10 404
60 6 3 412
60 6 4 450
60 6 5 431
60 6 6 419
60 6 7 449
60 6 8 439
60 6 9 443
60 6 10 404
60 7 3 424
60 7 4 422
60 7 5 445
60 7 6 455
60 7 7 453
60 7 8 453
60 7 9 443
60 7 10 447
60 8 3 412
60 8 4 436
60 8 5 443
60 8 6 446
60 8 7 455
60 8 8 420
60 8 9 442
60 8 10 436
60 9 3 408
60 9 4 449
60 9 5 451
60 9 6 471
60 9 7 457
60 9 8 434
60 9 9 426
60 9 10 382
80 0 3 808
80 0 4 779
80 0 5 804
80 0 6 786
80 0 7 793
80 0 8 798
80 0 9 782
80 0 10 733
80 1 3 757
80 1 4 819
80 1 5 768
80 1 6 787
80 1 7 711
80 1 8 808
80 1 9 740
80 1 10 787
80 2 3 731
80 2 4 781
80 2 5 796
80 2 6 799
80 2 7 725
80 2 8 790
80 2 9 811
80 2 10 761
80 3 3 792
80 3 4 778
80 3 5 792
80 3 6 779
80 3 7 634
80 3 8 788
80 3 9 774
80 3 10 766
80 4 3 778
80 4 4 784
80 4 5 770
80 4 6 768
80 4 7 747
80 4 8 830
80 4 9 705
80 4 10 757
80 5 3 730
80 5 4 735
80 5 5 712
80 5 6 789
80 5 7 803
80 5 8 814
80 5 9 784
80 5 10 808
80 6 3 735
80 6 4 732
80 6 5 795
80 6 6 786
80 6 7 783
80 6 8 808
80 6 9 771
80 6 10 825
80 7 3 779
80 7 4 797
80 7 5 781
80 7 6 798
80 7 7 777
80 7 8 760
80 7 9 795
80 7 10 755
80 8 3 680
80 8 4 775
80 8 5 796
80 8 6 778
80 8 7 792
80 8 8 761
80 8 9 759
80 8 10 773
80 9 3 788
80 9 4 776
80 9 5 783
80 9 6 804
80 9 7 762
80 9 8 720
80 9 9 696
80 9 10 793
100 0 3 1226
100 0 4 1166
100 0 5 1222
100 0 6 1230
100 0 7 1218
100 0 8 1210
100 0 9 1251
100 0 10 1186
100 1 3 1240
100 1 4 1262
100 1 5 1103
100 1 6 1233
100 1 7 1191
100 1 8 1246
100 1 9 1251
100 1 10 1226
100 2 3 1164
100 2 4 1209
100 2 5 1208
100 2 6 1216
100 2 7 1146
100 2 8 1266
100 2 9 1223
100 2 10 1247
100 3 3 1251
100 3 4 1083
100 3 5 1215
100 3 6 1240
100 3 7 1256
100 3 8 1162
100 3 9 1096
100 3 10 1228
100 4 3 1205
100 4 4 1182
100 4 5 1235
100 4 6 1185
100 4 7 1086
100 4 8 1240
100 4 9 1155
100 4 10 1264
100 5 3 1110
100 5 4 1197
100 5 5 1287
100 5 6 1211
100 5 7 1142
100 5 8 1246
100 5 9 1255
100 5 10 1208
100 6 3 1182
100 6 4 1238
100 6 5 1244
100 6 6 1236
100 6 7 1266
100 6 8 1256
100 6 9 1243
100 6 10 1225
100 7 3 1220
100 7 4 1093
100 7 5 1227
100 7 6 1240
100 7 7 1187
100 7 8 1206
100 7 9 1239
100 7 10 1258
100 8 3 1188
100 8 4 1249
100 8 5 1228
100 8 6 1175
100 8 7 1161
100 8 8 1290
100 8 9 1252
100 8 10 1273
100 9 3 1211
100 9 4 1258
100 9 5 1227
100 9 6 1247
100 9 7 1254
100 9 8 1204
100 9 9 1215
100 9 10 1236
