60 0 0 377
60 0 1 448
60 0 2 443
60 1 0 411
60 1 1 444
60 1 2 400
60 2 0 433
60 2 1 436
60 2 2 434
60 3 0 445
60 3 1 434
60 3 2 447
60 4 0 411
60 4 1 423
60 4 2 433
60 5 0 458
60 5 1 454
60 5 2 437
60 6 0 436
60 6 1 432
60 6 2 438
60 7 0 451
60 7 1 352
60 7 2 409
60 8 0 413
60 8 1 418
60 8 2 465
60 9 0 450
60 9 1 418
60 9 2 454
80 0 0 777
80 0 1 775
80 0 2 794
80 1 0 804
80 1 1 807
80 1 2 797
80 2 0 786
80 2 1 799
80 2 2 793
80 3 0 779
80 3 1 782
80 3 2 797
80 4 0 785
80 4 1 795
80 4 2 763
80 5 0 800
80 5 1 803
80 5 2 791
80 6 0 787
80 6 1 770
80 6 2 739
80 7 0 752
80 7 1 808
80 7 2 772
80 8 0 772
80 8 1 792
80 8 2 716
80 9 0 809
80 9 1 814
80 9 2 798
100 0 0 1223
100 0 1 1239
100 0 2 1238
100 1 0 1222
100 1 1 1219
100 1 2 1218
100 2 0 1186
100 2 1 1255
100 2 2 1281
100 3 0 1271
100 3 1 1245
100 3 2 1186
100 4 0 1196
100 4 1 1229
100 4 2 1111
100 5 0 1253
100 5 1 1220
100 5 2 1214
100 6 0 1253
100 6 1 1204
100 6 2 1246
100 7 0 1186
100 7 1 1232
100 7 2 1253
100 8 0 1212
100 8 1 1211
100 8 2 1245
100 9 0 1231
100 9 1 1270
100 9 2 1198
60 0 3 421
60 0 4 427
60 0 5 445
60 0 6 450
60 0 7 436
60 0 8 407
60 0 9 442
60 0 10 448
60 1 3 437
60 1 4 419
60 1 5 395
60 1 6 439
60 1 7 409
60 1 8 352
60 1 9 443
60 1 10 429
60 2 3 442
60 2 4 450
60 2 5 427
60 2 6 449
60 2 7 427
60 2 8 451
60 2 9 452
60 2 10 429
60 3 3 410
60 3 4 388
60 3 5 432
60 3 6 449
60 3 7 445
60 3 8 425
60 3 9 436
60 3 10 402
60 4 3 445
60 4 4 442
60 4 5 457
60 4 6 400
60 4 7 452
60 4 8 448
60 4 9 455
60 4 10 331
60 5 3 441
60 5 4 452
60 5 5 412
60 5 6 457
60 5 7 439
60 5 8 440
60 5 9 420
60 5 10 424
60 6 3 426
60 6 4 439
60 6 5 341
60 6 6 443
60 6 7 418
60 6 8 437
60 6 9 391
60 6 10 461
60 7 3 446
60 7 4 426
60 7 5 428
60 7 6 442
60 7 7 450
60 7 8 430
60 7 9 440
60 7 10 450
60 8 3 442
60 8 4 439
60 8 5 436
60 8 6 426
60 8 7 358
60 8 8 433
60 8 9 419
60 8 10 417
60 9 3 409
60 9 4 400
60 9 5 440
60 9 6 434
60 9 7 446
60 9 8 440
60 9 9 429
60 9 10 422
80 0 3 787
80 0 4 771
80 0 5 771
80 0 6 803
80 0 7 808
80 0 8 742
80 0 9 766
80 0 10 714
80 1 3 700
80 1 4 789
80 1 5 784
80 1 6 808
80 1 7 773
80 1 8 774
80 1 9 787
80 1 10 676
80 2 3 750
80 2 4 803
80 2 5 749
80 2 6 721
80 2 7 806
80 2 8 778
80 2 9 809
80 2 10 777
80 3 3 803
80 3 4 784
80 3 5 770
80 3 6 812
80 3 7 795
80 3 8 793
80 3 9 800
80 3 10 789
80 4 3 722
80 4 4 790
80 4 5 778
80 4 6 782
80 4 7 779
80 4 8 793
80 4 9 824
80 4 10 787
80 5 3 774
80 5 4 784
80 5 5 799
80 5 6 772
80 5 7 704
80 5 8 719
80 5 9 793
80 5 10 811
80 6 3 776
80 6 4 722
80 6 5 759
80 6 6 772
80 6 7 809
80 6 8 757
80 6 9 778
80 6 10 792
80 7 3 780
80 7 4 774
80 7 5 764
80 7 6 780
80 7 7 799
80 7 8 811
80 7 9 783
80 7 10 803
80 8 3 793
80 8 4 801
80 8 5 730
80 8 6 803
80 8 7 786
80 8 8 770
80 8 9 764
80 8 10 800
80 9 3 802
80 9 4 748
80 9 5 756
80 9 6 777
80 9 7 813
80 9 8 769
80 9 9 799
80 9 10 792
100 0 3 1219
100 0 4 1248
100 0 5 1227
100 0 6 1254
100 0 7 1230
100 0 8 1212
100 0 9 1254
100 0 10 1241
100 1 3 1240
100 1 4 1162
100 1 5 1223
100 1 6 1255
100 1 7 1266
100 1 8 1226
100 1 9 1231
100 1 10 1095
100 2 3 1243
100 2 4 1095
100 2 5 1181
100 2 6 1236
100 2 7 1241
100 2 8 1158
100 2 9 1176
100 2 10 1268
100 3 3 1256
100 3 4 1163
100 3 5 1253
100 3 6 1232
100 3 7 1211
100 3 8 1248
100 3 9 1173
100 3 10 1159
100 4 3 1113
100 4 4 1155
100 4 5 1221
100 4 6 1216
100 4 7 1226
100 4 8 1236
100 4 9 1191
100 4 10 1256
100 5 3 1232
100 5 4 1216
100 5 5 1205
100 5 6 1205
100 5 7 1263
100 5 8 1244
100 5 9 1226
100 5 10 1232
100 6 3 1257
100 6 4 1255
100 6 5 1241
100 6 6 1216
100 6 7 1156
100 6 8 1255
100 6 9 1188
100 6 10 1256
100 7 3 1233
100 7 4 1259
100 7 5 1277
100 7 6 1236
100 7 7 1262
100 7 8 1211
100 7 9 1206
100 7 10 1224
100 8 3 1280
100 8 4 1224
100 8 5 1234
100 8 6 1229
100 8 7 1272
100 8 8 1232
100 8 9 1217
100 8 10 1256
100 9 3 1241
100 9 4 1244
100 9 5 1209
100 9 6 1202
100 9 7 1217
100 9 8 1189
100 9 9 1244
100 9 10 1248
