60 0 0 457
60 0 1 451
60 0 2 373
60 1 0 430
60 1 1 364
60 1 2 452
60 2 0 462
60 2 1 272
60 2 2 407
60 3 0 436
60 3 1 440
60 3 2 448
60 4 0 375
60 4 1 352
60 4 2 305
60 5 0 413
60 5 1 310
60 5 2 404
60 6 0 351
60 6 1 397
60 6 2 460
60 7 0 455
60 7 1 435
60 7 2 419
60 8 0 437
60 8 1 452
60 8 2 442
60 9 0 452
60 9 1 444
60 9 2 432
80 0 0 783
80 0 1 609
80 0 2 740
80 1 0 765
80 1 1 603
80 1 2 638
80 2 0 759
80 2 1 749
80 2 2 687
80 3 0 761
80 3 1 669
80 3 2 576
80 4 0 759
80 4 1 777
80 4 2 776
80 5 0 775
80 5 1 719
80 5 2 770
80 6 0 734
80 6 1 743
80 6 2 803
80 7 0 777
80 7 1 728
80 7 2 511
80 8 0 738
80 8 1 740
80 8 2 677
80 9 0 782
80 9 1 777
80 9 2 528
100 0 0 905
100 0 1 1045
100 0 2 1114
100 1 0 1166
100 1 1 1221
100 1 2 1081
100 2 0 1226
100 2 1 1245
100 2 2 1216
100 3 0 1142
100 3 1 1036
100 3 2 1223
100 4 0 957
100 4 1 1113
100 4 2 643
100 5 0 853
100 5 1 854
100 5 2 1225
100 6 0 1032
100 6 1 1219
100 6 2 910
100 7 0 1240
100 7 1 1242
100 7 2 1264
100 8 0 1243
100 8 1 1181
100 8 2 1188
100 9 0 1232
100 9 1 1143
100 9 2 1224
60 0 3 424
60 0 4 364
60 0 5 433
60 0 6 420
60 0 7 369
60 0 8 441
60 0 9 392
60 0 10 410
60 1 3 442
60 1 4 428
60 1 5 427
60 1 6 413
60 1 7 368
60 1 8 354
60 1 9 453
60 1 10 353
60 2 3 421
60 2 4 389
60 2 5 395
60 2 6 372
60 2 7 202
60 2 8 344
60 2 9 433
60 2 10 316
60 3 3 435
60 3 4 437
60 3 5 438
60 3 6 386
60 3 7 439
60 3 8 368
60 3 9 337
60 3 10 436
60 4 3 426
60 4 4 456
60 4 5 422
60 4 6 344
60 4 7 420
60 4 8 282
60 4 9 445
60 4 10 391
60 5 3 407
60 5 4 228
60 5 5 453
60 5 6 423
60 5 7 395
60 5 8 437
60 5 9 435
60 5 10 382
60 6 3 318
60 6 4 357
60 6 5 456
60 6 6 394
60 6 7 446
60 6 8 422
60 6 9 458
60 6 10 436
60 7 3 281
60 7 4 437
60 7 5 431
60 7 6 373
60 7 7 390
60 7 8 437
60 7 9 453
60 7 10 434
60 8 3 418
60 8 4 437
60 8 5 437
60 8 6 449
60 8 7 443
60 8 8 450
60 8 9 332
60 8 10 455
60 9 3 428
60 9 4 302
60 9 5 433
60 9 6 443
60 9 7 413
60 9 8 451
60 9 9 428
60 9 10 351
80 0 3 711
80 0 4 787
80 0 5 530
80 0 6 742
80 0 7 489
80 0 8 786
80 0 9 741
80 0 10 768
80 1 3 803
80 1 4 794
80 1 5 594
80 1 6 704
80 1 7 775
80 1 8 621
80 1 9 793
80 1 10 779
80 2 3 787
80 2 4 721
80 2 5 794
80 2 6 779
80 2 7 628
80 2 8 729
80 2 9 630
80 2 10 670
80 3 3 642
80 3 4 695
80 3 5 806
80 3 6 787
80 3 7 623
80 3 8 590
80 3 9 739
80 3 10 743
80 4 3 714
80 4 4 777
80 4 5 758
80 4 6 714
80 4 7 682
80 4 8 785
80 4 9 600
80 4 10 721
80 5 3 499
80 5 4 532
80 5 5 813
80 5 6 692
80 5 7 716
80 5 8 602
80 5 9 736
80 5 10 788
80 6 3 676
80 6 4 774
80 6 5 762
80 6 6 704
80 6 7 621
80 6 8 812
80 6 9 659
80 6 10 482
80 7 3 742
80 7 4 788
80 7 5 754
80 7 6 623
80 7 7 758
80 7 8 726
80 7 9 650
80 7 10 759
80 8 3 775
80 8 4 786
80 8 5 759
80 8 6 738
80 8 7 613
80 8 8 743
80 8 9 713
80 8 10 703
80 9 3 735
80 9 4 699
80 9 5 690
80 9 6 751
80 9 7 775
80 9 8 776
80 9 9 779
80 9 10 760
100 0 3 1085
100 0 4 1199
100 0 5 1203
100 0 6 1217
100 0 7 835
100 0 8 1062
100 0 9 1182
100 0 10 1215
100 1 3 1019
100 1 4 1166
100 1 5 1126
100 1 6 1060
100 1 7 1236
100 1 8 1276
100 1 9 1255
100 1 10 1052
100 2 3 1262
100 2 4 1232
100 2 5 998
100 2 6 946
100 2 7 1218
100 2 8 1211
100 2 9 1224
100 2 10 1268
100 3 3 1183
100 3 4 1219
100 3 5 1169
100 3 6 1263
100 3 7 1022
100 3 8 1098
100 3 9 1132
100 3 10 1196
100 4 3 1125
100 4 4 1099
100 4 5 1231
100 4 6 553
100 4 7 1242
100 4 8 1004
100 4 9 1097
100 4 10 1177
100 5 3 1252
100 5 4 1220
100 5 5 1146
100 5 6 1159
100 5 7 1216
100 5 8 1241
100 5 9 1125
100 5 10 1203
100 6 3 1253
100 6 4 1192
100 6 5 1253
100 6 6 1198
100 6 7 1101
100 6 8 1176
100 6 9 1175
100 6 10 1242
100 7 3 1007
100 7 4 1191
100 7 5 1189
100 7 6 1037
100 7 7 1202
100 7 8 1221
100 7 9 1237
100 7 10 1167
100 8 3 1211
100 8 4 1123
100 8 5 1154
100 8 6 976
100 8 7 1235
100 8 8 1146
100 8 9 1219
100 8 10 1219
100 9 3 951
100 9 4 1142
100 9 5 1221
100 9 6 1189
100 9 7 1115
100 9 8 1259
100 9 9 1160
100 9 10 1223
