60 0 0 434
60 0 1 423
60 0 2 443
60 1 0 435
60 1 1 444
60 1 2 446
60 2 0 431
60 2 1 442
60 2 2 431
60 3 0 447
60 3 1 438
60 3 2 431
60 4 0 415
60 4 1 441
60 4 2 432
60 5 0 434
60 5 1 443
60 5 2 449
60 6 0 416
60 6 1 458
60 6 2 379
60 7 0 442
60 7 1 441
60 7 2 428
60 8 0 434
60 8 1 438
60 8 2 432
60 9 0 426
60 9 1 438
60 9 2 447
80 0 0 822
80 0 1 801
80 0 2 796
80 1 0 799
80 1 1 782
80 1 2 712
80 2 0 783
80 2 1 798
80 2 2 766
80 3 0 812
80 3 1 774
80 3 2 808
80 4 0 785
80 4 1 801
80 4 2 691
80 5 0 798
80 5 1 790
80 5 2 745
80 6 0 775
80 6 1 755
80 6 2 786
80 7 0 782
80 7 1 783
80 7 2 810
80 8 0 756
80 8 1 789
80 8 2 819
80 9 0 793
80 9 1 800
80 9 2 788
100 0 0 1199
100 0 1 1158
100 0 2 1201
100 1 0 1235
100 1 1 1203
100 1 2 1204
100 2 0 1202
100 2 1 1225
100 2 2 1181
100 3 0 1179
100 3 1 1247
100 3 2 1229
100 4 0 1184
100 4 1 1228
100 4 2 1219
100 5 0 1244
100 5 1 1210
100 5 2 1256
100 6 0 1246
100 6 1 1251
100 6 2 1240
100 7 0 1235
100 7 1 1240
100 7 2 1197
100 8 0 1275
100 8 1 1232
100 8 2 1236
100 9 0 1241
100 9 1 1217
100 9 2 1262
60 0 3 424
60 0 4 450
60 0 5 387
60 0 6 437
60 0 7 443
60 0 8 429
60 0 9 420
60 0 10 420
60 1 3 436
60 1 4 445
60 1 5 453
60 1 6 443
60 1 7 434
60 1 8 450
60 1 9 435
60 1 10 444
60 2 3 452
60 2 4 465
60 2 5 450
60 2 6 458
60 2 7 442
60 2 8 452
60 2 9 412
60 2 10 434
60 3 3 425
60 3 4 441
60 3 5 454
60 3 6 408
60 3 7 432
60 3 8 388
60 3 9 419
60 3 10 430
60 4 3 441
60 4 4 435
60 4 5 449
60 4 6 461
60 4 7 433
60 4 8 421
60 4 9 453
60 4 10 447
60 5 3 444
60 5 4 459
60 5 5 450
60 5 6 446
60 5 7 458
60 5 8 425
60 5 9 445
60 5 10 456
60 6 3 429
60 6 4 414
60 6 5 428
60 6 6 462
60 6 7 398
60 6 8 447
60 6 9 426
60 6 10 423
60 7 3 442
60 7 4 413
60 7 5 360
60 7 6 401
60 7 7 420
60 7 8 453
60 7 9 461
60 7 10 456
60 8 3 448
60 8 4 431
60 8 5 448
60 8 6 453
60 8 7 397
60 8 8 445
60 8 9 463
60 8 10 408
60 9 3 442
60 9 4 441
60 9 5 415
60 9 6 438
60 9 7 420
60 9 8 447
60 9 9 436
60 9 10 445
80 0 3 765
80 0 4 787
80 0 5 795
80 0 6 786
80 0 7 810
80 0 8 790
80 0 9 790
80 0 10 774
80 1 3 754
80 1 4 813
80 1 5 791
80 1 6 793
80 1 7 769
80 1 8 794
80 1 9 819
80 1 10 783
80 2 3 791
80 2 4 792
80 2 5 771
80 2 6 760
80 2 7 777
80 2 8 772
80 2 9 716
80 2 10 817
80 3 3 783
80 3 4 789
80 3 5 807
80 3 6 795
80 3 7 786
80 3 8 794
80 3 9 753
80 3 10 780
80 4 3 806
80 4 4 786
80 4 5 795
80 4 6 808
80 4 7 784
80 4 8 786
80 4 9 787
80 4 10 783
80 5 3 824
80 5 4 780
80 5 5 785
80 5 6 801
80 5 7 751
80 5 8 787
80 5 9 708
80 5 10 773
80 6 3 784
80 6 4 713
80 6 5 779
80 6 6 702
80 6 7 798
80 6 8 767
80 6 9 789
80 6 10 804
80 7 3 799
80 7 4 804
80 7 5 782
80 7 6 807
80 7 7 801
80 7 8 798
80 7 9 808
80 7 10 773
80 8 3 789
80 8 4 775
80 8 5 774
80 8 6 785
80 8 7 779
80 8 8 770
80 8 9 802
80 8 10 790
80 9 3 799
80 9 4 734
80 9 5 773
80 9 6 775
80 9 7 801
80 9 8 771
80 9 9 756
80 9 10 800
100 0 3 1248
100 0 4 1263
100 0 5 1238
100 0 6 1261
100 0 7 1107
100 0 8 1212
100 0 9 1189
100 0 10 1242
100 1 3 1238
100 1 4 1244
100 1 5 1228
100 1 6 1300
100 1 7 1253
100 1 8 1257
100 1 9 1246
100 1 10 1167
100 2 3 1225
100 2 4 1225
100 2 5 1230
100 2 6 1250
100 2 7 1259
100 2 8 1264
100 2 9 1166
100 2 10 1250
100 3 3 1204
100 3 4 1245
100 3 5 1228
100 3 6 1232
100 3 7 1133
100 3 8 1228
100 3 9 1209
100 3 10 1237
100 4 3 1263
100 4 4 1231
100 4 5 1215
100 4 6 1270
100 4 7 1227
100 4 8 1197
100 4 9 1242
100 4 10 1218
100 5 3 1239
100 5 4 1215
100 5 5 1161
100 5 6 1251
100 5 7 1229
100 5 8 1215
100 5 9 1222
100 5 10 1243
100 6 3 1251
100 6 4 1235
100 6 5 1262
100 6 6 1144
100 6 7 1230
100 6 8 1252
100 6 9 1239
100 6 10 1217
100 7 3 1214
100 7 4 1161
100 7 5 1215
100 7 6 1225
100 7 7 1249
100 7 8 1203
100 7 9 1220
100 7 10 1240
100 8 3 1258
100 8 4 1216
100 8 5 1277
100 8 6 1230
100 8 7 1231
100 8 8 1234
100 8 9 1220
100 8 10 1214
100 9 3 1254
100 9 4 1260
100 9 5 1259
100 9 6 1268
100 9 7 1235
100 9 8 1237
100 9 9 1248
100 9 10 1212
