60 0 0 377
60 0 1 354
60 0 2 296
60 0 3 296
60 0 4 138
60 0 5 138
60 0 6 138
60 0 7 138
60 0 8 377
60 0 9 138
60 1 0 356
60 1 1 389
60 1 2 389
60 1 3 175
60 1 4 175
60 1 5 175
60 1 6 175
60 1 7 337
60 1 8 175
60 1 9 264
60 2 0 200
60 2 1 200
60 2 2 200
60 2 3 200
60 2 4 200
60 2 5 200
60 2 6 200
60 2 7 200
60 2 8 200
60 2 9 200
60 3 0 376
60 3 1 292
60 3 2 229
60 3 3 229
60 3 4 378
60 3 5 191
60 3 6 378
60 3 7 297
60 3 8 229
60 3 9 376
60 4 0 127
60 4 1 127
60 4 2 127
60 4 3 127
60 4 4 127
60 4 5 127
60 4 6 127
60 4 7 127
60 4 8 127
60 4 9 127
60 5 0 129
60 5 1 129
60 5 2 129
60 5 3 285
60 5 4 101
60 5 5 156
60 5 6 135
60 5 7 156
60 5 8 210
60 5 9 285
60 6 0 88
60 6 1 88
60 6 2 88
60 6 3 88
60 6 4 88
60 6 5 88
60 6 6 88
60 6 7 88
60 6 8 88
60 6 9 88
60 7 0 173
60 7 1 173
60 7 2 173
60 7 3 173
60 7 4 173
60 7 5 173
60 7 6 173
60 7 7 173
60 7 8 173
60 7 9 173
60 8 0 214
60 8 1 199
60 8 2 204
60 8 3 199
60 8 4 204
60 8 5 204
60 8 6 214
60 8 7 204
60 8 8 214
60 8 9 214
60 9 0 190
60 9 1 93
60 9 2 190
60 9 3 190
60 9 4 189
60 9 5 93
60 9 6 93
60 9 7 93
60 9 8 189
60 9 9 93
80 0 0 215
80 0 1 215
80 0 2 215
80 0 3 215
80 0 4 215
80 0 5 215
80 0 6 215
80 0 7 215
80 0 8 215
80 0 9 215
80 1 0 246
80 1 1 246
80 1 2 313
80 1 3 246
80 1 4 313
80 1 5 313
80 1 6 313
80 1 7 246
80 1 8 246
80 1 9 313
80 2 0 557
80 2 1 220
80 2 2 187
80 2 3 220
80 2 4 441
80 2 5 220
80 2 6 226
80 2 7 557
80 2 8 220
80 2 9 226
80 3 0 317
80 3 1 150
80 3 2 317
80 3 3 317
80 3 4 317
80 3 5 754
80 3 6 754
80 3 7 317
80 3 8 754
80 3 9 754
80 4 0 217
80 4 1 594
80 4 2 442
80 4 3 594
80 4 4 303
80 4 5 287
80 4 6 472
80 4 7 303
80 4 8 217
80 4 9 442
80 5 0 338
80 5 1 338
80 5 2 338
80 5 3 147
80 5 4 246
80 5 5 338
80 5 6 147
80 5 7 246
80 5 8 338
80 5 9 338
80 6 0 236
80 6 1 236
80 6 2 197
80 6 3 197
80 6 4 236
80 6 5 197
80 6 6 197
80 6 7 236
80 6 8 236
80 6 9 197
80 7 0 377
80 7 1 471
80 7 2 357
80 7 3 377
80 7 4 471
80 7 5 726
80 7 6 377
80 7 7 377
80 7 8 315
80 7 9 471
80 8 0 250
80 8 1 250
80 8 2 250
80 8 3 250
80 8 4 250
80 8 5 250
80 8 6 250
80 8 7 250
80 8 8 250
80 8 9 250
80 9 0 779
80 9 1 208
80 9 2 143
80 9 3 779
80 9 4 317
80 9 5 208
80 9 6 143
80 9 7 143
80 9 8 779
80 9 9 143
100 0 0 229
100 0 1 631
100 0 2 631
100 0 3 229
100 0 4 229
100 0 5 229
100 0 6 229
100 0 7 229
100 0 8 405
100 0 9 405
100 1 0 731
100 1 1 319
100 1 2 439
100 1 3 445
100 1 4 439
100 1 5 445
100 1 6 439
100 1 7 439
100 1 8 445
100 1 9 731
100 2 0 314
100 2 1 314
100 2 2 314
100 2 3 314
100 2 4 314
100 2 5 314
100 2 6 314
100 2 7 314
100 2 8 314
100 2 9 314
100 3 0 372
100 3 1 372
100 3 2 372
100 3 3 538
100 3 4 372
100 3 5 372
100 3 6 538
100 3 7 372
100 3 8 538
100 3 9 372
100 4 0 600
100 4 1 372
100 4 2 600
100 4 3 372
100 4 4 372
100 4 5 488
100 4 6 600
100 4 7 600
100 4 8 600
100 4 9 488
100 5 0 197
100 5 1 378
100 5 2 197
100 5 3 197
100 5 4 378
100 5 5 388
100 5 6 378
100 5 7 388
100 5 8 197
100 5 9 554
100 6 0 282
100 6 1 282
100 6 2 282
100 6 3 282
100 6 4 282
100 6 5 282
100 6 6 282
100 6 7 282
100 6 8 282
100 6 9 282
100 7 0 146
100 7 1 146
100 7 2 457
100 7 3 290
100 7 4 457
100 7 5 290
100 7 6 290
100 7 7 457
100 7 8 290
100 7 9 457
100 8 0 602
100 8 1 602
100 8 2 346
100 8 3 602
100 8 4 346
100 8 5 602
100 8 6 346
100 8 7 602
100 8 8 346
100 8 9 346
100 9 0 494
100 9 1 714
100 9 2 604
100 9 3 714
100 9 4 421
100 9 5 714
100 9 6 421
100 9 7 714
100 9 8 714
100 9 9 403
