60 0 0 457
60 0 1 451
60 0 2 447
60 1 0 450
60 1 1 437
60 1 2 441
60 2 0 450
60 2 1 466
60 2 2 442
60 3 0 448
60 3 1 380
60 3 2 447
60 4 0 449
60 4 1 400
60 4 2 362
60 5 0 439
60 5 1 427
60 5 2 437
60 6 0 413
60 6 1 431
60 6 2 461
60 7 0 436
60 7 1 424
60 7 2 415
60 8 0 419
60 8 1 417
60 8 2 467
60 9 0 445
60 9 1 429
60 9 2 449
80 0 0 804
80 0 1 792
80 0 2 774
80 1 0 774
80 1 1 764
80 1 2 792
80 2 0 767
80 2 1 713
80 2 2 760
80 3 0 807
80 3 1 790
80 3 2 796
80 4 0 790
80 4 1 789
80 4 2 774
80 5 0 813
80 5 1 800
80 5 2 762
80 6 0 783
80 6 1 804
80 6 2 782
80 7 0 808
80 7 1 792
80 7 2 783
80 8 0 825
80 8 1 788
80 8 2 767
80 9 0 777
80 9 1 800
80 9 2 797
100 0 0 1211
100 0 1 1238
100 0 2 1236
100 1 0 1199
100 1 1 1188
100 1 2 1166
100 2 0 1186
100 2 1 1189
100 2 2 1226
100 3 0 1212
100 3 1 1213
100 3 2 1206
100 4 0 1199
100 4 1 1246
100 4 2 1192
100 5 0 1249
100 5 1 1218
100 5 2 1256
100 6 0 1238
100 6 1 1194
100 6 2 1270
100 7 0 1245
100 7 1 1217
100 7 2 1188
100 8 0 1212
100 8 1 1246
100 8 2 1273
100 9 0 1220
100 9 1 1166
100 9 2 1249
60 0 3 428
60 0 4 424
60 0 5 423
60 0 6 461
60 0 7 443
60 0 8 454
60 0 9 399
60 0 10 446
60 1 3 421
60 1 4 454
60 1 5 425
60 1 6 434
60 1 7 324
60 1 8 431
60 1 9 425
60 1 10 439
60 2 3 440
60 2 4 440
60 2 5 460
60 2 6 444
60 2 7 370
60 2 8 437
60 2 9 431
60 2 10 454
60 3 3 431
60 3 4 441
60 3 5 409
60 3 6 444
60 3 7 410
60 3 8 435
60 3 9 447
60 3 10 456
60 4 3 449
60 4 4 435
60 4 5 448
60 4 6 411
60 4 7 447
60 4 8 442
60 4 9 433
60 4 10 437
60 5 3 349
60 5 4 460
60 5 5 443
60 5 6 447
60 5 7 450
60 5 8 431
60 5 9 431
60 5 10 435
60 6 3 464
60 6 4 448
60 6 5 412
60 6 6 461
60 6 7 460
60 6 8 442
60 6 9 446
60 6 10 437
60 7 3 425
60 7 4 448
60 7 5 457
60 7 6 426
60 7 7 435
60 7 8 441
60 7 9 460
60 7 10 460
60 8 3 431
60 8 4 457
60 8 5 435
60 8 6 441
60 8 7 443
60 8 8 459
60 8 9 459
60 8 10 456
60 9 3 448
60 9 4 454
60 9 5 440
60 9 6 439
60 9 7 436
60 9 8 430
60 9 9 442
60 9 10 434
80 0 3 775
80 0 4 781
80 0 5 759
80 0 6 775
80 0 7 794
80 0 8 788
80 0 9 814
80 0 10 737
80 1 3 786
80 1 4 792
80 1 5 733
80 1 6 698
80 1 7 790
80 1 8 768
80 1 9 760
80 1 10 696
80 2 3 800
80 2 4 752
80 2 5 782
80 2 6 739
80 2 7 797
80 2 8 770
80 2 9 774
80 2 10 772
80 3 3 787
80 3 4 768
80 3 5 728
80 3 6 810
80 3 7 821
80 3 8 786
80 3 9 748
80 3 10 774
80 4 3 802
80 4 4 775
80 4 5 800
80 4 6 780
80 4 7 745
80 4 8 793
80 4 9 804
80 4 10 733
80 5 3 739
80 5 4 786
80 5 5 773
80 5 6 803
80 5 7 791
80 5 8 796
80 5 9 800
80 5 10 770
80 6 3 677
80 6 4 769
80 6 5 793
80 6 6 761
80 6 7 785
80 6 8 737
80 6 9 798
80 6 10 775
80 7 3 810
80 7 4 813
80 7 5 749
80 7 6 742
80 7 7 767
80 7 8 797
80 7 9 813
80 7 10 780
80 8 3 797
80 8 4 745
80 8 5 769
80 8 6 738
80 8 7 773
80 8 8 755
80 8 9 796
80 8 10 805
80 9 3 805
80 9 4 775
80 9 5 803
80 9 6 785
80 9 7 812
80 9 8 671
80 9 9 771
80 9 10 771
100 0 3 1233
100 0 4 1216
100 0 5 1248
100 0 6 1211
100 0 7 1235
100 0 8 1269
100 0 9 1233
100 0 10 1258
100 1 3 1165
100 1 4 1187
100 1 5 1251
100 1 6 1257
100 1 7 1219
100 1 8 1236
100 1 9 1234
100 1 10 1196
100 2 3 1217
100 2 4 1219
100 2 5 1243
100 2 6 1244
100 2 7 1130
100 2 8 1228
100 2 9 1230
100 2 10 1255
100 3 3 1191
100 3 4 1227
100 3 5 1210
100 3 6 1215
100 3 7 1216
100 3 8 1259
100 3 9 1264
100 3 10 1243
100 4 3 1245
100 4 4 1253
100 4 5 1243
100 4 6 1239
100 4 7 1240
100 4 8 1243
100 4 9 1246
100 4 10 1222
100 5 3 1239
100 5 4 1236
100 5 5 1244
100 5 6 1233
100 5 7 1218
100 5 8 1216
100 5 9 1241
100 5 10 1239
100 6 3 1214
100 6 4 1225
100 6 5 1269
100 6 6 1236
100 6 7 1205
100 6 8 1214
100 6 9 1258
100 6 10 1217
100 7 3 1134
100 7 4 1252
100 7 5 1246
100 7 6 1220
100 7 7 1096
100 7 8 1121
100 7 9 1189
100 7 10 1149
100 8 3 1207
100 8 4 1233
100 8 5 1252
100 8 6 1237
100 8 7 1141
100 8 8 1233
100 8 9 1239
100 8 10 1255
100 9 3 1211
100 9 4 1229
100 9 5 1180
100 9 6 1232
100 9 7 1127
100 9 8 1198
100 9 9 1189
100 9 10 1252
