60 0 0 448
60 0 1 451
60 0 2 452
60 1 0 458
60 1 1 460
60 1 2 446
60 2 0 442
60 2 1 417
60 2 2 423
60 3 0 409
60 3 1 452
60 3 2 438
60 4 0 434
60 4 1 463
60 4 2 439
60 5 0 451
60 5 1 435
60 5 2 437
60 6 0 454
60 6 1 427
60 6 2 362
60 7 0 454
60 7 1 452
60 7 2 442
60 8 0 437
60 8 1 434
60 8 2 464
60 9 0 449
60 9 1 437
60 9 2 446
80 0 0 781
80 0 1 797
80 0 2 784
80 1 0 770
80 1 1 765
80 1 2 813
80 2 0 766
80 2 1 788
80 2 2 795
80 3 0 742
80 3 1 784
80 3 2 793
80 4 0 810
80 4 1 780
80 4 2 815
80 5 0 760
80 5 1 780
80 5 2 793
80 6 0 806
80 6 1 759
80 6 2 707
80 7 0 773
80 7 1 824
80 7 2 830
80 8 0 781
80 8 1 804
80 8 2 783
80 9 0 782
80 9 1 746
80 9 2 803
100 0 0 1259
100 0 1 1218
100 0 2 1225
100 1 0 1245
100 1 1 1255
100 1 2 1218
100 2 0 1237
100 2 1 1240
100 2 2 1218
100 3 0 1258
100 3 1 1176
100 3 2 1274
100 4 0 1192
100 4 1 1259
100 4 2 1239
100 5 0 1215
100 5 1 1227
100 5 2 1194
100 6 0 1252
100 6 1 1231
100 6 2 1230
100 7 0 1244
100 7 1 1222
100 7 2 1247
100 8 0 1263
100 8 1 1172
100 8 2 1216
100 9 0 1239
100 9 1 1211
100 9 2 1232
60 0 3 438
60 0 4 438
60 0 5 433
60 0 6 444
60 0 7 442
60 0 8 453
60 0 9 408
60 0 10 442
60 1 3 410
60 1 4 455
60 1 5 414
60 1 6 452
60 1 7 442
60 1 8 455
60 1 9 439
60 1 10 451
60 2 3 451
60 2 4 448
60 2 5 440
60 2 6 434
60 2 7 420
60 2 8 438
60 2 9 468
60 2 10 432
60 3 3 430
60 3 4 449
60 3 5 385
60 3 6 450
60 3 7 404
60 3 8 445
60 3 9 382
60 3 10 434
60 4 3 456
60 4 4 420
60 4 5 449
60 4 6 450
60 4 7 453
60 4 8 459
60 4 9 403
60 4 10 418
60 5 3 445
60 5 4 408
60 5 5 405
60 5 6 428
60 5 7 451
60 5 8 441
60 5 9 440
60 5 10 440
60 6 3 436
60 6 4 435
60 6 5 436
60 6 6 436
60 6 7 442
60 6 8 432
60 6 9 412
60 6 10 435
60 7 3 425
60 7 4 412
60 7 5 382
60 7 6 446
60 7 7 417
60 7 8 441
60 7 9 451
60 7 10 449
60 8 3 432
60 8 4 429
60 8 5 428
60 8 6 419
60 8 7 447
60 8 8 406
60 8 9 431
60 8 10 452
60 9 3 465
60 9 4 448
60 9 5 439
60 9 6 450
60 9 7 426
60 9 8 423
60 9 9 450
60 9 10 447
80 0 3 793
80 0 4 753
80 0 5 807
80 0 6 779
80 0 7 803
80 0 8 798
80 0 9 808
80 0 10 797
80 1 3 773
80 1 4 722
80 1 5 808
80 1 6 706
80 1 7 759
80 1 8 825
80 1 9 748
80 1 10 767
80 2 3 769
80 2 4 829
80 2 5 774
80 2 6 809
80 2 7 806
80 2 8 784
80 2 9 772
80 2 10 735
80 3 3 791
80 3 4 806
80 3 5 769
80 3 6 739
80 3 7 782
80 3 8 791
80 3 9 756
80 3 10 773
80 4 3 747
80 4 4 767
80 4 5 762
80 4 6 815
80 4 7 787
80 4 8 786
80 4 9 806
80 4 10 785
80 5 3 776
80 5 4 787
80 5 5 772
80 5 6 788
80 5 7 767
80 5 8 812
80 5 9 790
80 5 10 813
80 6 3 794
80 6 4 771
80 6 5 817
80 6 6 786
80 6 7 807
80 6 8 787
80 6 9 784
80 6 10 759
80 7 3 783
80 7 4 776
80 7 5 799
80 7 6 783
80 7 7 794
80 7 8 797
80 7 9 768
80 7 10 813
80 8 3 798
80 8 4 798
80 8 5 796
80 8 6 793
80 8 7 748
80 8 8 793
80 8 9 779
80 8 10 773
80 9 3 779
80 9 4 767
80 9 5 771
80 9 6 816
80 9 7 796
80 9 8 780
80 9 9 770
80 9 10 765
100 0 3 1219
100 0 4 1245
100 0 5 1201
100 0 6 1256
100 0 7 1253
100 0 8 1252
100 0 9 1237
100 0 10 1232
100 1 3 1175
100 1 4 1259
100 1 5 1246
100 1 6 1239
100 1 7 1226
100 1 8 1233
100 1 9 1216
100 1 10 1180
100 2 3 1198
100 2 4 1248
100 2 5 1275
100 2 6 1216
100 2 7 1115
100 2 8 1229
100 2 9 1251
100 2 10 1193
100 3 3 1279
100 3 4 1235
100 3 5 1192
100 3 6 1240
100 3 7 1232
100 3 8 1252
100 3 9 1236
100 3 10 1222
100 4 3 1238
100 4 4 1201
100 4 5 1187
100 4 6 1242
100 4 7 1215
100 4 8 1235
100 4 9 1253
100 4 10 1219
100 5 3 1257
100 5 4 1253
100 5 5 1235
100 5 6 1212
100 5 7 1231
100 5 8 1251
100 5 9 1234
100 5 10 1211
100 6 3 1269
100 6 4 1234
100 6 5 1223
100 6 6 1179
100 6 7 1193
100 6 8 1177
100 6 9 1228
100 6 10 1209
100 7 3 1209
100 7 4 1204
100 7 5 1163
100 7 6 1237
100 7 7 1222
100 7 8 1210
100 7 9 1243
100 7 10 1214
100 8 3 1228
100 8 4 1232
100 8 5 1261
100 8 6 1231
100 8 7 1196
100 8 8 1097
100 8 9 1215
100 8 10 1237
100 9 3 1279
100 9 4 1225
100 9 5 1223
100 9 6 1253
100 9 7 1268
100 9 8 1255
100 9 9 1204
100 9 10 1245
