60 0 0 450
60 0 1 387
60 0 2 421
60 1 0 324
60 1 1 360
60 1 2 428
60 2 0 448
60 2 1 359
60 2 2 439
60 3 0 444
60 3 1 455
60 3 2 426
60 4 0 423
60 4 1 382
60 4 2 368
60 5 0 432
60 5 1 441
60 5 2 434
60 6 0 443
60 6 1 470
60 6 2 446
60 7 0 440
60 7 1 455
60 7 2 350
60 8 0 449
60 8 1 384
60 8 2 379
60 9 0 442
60 9 1 425
60 9 2 424
80 0 0 799
80 0 1 770
80 0 2 672
80 1 0 787
80 1 1 769
80 1 2 577
80 2 0 700
80 2 1 787
80 2 2 810
80 3 0 779
80 3 1 774
80 3 2 756
80 4 0 732
80 4 1 792
80 4 2 743
80 5 0 768
80 5 1 742
80 5 2 788
80 6 0 773
80 6 1 736
80 6 2 743
80 7 0 788
80 7 1 657
80 7 2 648
80 8 0 712
80 8 1 777
80 8 2 715
80 9 0 789
80 9 1 771
80 9 2 670
100 0 0 1201
100 0 1 1214
100 0 2 1252
100 1 0 1134
100 1 1 1233
100 1 2 1159
100 2 0 1245
100 2 1 1171
100 2 2 1246
100 3 0 1209
100 3 1 1203
100 3 2 1260
100 4 0 1184
100 4 1 1226
100 4 2 1212
100 5 0 1257
100 5 1 1256
100 5 2 1199
100 6 0 1195
100 6 1 1220
100 6 2 1195
100 7 0 1231
100 7 1 1169
100 7 2 1228
100 8 0 1222
100 8 1 1207
100 8 2 1279
100 9 0 1139
100 9 1 1249
100 9 2 1231
60 0 3 424
60 0 4 441
60 0 5 435
60 0 6 442
60 0 7 426
60 0 8 451
60 0 9 436
60 0 10 424
60 1 3 436
60 1 4 409
60 1 5 423
60 1 6 413
60 1 7 432
60 1 8 418
60 1 9 443
60 1 10 398
60 2 3 444
60 2 4 410
60 2 5 391
60 2 6 398
60 2 7 303
60 2 8 399
60 2 9 417
60 2 10 449
60 3 3 442
60 3 4 410
60 3 5 456
60 3 6 365
60 3 7 419
60 3 8 451
60 3 9 383
60 3 10 454
60 4 3 431
60 4 4 443
60 4 5 420
60 4 6 453
60 4 7 356
60 4 8 436
60 4 9 434
60 4 10 440
60 5 3 430
60 5 4 361
60 5 5 416
60 5 6 413
60 5 7 417
60 5 8 454
60 5 9 433
60 5 10 412
60 6 3 443
60 6 4 434
60 6 5 469
60 6 6 450
60 6 7 375
60 6 8 388
60 6 9 422
60 6 10 455
60 7 3 377
60 7 4 439
60 7 5 406
60 7 6 427
60 7 7 455
60 7 8 419
60 7 9 408
60 7 10 466
60 8 3 391
60 8 4 447
60 8 5 406
60 8 6 405
60 8 7 445
60 8 8 382
60 8 9 443
60 8 10 434
60 9 3 421
60 9 4 421
60 9 5 431
60 9 6 445
60 9 7 440
60 9 8 443
60 9 9 441
60 9 10 438
80 0 3 591
80 0 4 805
80 0 5 798
80 0 6 790
80 0 7 796
80 0 8 783
80 0 9 782
80 0 10 676
80 1 3 798
80 1 4 785
80 1 5 792
80 1 6 760
80 1 7 777
80 1 8 770
80 1 9 776
80 1 10 772
80 2 3 803
80 2 4 746
80 2 5 759
80 2 6 776
80 2 7 777
80 2 8 807
80 2 9 802
80 2 10 799
80 3 3 766
80 3 4 814
80 3 5 756
80 3 6 758
80 3 7 721
80 3 8 805
80 3 9 740
80 3 10 759
80 4 3 776
80 4 4 785
80 4 5 783
80 4 6 792
80 4 7 764
80 4 8 768
80 4 9 802
80 4 10 766
80 5 3 801
80 5 4 789
80 5 5 788
80 5 6 803
80 5 7 793
80 5 8 798
80 5 9 776
80 5 10 757
80 6 3 776
80 6 4 775
80 6 5 816
80 6 6 786
80 6 7 770
80 6 8 805
80 6 9 792
80 6 10 804
80 7 3 813
80 7 4 764
80 7 5 652
80 7 6 797
80 7 7 788
80 7 8 744
80 7 9 802
80 7 10 822
80 8 3 763
80 8 4 781
80 8 5 802
80 8 6 688
80 8 7 718
80 8 8 798
80 8 9 798
80 8 10 791
80 9 3 765
80 9 4 752
80 9 5 749
80 9 6 788
80 9 7 771
80 9 8 671
80 9 9 771
80 9 10 791
100 0 3 1247
100 0 4 1222
100 0 5 1160
100 0 6 1243
100 0 7 1232
100 0 8 1217
100 0 9 1253
100 0 10 1151
100 1 3 1226
100 1 4 1230
100 1 5 1231
100 1 6 1217
100 1 7 1251
100 1 8 1200
100 1 9 1261
100 1 10 1182
100 2 3 1213
100 2 4 1228
100 2 5 1125
100 2 6 1212
100 2 7 1232
100 2 8 1251
100 2 9 1221
100 2 10 1213
100 3 3 1215
100 3 4 1234
100 3 5 1238
100 3 6 1252
100 3 7 1246
100 3 8 1216
100 3 9 1234
100 3 10 1234
100 4 3 1250
100 4 4 1208
100 4 5 1248
100 4 6 1228
100 4 7 1228
100 4 8 1201
100 4 9 1178
100 4 10 1262
100 5 3 1255
100 5 4 1205
100 5 5 1165
100 5 6 1249
100 5 7 1212
100 5 8 1237
100 5 9 1111
100 5 10 1141
100 6 3 1233
100 6 4 1216
100 6 5 1187
100 6 6 1212
100 6 7 1183
100 6 8 1223
100 6 9 1203
100 6 10 1240
100 7 3 1222
100 7 4 1193
100 7 5 1202
100 7 6 1095
100 7 7 1270
100 7 8 1242
100 7 9 1187
100 7 10 1251
100 8 3 1200
100 8 4 1159
100 8 5 1223
100 8 6 1231
100 8 7 1212
100 8 8 1083
100 8 9 1229
100 8 10 1264
100 9 3 1246
100 9 4 1183
100 9 5 1238
100 9 6 1227
100 9 7 1165
100 9 8 1196
100 9 9 1229
100 9 10 1149
