60 0 0 59
60 0 1 173
60 0 2 374
60 0 3 320
60 0 4 433
60 0 5 147
60 0 6 382
60 0 7 366
60 0 8 146
60 0 9 94
60 1 0 213
60 1 1 376
60 1 2 309
60 1 3 188
60 1 4 110
60 1 5 416
60 1 6 407
60 1 7 292
60 1 8 114
60 1 9 285
60 2 0 293
60 2 1 397
60 2 2 200
60 2 3 129
60 2 4 152
60 2 5 365
60 2 6 440
60 2 7 436
60 2 8 305
60 2 9 401
60 3 0 159
60 3 1 378
60 3 2 436
60 3 3 370
60 3 4 229
60 3 5 448
60 3 6 112
60 3 7 161
60 3 8 442
60 3 9 189
60 4 0 423
60 4 1 427
60 4 2 452
60 4 3 288
60 4 4 389
60 4 5 354
60 4 6 418
60 4 7 358
60 4 8 432
60 4 9 380
60 5 0 129
60 5 1 157
60 5 2 103
60 5 3 348
60 5 4 386
60 5 5 135
60 5 6 183
60 5 7 114
60 5 8 350
60 5 9 264
60 6 0 276
60 6 1 445
60 6 2 262
60 6 3 112
60 6 4 398
60 6 5 288
60 6 6 441
60 6 7 398
60 6 8 297
60 6 9 417
60 7 0 121
60 7 1 324
60 7 2 420
60 7 3 418
60 7 4 377
60 7 5 426
60 7 6 417
60 7 7 377
60 7 8 418
60 7 9 382
60 8 0 360
60 8 1 84
60 8 2 143
60 8 3 416
60 8 4 143
60 8 5 180
60 8 6 416
60 8 7 143
60 8 8 329
60 8 9 35
60 9 0 383
60 9 1 410
60 9 2 387
60 9 3 404
60 9 4 94
60 9 5 396
60 9 6 434
60 9 7 372
60 9 8 383
60 9 9 142
80 0 0 771
80 0 1 303
80 0 2 691
80 0 3 38
80 0 4 705
80 0 5 518
80 0 6 468
80 0 7 691
80 0 8 303
80 0 9 418
80 1 0 432
80 1 1 36
80 1 2 289
80 1 3 169
80 1 4 456
80 1 5 505
80 1 6 552
80 1 7 371
80 1 8 772
80 1 9 737
80 2 0 706
80 2 1 186
80 2 2 520
80 2 3 730
80 2 4 671
80 2 5 764
80 2 6 732
80 2 7 260
80 2 8 120
80 2 9 466
80 3 0 790
80 3 1 565
80 3 2 555
80 3 3 523
80 3 4 422
80 3 5 552
80 3 6 430
80 3 7 783
80 3 8 773
80 3 9 212
80 4 0 775
80 4 1 699
80 4 2 775
80 4 3 672
80 4 4 189
80 4 5 277
80 4 6 80
80 4 7 565
80 4 8 731
80 4 9 230
80 5 0 500
80 5 1 214
80 5 2 367
80 5 3 217
80 5 4 584
80 5 5 672
80 5 6 685
80 5 7 434
80 5 8 781
80 5 9 771
80 6 0 385
80 6 1 588
80 6 2 573
80 6 3 418
80 6 4 677
80 6 5 553
80 6 6 543
80 6 7 598
80 6 8 528
80 6 9 605
80 7 0 773
80 7 1 39
80 7 2 532
80 7 3 155
80 7 4 743
80 7 5 315
80 7 6 247
80 7 7 680
80 7 8 39
80 7 9 779
80 8 0 284
80 8 1 473
80 8 2 40
80 8 3 763
80 8 4 661
80 8 5 366
80 8 6 725
80 8 7 220
80 8 8 743
80 8 9 780
80 9 0 342
80 9 1 547
80 9 2 443
80 9 3 767
80 9 4 367
80 9 5 498
80 9 6 478
80 9 7 282
80 9 8 386
80 9 9 310
100 0 0 788
100 0 1 1129
100 0 2 519
100 0 3 1250
100 0 4 566
100 0 5 1032
100 0 6 317
100 0 7 563
100 0 8 1007
100 0 9 482
100 1 0 957
100 1 1 1234
100 1 2 1225
100 1 3 318
100 1 4 1239
100 1 5 239
100 1 6 497
100 1 7 792
100 1 8 671
100 1 9 286
100 2 0 1225
100 2 1 1186
100 2 2 997
100 2 3 1063
100 2 4 1206
100 2 5 1186
100 2 6 1218
100 2 7 1218
100 2 8 584
100 2 9 1236
100 3 0 1072
100 3 1 1214
100 3 2 1035
100 3 3 186
100 3 4 934
100 3 5 1194
100 3 6 985
100 3 7 93
100 3 8 433
100 3 9 41
100 4 0 756
100 4 1 745
100 4 2 1224
100 4 3 898
100 4 4 1081
100 4 5 1071
100 4 6 1230
100 4 7 1127
100 4 8 1223
100 4 9 578
100 5 0 915
100 5 1 1244
100 5 2 915
100 5 3 1116
100 5 4 1194
100 5 5 437
100 5 6 1182
100 5 7 1136
100 5 8 684
100 5 9 1242
100 6 0 504
100 6 1 505
100 6 2 540
100 6 3 462
100 6 4 581
100 6 5 505
100 6 6 855
100 6 7 329
100 6 8 540
100 6 9 540
100 7 0 687
100 7 1 745
100 7 2 852
100 7 3 1180
100 7 4 852
100 7 5 1233
100 7 6 462
100 7 7 1051
100 7 8 942
100 7 9 156
100 8 0 605
100 8 1 343
100 8 2 1155
100 8 3 569
100 8 4 1222
100 8 5 250
100 8 6 467
100 8 7 392
100 8 8 778
100 8 9 467
100 9 0 1090
100 9 1 802
100 9 2 1144
100 9 3 241
100 9 4 478
100 9 5 1002
100 9 6 1123
100 9 7 195
100 9 8 279
100 9 9 192
