60 0 0 460
60 0 1 435
60 0 2 405
60 1 0 438
60 1 1 404
60 1 2 432
60 2 0 430
60 2 1 427
60 2 2 404
60 3 0 462
60 3 1 431
60 3 2 438
60 4 0 434
60 4 1 436
60 4 2 460
60 5 0 440
60 5 1 444
60 5 2 452
60 6 0 458
60 6 1 444
60 6 2 404
60 7 0 449
60 7 1 430
60 7 2 448
60 8 0 438
60 8 1 425
60 8 2 447
60 9 0 397
60 9 1 355
60 9 2 456
80 0 0 795
80 0 1 771
80 0 2 755
80 1 0 635
80 1 1 661
80 1 2 782
80 2 0 795
80 2 1 789
80 2 2 770
80 3 0 764
80 3 1 803
80 3 2 816
80 4 0 776
80 4 1 782
80 4 2 743
80 5 0 749
80 5 1 673
80 5 2 775
80 6 0 775
80 6 1 778
80 6 2 742
80 7 0 780
80 7 1 703
80 7 2 776
80 8 0 797
80 8 1 770
80 8 2 805
80 9 0 772
80 9 1 804
80 9 2 574
100 0 0 1258
100 0 1 1233
100 0 2 1265
100 1 0 1243
100 1 1 1243
100 1 2 1242
100 2 0 1181
100 2 1 1214
100 2 2 1238
100 3 0 1260
100 3 1 1261
100 3 2 1247
100 4 0 1186
100 4 1 1230
100 4 2 1257
100 5 0 1222
100 5 1 1256
100 5 2 1223
100 6 0 1182
100 6 1 1188
100 6 2 1207
100 7 0 1158
100 7 1 1265
100 7 2 1218
100 8 0 1205
100 8 1 1208
100 8 2 1220
100 9 0 1252
100 9 1 1253
100 9 2 1205
60 0 3 446
60 0 4 435
60 0 5 446
60 0 6 454
60 0 7 451
60 0 8 417
60 0 9 441
60 0 10 442
60 1 3 435
60 1 4 453
60 1 5 416
60 1 6 419
60 1 7 419
60 1 8 453
60 1 9 441
60 1 10 445
60 2 3 402
60 2 4 428
60 2 5 420
60 2 6 436
60 2 7 432
60 2 8 451
60 2 9 453
60 2 10 420
60 3 3 438
60 3 4 423
60 3 5 426
60 3 6 428
60 3 7 366
60 3 8 425
60 3 9 454
60 3 10 401
60 4 3 410
60 4 4 462
60 4 5 421
60 4 6 446
60 4 7 423
60 4 8 437
60 4 9 453
60 4 10 420
60 5 3 437
60 5 4 435
60 5 5 356
60 5 6 409
60 5 7 453
60 5 8 459
60 5 9 450
60 5 10 425
60 6 3 435
60 6 4 454
60 6 5 418
60 6 6 425
60 6 7 392
60 6 8 419
60 6 9 453
60 6 10 454
60 7 3 458
60 7 4 441
60 7 5 435
60 7 6 434
60 7 7 447
60 7 8 439
60 7 9 425
60 7 10 448
60 8 3 415
60 8 4 460
60 8 5 439
60 8 6 434
60 8 7 429
60 8 8 420
60 8 9 427
60 8 10 418
60 9 3 445
60 9 4 443
60 9 5 437
60 9 6 420
60 9 7 432
60 9 8 449
60 9 9 466
60 9 10 449
80 0 3 792
80 0 4 792
80 0 5 805
80 0 6 811
80 0 7 748
80 0 8 810
80 0 9 718
80 0 10 808
80 1 3 724
80 1 4 783
80 1 5 790
80 1 6 781
80 1 7 798
80 1 8 752
80 1 9 737
80 1 10 745
80 2 3 790
80 2 4 765
80 2 5 784
80 2 6 760
80 2 7 703
80 2 8 791
80 2 9 715
80 2 10 785
80 3 3 822
80 3 4 800
80 3 5 811
80 3 6 826
80 3 7 773
80 3 8 757
80 3 9 797
80 3 10 809
80 4 3 777
80 4 4 724
80 4 5 723
80 4 6 794
80 4 7 693
80 4 8 780
80 4 9 774
80 4 10 836
80 5 3 749
80 5 4 787
80 5 5 768
80 5 6 808
80 5 7 777
80 5 8 742
80 5 9 748
80 5 10 790
80 6 3 772
80 6 4 771
80 6 5 745
80 6 6 790
80 6 7 780
80 6 8 761
80 6 9 770
80 6 10 776
80 7 3 796
80 7 4 752
80 7 5 809
80 7 6 793
80 7 7 806
80 7 8 781
80 7 9 743
80 7 10 752
80 8 3 765
80 8 4 731
80 8 5 792
80 8 6 779
80 8 7 769
80 8 8 792
80 8 9 773
80 8 10 784
80 9 3 766
80 9 4 801
80 9 5 787
80 9 6 778
80 9 7 804
80 9 8 785
80 9 9 798
80 9 10 781
100 0 3 1067
100 0 4 1233
100 0 5 1250
100 0 6 1215
100 0 7 1229
100 0 8 1253
100 0 9 1231
100 0 10 1236
100 1 3 1258
100 1 4 1249
100 1 5 1253
100 1 6 1202
100 1 7 1241
100 1 8 1175
100 1 9 1260
100 1 10 1227
100 2 3 1222
100 2 4 1187
100 2 5 1187
100 2 6 1239
100 2 7 1212
100 2 8 1116
100 2 9 1211
100 2 10 1234
100 3 3 1117
100 3 4 1229
100 3 5 1241
100 3 6 1188
100 3 7 1158
100 3 8 1230
100 3 9 1259
100 3 10 1245
100 4 3 1241
100 4 4 1238
100 4 5 1082
100 4 6 1208
100 4 7 1246
100 4 8 1229
100 4 9 1221
100 4 10 1222
100 5 3 1242
100 5 4 1080
100 5 5 1234
100 5 6 1253
100 5 7 1233
100 5 8 1257
100 5 9 1246
100 5 10 1232
100 6 3 1254
100 6 4 1204
100 6 5 1259
100 6 6 1241
100 6 7 1254
100 6 8 1218
100 6 9 1222
100 6 10 1250
100 7 3 1239
100 7 4 1190
100 7 5 1228
100 7 6 1234
100 7 7 1252
100 7 8 1132
100 7 9 1254
100 7 10 1200
100 8 3 1198
100 8 4 1166
100 8 5 1259
100 8 6 1260
100 8 7 1223
100 8 8 1240
100 8 9 1232
100 8 10 1235
100 9 3 1242
100 9 4 1258
100 9 5 1175
100 9 6 1253
100 9 7 1201
100 9 8 1209
100 9 9 1161
100 9 10 1160
