60 0 0 438
60 0 1 387
60 0 2 431
60 1 0 451
60 1 1 416
60 1 2 402
60 2 0 411
60 2 1 445
60 2 2 274
60 3 0 442
60 3 1 457
60 3 2 368
60 4 0 440
60 4 1 435
60 4 2 419
60 5 0 397
60 5 1 439
60 5 2 358
60 6 0 428
60 6 1 441
60 6 2 428
60 7 0 435
60 7 1 392
60 7 2 409
60 8 0 449
60 8 1 401
60 8 2 441
60 9 0 459
60 9 1 428
60 9 2 404
80 0 0 761
80 0 1 816
80 0 2 782
80 1 0 783
80 1 1 782
80 1 2 752
80 2 0 721
80 2 1 773
80 2 2 800
80 3 0 767
80 3 1 681
80 3 2 783
80 4 0 801
80 4 1 751
80 4 2 656
80 5 0 795
80 5 1 786
80 5 2 801
80 6 0 806
80 6 1 787
80 6 2 759
80 7 0 790
80 7 1 760
80 7 2 721
80 8 0 665
80 8 1 591
80 8 2 782
80 9 0 724
80 9 1 800
80 9 2 776
100 0 0 1163
100 0 1 1248
100 0 2 1207
100 1 0 1167
100 1 1 1189
100 1 2 1229
100 2 0 1195
100 2 1 1188
100 2 2 1204
100 3 0 1228
100 3 1 1237
100 3 2 1229
100 4 0 1222
100 4 1 1182
100 4 2 1202
100 5 0 1215
100 5 1 1204
100 5 2 1153
100 6 0 1220
100 6 1 1114
100 6 2 1116
100 7 0 1124
100 7 1 1207
100 7 2 1238
100 8 0 1186
100 8 1 1182
100 8 2 1079
100 9 0 1220
100 9 1 1237
100 9 2 1119
60 0 3 440
60 0 4 431
60 0 5 422
60 0 6 436
60 0 7 454
60 0 8 434
60 0 9 403
60 0 10 436
60 1 3 462
60 1 4 447
60 1 5 440
60 1 6 431
60 1 7 378
60 1 8 409
60 1 9 442
60 1 10 430
60 2 3 421
60 2 4 423
60 2 5 320
60 2 6 421
60 2 7 438
60 2 8 433
60 2 9 424
60 2 10 458
60 3 3 414
60 3 4 445
60 3 5 431
60 3 6 450
60 3 7 421
60 3 8 443
60 3 9 443
60 3 10 409
60 4 3 437
60 4 4 431
60 4 5 454
60 4 6 389
60 4 7 409
60 4 8 454
60 4 9 445
60 4 10 455
60 5 3 418
60 5 4 437
60 5 5 419
60 5 6 445
60 5 7 432
60 5 8 453
60 5 9 419
60 5 10 389
60 6 3 434
60 6 4 457
60 6 5 433
60 6 6 443
60 6 7 387
60 6 8 415
60 6 9 449
60 6 10 429
60 7 3 448
60 7 4 421
60 7 5 450
60 7 6 309
60 7 7 434
60 7 8 424
60 7 9 411
60 7 10 371
60 8 3 403
60 8 4 446
60 8 5 428
60 8 6 422
60 8 7 436
60 8 8 441
60 8 9 419
60 8 10 446
60 9 3 422
60 9 4 423
60 9 5 442
60 9 6 436
60 9 7 453
60 9 8 470
60 9 9 435
60 9 10 421
80 0 3 809
80 0 4 793
80 0 5 797
80 0 6 689
80 0 7 786
80 0 8 819
80 0 9 776
80 0 10 638
80 1 3 798
80 1 4 549
80 1 5 798
80 1 6 788
80 1 7 775
80 1 8 734
80 1 9 749
80 1 10 793
80 2 3 785
80 2 4 795
80 2 5 708
80 2 6 784
80 2 7 774
80 2 8 772
80 2 9 772
80 2 10 678
80 3 3 763
80 3 4 799
80 3 5 738
80 3 6 776
80 3 7 793
80 3 8 790
80 3 9 749
80 3 10 780
80 4 3 604
80 4 4 777
80 4 5 795
80 4 6 726
80 4 7 775
80 4 8 782
80 4 9 782
80 4 10 766
80 5 3 748
80 5 4 807
80 5 5 768
80 5 6 757
80 5 7 685
80 5 8 749
80 5 9 772
80 5 10 744
80 6 3 784
80 6 4 781
80 6 5 709
80 6 6 773
80 6 7 788
80 6 8 799
80 6 9 753
80 6 10 793
80 7 3 770
80 7 4 681
80 7 5 672
80 7 6 786
80 7 7 794
80 7 8 774
80 7 9 765
80 7 10 667
80 8 3 789
80 8 4 781
80 8 5 757
80 8 6 808
80 8 7 796
80 8 8 757
80 8 9 795
80 8 10 790
80 9 3 802
80 9 4 774
80 9 5 793
80 9 6 772
80 9 7 756
80 9 8 746
80 9 9 788
80 9 10 782
100 0 3 1256
100 0 4 1165
100 0 5 1227
100 0 6 1235
100 0 7 1201
100 0 8 1234
100 0 9 1270
100 0 10 1207
100 1 3 1205
100 1 4 1253
100 1 5 1144
100 1 6 1242
100 1 7 986
100 1 8 1216
100 1 9 1194
100 1 10 1224
100 2 3 1232
100 2 4 1204
100 2 5 1224
100 2 6 1205
100 2 7 1201
100 2 8 1212
100 2 9 1223
100 2 10 1246
100 3 3 1159
100 3 4 1170
100 3 5 1231
100 3 6 1178
100 3 7 1204
100 3 8 1095
100 3 9 1226
100 3 10 1226
100 4 3 1182
100 4 4 1040
100 4 5 1228
100 4 6 1223
100 4 7 1158
100 4 8 1207
100 4 9 1249
100 4 10 1220
100 5 3 1256
100 5 4 1215
100 5 5 1174
100 5 6 1182
100 5 7 1187
100 5 8 1238
100 5 9 1234
100 5 10 1194
100 6 3 1200
100 6 4 1140
100 6 5 1227
100 6 6 1149
100 6 7 1210
100 6 8 1197
100 6 9 1169
100 6 10 1179
100 7 3 1188
100 7 4 1177
100 7 5 1239
100 7 6 1233
100 7 7 1255
100 7 8 1185
100 7 9 1269
100 7 10 1254
100 8 3 1240
100 8 4 1208
100 8 5 1231
100 8 6 1032
100 8 7 1193
100 8 8 1106
100 8 9 1025
100 8 10 1099
100 9 3 1263
100 9 4 1206
100 9 5 1091
100 9 6 1224
100 9 7 1205
100 9 8 1109
100 9 9 1263
100 9 10 1221
