60 0 0 446
60 0 1 377
60 0 2 444
60 1 0 430
60 1 1 455
60 1 2 438
60 2 0 458
60 2 1 436
60 2 2 425
60 3 0 452
60 3 1 429
60 3 2 443
60 4 0 406
60 4 1 398
60 4 2 455
60 5 0 435
60 5 1 434
60 5 2 427
60 6 0 387
60 6 1 440
60 6 2 393
60 7 0 422
60 7 1 448
60 7 2 448
60 8 0 439
60 8 1 400
60 8 2 449
60 9 0 450
60 9 1 440
60 9 2 432
80 0 0 729
80 0 1 816
80 0 2 781
80 1 0 808
80 1 1 798
80 1 2 783
80 2 0 696
80 2 1 781
80 2 2 778
80 3 0 772
80 3 1 763
80 3 2 786
80 4 0 761
80 4 1 786
80 4 2 669
80 5 0 775
80 5 1 816
80 5 2 733
80 6 0 777
80 6 1 752
80 6 2 809
80 7 0 742
80 7 1 793
80 7 2 808
80 8 0 802
80 8 1 801
80 8 2 752
80 9 0 794
80 9 1 786
80 9 2 788
100 0 0 1240
100 0 1 1237
100 0 2 1197
100 1 0 1177
100 1 1 1264
100 1 2 1244
100 2 0 1244
100 2 1 1219
100 2 2 1161
100 3 0 1188
100 3 1 1226
100 3 2 1232
100 4 0 1118
100 4 1 1194
100 4 2 1252
100 5 0 1185
100 5 1 1203
100 5 2 1196
100 6 0 1266
100 6 1 1220
100 6 2 1237
100 7 0 1239
100 7 1 1237
100 7 2 1241
100 8 0 1230
100 8 1 1161
100 8 2 1242
100 9 0 1234
100 9 1 1238
100 9 2 1256
60 0 3 461
60 0 4 442
60 0 5 445
60 0 6 438
60 0 7 443
60 0 8 432
60 0 9 437
60 0 10 442
60 1 3 411
60 1 4 412
60 1 5 462
60 1 6 425
60 1 7 440
60 1 8 420
60 1 9 447
60 1 10 437
60 2 3 409
60 2 4 430
60 2 5 450
60 2 6 406
60 2 7 448
60 2 8 448
60 2 9 442
60 2 10 443
60 3 3 449
60 3 4 446
60 3 5 460
60 3 6 465
60 3 7 429
60 3 8 427
60 3 9 400
60 3 10 444
60 4 3 440
60 4 4 426
60 4 5 438
60 4 6 432
60 4 7 422
60 4 8 404
60 4 9 459
60 4 10 393
60 5 3 399
60 5 4 418
60 5 5 417
60 5 6 448
60 5 7 448
60 5 8 410
60 5 9 443
60 5 10 437
60 6 3 416
60 6 4 426
60 6 5 419
60 6 6 440
60 6 7 393
60 6 8 438
60 6 9 428
60 6 10 425
60 7 3 439
60 7 4 436
60 7 5 422
60 7 6 388
60 7 7 391
60 7 8 434
60 7 9 444
60 7 10 396
60 8 3 428
60 8 4 380
60 8 5 451
60 8 6 435
60 8 7 433
60 8 8 444
60 8 9 445
60 8 10 436
60 9 3 451
60 9 4 438
60 9 5 447
60 9 6 445
60 9 7 437
60 9 8 452
60 9 9 438
60 9 10 409
80 0 3 796
80 0 4 807
80 0 5 775
80 0 6 780
80 0 7 735
80 0 8 771
80 0 9 795
80 0 10 759
80 1 3 761
80 1 4 778
80 1 5 789
80 1 6 778
80 1 7 772
80 1 8 745
80 1 9 781
80 1 10 786
80 2 3 749
80 2 4 771
80 2 5 768
80 2 6 717
80 2 7 779
80 2 8 770
80 2 9 808
80 2 10 768
80 3 3 717
80 3 4 747
80 3 5 694
80 3 6 783
80 3 7 754
80 3 8 765
80 3 9 783
80 3 10 761
80 4 3 764
80 4 4 691
80 4 5 740
80 4 6 759
80 4 7 798
80 4 8 790
80 4 9 754
80 4 10 769
80 5 3 731
80 5 4 776
80 5 5 804
80 5 6 755
80 5 7 784
80 5 8 793
80 5 9 801
80 5 10 724
80 6 3 747
80 6 4 812
80 6 5 793
80 6 6 776
80 6 7 767
80 6 8 815
80 6 9 776
80 6 10 774
80 7 3 706
80 7 4 770
80 7 5 778
80 7 6 772
80 7 7 772
80 7 8 731
80 7 9 794
80 7 10 766
80 8 3 751
80 8 4 820
80 8 5 778
80 8 6 762
80 8 7 765
80 8 8 805
80 8 9 822
80 8 10 769
80 9 3 744
80 9 4 763
80 9 5 778
80 9 6 755
80 9 7 784
80 9 8 795
80 9 9 775
80 9 10 789
100 0 3 1229
100 0 4 1270
100 0 5 1236
100 0 6 1239
100 0 7 1232
100 0 8 1247
100 0 9 1198
100 0 10 1225
100 1 3 1252
100 1 4 1244
100 1 5 1196
100 1 6 1210
100 1 7 1191
100 1 8 1239
100 1 9 1094
100 1 10 1207
100 2 3 1237
100 2 4 1230
100 2 5 1268
100 2 6 1236
100 2 7 1241
100 2 8 1187
100 2 9 1185
100 2 10 1252
100 3 3 1201
100 3 4 1269
100 3 5 1221
100 3 6 1239
100 3 7 1213
100 3 8 1258
100 3 9 1201
100 3 10 1223
100 4 3 1168
100 4 4 1235
100 4 5 1251
100 4 6 1263
100 4 7 1172
100 4 8 1239
100 4 9 1185
100 4 10 1237
100 5 3 1239
100 5 4 1195
100 5 5 1138
100 5 6 1175
100 5 7 1214
100 5 8 1212
100 5 9 1242
100 5 10 1232
100 6 3 1140
100 6 4 1248
100 6 5 1231
100 6 6 1178
100 6 7 1199
100 6 8 1233
100 6 9 1252
100 6 10 1268
100 7 3 1250
100 7 4 1236
100 7 5 1273
100 7 6 1221
100 7 7 1215
100 7 8 1216
100 7 9 1193
100 7 10 1254
100 8 3 1210
100 8 4 1233
100 8 5 1237
100 8 6 1208
100 8 7 1229
100 8 8 1252
100 8 9 1167
100 8 10 1228
100 9 3 1228
100 9 4 1221
100 9 5 1204
100 9 6 1239
100 9 7 1246
100 9 8 1209
100 9 9 1169
100 9 10 1242
