60 0 0 433
60 0 1 438
60 0 2 422
60 1 0 426
60 1 1 443
60 1 2 327
60 2 0 442
60 2 1 375
60 2 2 444
60 3 0 448
60 3 1 447
60 3 2 449
60 4 0 450
60 4 1 410
60 4 2 445
60 5 0 430
60 5 1 430
60 5 2 428
60 6 0 427
60 6 1 445
60 6 2 442
60 7 0 428
60 7 1 392
60 7 2 447
60 8 0 432
60 8 1 424
60 8 2 407
60 9 0 437
60 9 1 428
60 9 2 435
80 0 0 795
80 0 1 788
80 0 2 790
80 1 0 786
80 1 1 769
80 1 2 802
80 2 0 766
80 2 1 767
80 2 2 775
80 3 0 801
80 3 1 791
80 3 2 799
80 4 0 731
80 4 1 813
80 4 2 757
80 5 0 790
80 5 1 791
80 5 2 810
80 6 0 808
80 6 1 813
80 6 2 778
80 7 0 787
80 7 1 787
80 7 2 779
80 8 0 773
80 8 1 794
80 8 2 723
80 9 0 814
80 9 1 804
80 9 2 814
100 0 0 1213
100 0 1 1243
100 0 2 1229
100 1 0 1222
100 1 1 1262
100 1 2 1250
100 2 0 1218
100 2 1 1209
100 2 2 1206
100 3 0 1252
100 3 1 1216
100 3 2 1220
100 4 0 1165
100 4 1 1193
100 4 2 1222
100 5 0 1229
100 5 1 1221
100 5 2 1195
100 6 0 1212
100 6 1 1211
100 6 2 1215
100 7 0 1247
100 7 1 1184
100 7 2 1233
100 8 0 1224
100 8 1 1221
100 8 2 1240
100 9 0 1210
100 9 1 1197
100 9 2 1234
60 0 3 438
60 0 4 464
60 0 5 440
60 0 6 452
60 0 7 452
60 0 8 452
60 0 9 442
60 0 10 451
60 1 3 434
60 1 4 429
60 1 5 405
60 1 6 442
60 1 7 439
60 1 8 438
60 1 9 452
60 1 10 430
60 2 3 442
60 2 4 455
60 2 5 471
60 2 6 430
60 2 7 446
60 2 8 440
60 2 9 433
60 2 10 440
60 3 3 441
60 3 4 390
60 3 5 433
60 3 6 433
60 3 7 449
60 3 8 423
60 3 9 444
60 3 10 449
60 4 3 333
60 4 4 444
60 4 5 416
60 4 6 441
60 4 7 452
60 4 8 385
60 4 9 442
60 4 10 446
60 5 3 449
60 5 4 442
60 5 5 451
60 5 6 460
60 5 7 425
60 5 8 399
60 5 9 407
60 5 10 427
60 6 3 441
60 6 4 438
60 6 5 439
60 6 6 445
60 6 7 422
60 6 8 452
60 6 9 447
60 6 10 451
60 7 3 410
60 7 4 460
60 7 5 437
60 7 6 409
60 7 7 418
60 7 8 426
60 7 9 460
60 7 10 416
60 8 3 440
60 8 4 451
60 8 5 432
60 8 6 444
60 8 7 401
60 8 8 430
60 8 9 454
60 8 10 399
60 9 3 443
60 9 4 451
60 9 5 434
60 9 6 448
60 9 7 445
60 9 8 419
60 9 9 317
60 9 10 445
80 0 3 677
80 0 4 765
80 0 5 788
80 0 6 772
80 0 7 794
80 0 8 774
80 0 9 783
80 0 10 785
80 1 3 805
80 1 4 779
80 1 5 788
80 1 6 809
80 1 7 789
80 1 8 764
80 1 9 764
80 1 10 775
80 2 3 730
80 2 4 762
80 2 5 764
80 2 6 727
80 2 7 772
80 2 8 790
80 2 9 773
80 2 10 800
80 3 3 749
80 3 4 757
80 3 5 780
80 3 6 748
80 3 7 772
80 3 8 758
80 3 9 794
80 3 10 797
80 4 3 751
80 4 4 798
80 4 5 703
80 4 6 758
80 4 7 742
80 4 8 777
80 4 9 792
80 4 10 796
80 5 3 789
80 5 4 758
80 5 5 811
80 5 6 762
80 5 7 791
80 5 8 786
80 5 9 778
80 5 10 782
80 6 3 756
80 6 4 768
80 6 5 796
80 6 6 726
80 6 7 790
80 6 8 793
80 6 9 802
80 6 10 772
80 7 3 765
80 7 4 794
80 7 5 815
80 7 6 767
80 7 7 762
80 7 8 752
80 7 9 796
80 7 10 797
80 8 3 750
80 8 4 774
80 8 5 767
80 8 6 776
80 8 7 785
80 8 8 689
80 8 9 771
80 8 10 767
80 9 3 811
80 9 4 763
80 9 5 743
80 9 6 801
80 9 7 783
80 9 8 782
80 9 9 779
80 9 10 797
100 0 3 1258
100 0 4 1250
100 0 5 1263
100 0 6 1215
100 0 7 1233
100 0 8 1191
100 0 9 1240
100 0 10 1187
100 1 3 1244
100 1 4 1258
100 1 5 1242
100 1 6 1209
100 1 7 1242
100 1 8 1249
100 1 9 1234
100 1 10 1176
100 2 3 1223
100 2 4 1207
100 2 5 1220
100 2 6 1246
100 2 7 1221
100 2 8 1291
100 2 9 1241
100 2 10 1252
100 3 3 1186
100 3 4 1244
100 3 5 1263
100 3 6 1207
100 3 7 1274
100 3 8 1249
100 3 9 1181
100 3 10 1243
100 4 3 1167
100 4 4 1246
100 4 5 1257
100 4 6 1223
100 4 7 1249
100 4 8 1113
100 4 9 1224
100 4 10 1224
100 5 3 1234
100 5 4 1247
100 5 5 1206
100 5 6 1186
100 5 7 1255
100 5 8 1253
100 5 9 1226
100 5 10 1250
100 6 3 1237
100 6 4 1159
100 6 5 1238
100 6 6 1191
100 6 7 1200
100 6 8 1238
100 6 9 1222
100 6 10 1218
100 7 3 1154
100 7 4 1226
100 7 5 1253
100 7 6 1229
100 7 7 1216
100 7 8 1252
100 7 9 1148
100 7 10 1059
100 8 3 1217
100 8 4 1192
100 8 5 1247
100 8 6 1183
100 8 7 1228
100 8 8 1242
100 8 9 1238
100 8 10 1210
100 9 3 1237
100 9 4 1216
100 9 5 1265
100 9 6 1244
100 9 7 1258
100 9 8 1252
100 9 9 1241
100 9 10 1242
