60 0 0 439
60 0 1 411
60 0 2 438
60 1 0 432
60 1 1 443
60 1 2 445
60 2 0 340
60 2 1 419
60 2 2 439
60 3 0 424
60 3 1 433
60 3 2 431
60 4 0 351
60 4 1 448
60 4 2 466
60 5 0 423
60 5 1 438
60 5 2 460
60 6 0 444
60 6 1 429
60 6 2 420
60 7 0 415
60 7 1 451
60 7 2 436
60 8 0 425
60 8 1 439
60 8 2 424
60 9 0 414
60 9 1 450
60 9 2 424
80 0 0 764
80 0 1 807
80 0 2 766
80 1 0 758
80 1 1 784
80 1 2 778
80 2 0 742
80 2 1 790
80 2 2 754
80 3 0 746
80 3 1 780
80 3 2 761
80 4 0 736
80 4 1 770
80 4 2 769
80 5 0 767
80 5 1 785
80 5 2 789
80 6 0 782
80 6 1 793
80 6 2 777
80 7 0 794
80 7 1 764
80 7 2 801
80 8 0 790
80 8 1 807
80 8 2 803
80 9 0 738
80 9 1 761
80 9 2 794
100 0 0 1236
100 0 1 1223
100 0 2 1252
100 1 0 1225
100 1 1 1258
100 1 2 1201
100 2 0 1221
100 2 1 1193
100 2 2 1254
100 3 0 1261
100 3 1 1230
100 3 2 1094
100 4 0 1229
100 4 1 1233
100 4 2 1201
100 5 0 1251
100 5 1 1247
100 5 2 1264
100 6 0 1246
100 6 1 1208
100 6 2 1240
100 7 0 1213
100 7 1 1131
100 7 2 1235
100 8 0 1240
100 8 1 1208
100 8 2 1261
100 9 0 1213
100 9 1 1269
100 9 2 1209
60 0 3 416
60 0 4 446
60 0 5 464
60 0 6 414
60 0 7 406
60 0 8 419
60 0 9 458
60 0 10 417
60 1 3 413
60 1 4 447
60 1 5 397
60 1 6 462
60 1 7 453
60 1 8 423
60 1 9 439
60 1 10 423
60 2 3 446
60 2 4 420
60 2 5 430
60 2 6 436
60 2 7 441
60 2 8 391
60 2 9 423
60 2 10 423
60 3 3 443
60 3 4 435
60 3 5 441
60 3 6 418
60 3 7 432
60 3 8 411
60 3 9 429
60 3 10 413
60 4 3 430
60 4 4 445
60 4 5 446
60 4 6 422
60 4 7 455
60 4 8 462
60 4 9 456
60 4 10 437
60 5 3 416
60 5 4 431
60 5 5 424
60 5 6 435
60 5 7 461
60 5 8 438
60 5 9 436
60 5 10 442
60 6 3 443
60 6 4 422
60 6 5 441
60 6 6 440
60 6 7 442
60 6 8 441
60 6 9 451
60 6 10 391
60 7 3 428
60 7 4 451
60 7 5 430
60 7 6 441
60 7 7 433
60 7 8 420
60 7 9 393
60 7 10 432
60 8 3 434
60 8 4 448
60 8 5 452
60 8 6 443
60 8 7 464
60 8 8 454
60 8 9 446
60 8 10 453
60 9 3 449
60 9 4 438
60 9 5 462
60 9 6 427
60 9 7 414
60 9 8 419
60 9 9 456
60 9 10 446
80 0 3 782
80 0 4 774
80 0 5 765
80 0 6 760
80 0 7 800
80 0 8 719
80 0 9 786
80 0 10 776
80 1 3 784
80 1 4 802
80 1 5 670
80 1 6 720
80 1 7 777
80 1 8 713
80 1 9 738
80 1 10 810
80 2 3 803
80 2 4 802
80 2 5 769
80 2 6 789
80 2 7 798
80 2 8 772
80 2 9 795
80 2 10 749
80 3 3 797
80 3 4 786
80 3 5 808
80 3 6 774
80 3 7 790
80 3 8 830
80 3 9 778
80 3 10 797
80 4 3 791
80 4 4 663
80 4 5 797
80 4 6 767
80 4 7 759
80 4 8 802
80 4 9 770
80 4 10 720
80 5 3 788
80 5 4 764
80 5 5 755
80 5 6 771
80 5 7 796
80 5 8 779
80 5 9 799
80 5 10 781
80 6 3 768
80 6 4 751
80 6 5 810
80 6 6 709
80 6 7 788
80 6 8 783
80 6 9 813
80 6 10 768
80 7 3 821
80 7 4 768
80 7 5 800
80 7 6 798
80 7 7 772
80 7 8 795
80 7 9 790
80 7 10 621
80 8 3 732
80 8 4 754
80 8 5 766
80 8 6 798
80 8 7 807
80 8 8 790
80 8 9 796
80 8 10 805
80 9 3 812
80 9 4 762
80 9 5 756
80 9 6 781
80 9 7 769
80 9 8 792
80 9 9 789
80 9 10 772
100 0 3 1272
100 0 4 1231
100 0 5 1243
100 0 6 1198
100 0 7 1254
100 0 8 1249
100 0 9 1265
100 0 10 1244
100 1 3 1197
100 1 4 1243
100 1 5 1201
100 1 6 1269
100 1 7 1220
100 1 8 1185
100 1 9 1254
100 1 10 1191
100 2 3 1119
100 2 4 1219
100 2 5 1250
100 2 6 1134
100 2 7 1240
100 2 8 1249
100 2 9 1234
100 2 10 1257
100 3 3 1250
100 3 4 1250
100 3 5 1125
100 3 6 1265
100 3 7 1196
100 3 8 1244
100 3 9 1234
100 3 10 1059
100 4 3 1231
100 4 4 1239
100 4 5 1247
100 4 6 1225
100 4 7 1225
100 4 8 1187
100 4 9 1174
100 4 10 1256
100 5 3 1243
100 5 4 1248
100 5 5 1250
100 5 6 1204
100 5 7 1229
100 5 8 1224
100 5 9 1246
100 5 10 1228
100 6 3 1243
100 6 4 1214
100 6 5 1276
100 6 6 1238
100 6 7 1234
100 6 8 1162
100 6 9 1284
100 6 10 1230
100 7 3 1118
100 7 4 1095
100 7 5 1188
100 7 6 1258
100 7 7 1229
100 7 8 1217
100 7 9 1211
100 7 10 1223
100 8 3 1220
100 8 4 1225
100 8 5 1217
100 8 6 1223
100 8 7 1247
100 8 8 1229
100 8 9 1218
100 8 10 1179
100 9 3 1199
100 9 4 1243
100 9 5 1263
100 9 6 1225
100 9 7 1233
100 9 8 1233
100 9 9 1180
100 9 10 1221
