60 0 0 409
60 0 1 431
60 0 2 438
60 1 0 443
60 1 1 428
60 1 2 440
60 2 0 421
60 2 1 446
60 2 2 304
60 3 0 435
60 3 1 429
60 3 2 407
60 4 0 433
60 4 1 409
60 4 2 456
60 5 0 445
60 5 1 433
60 5 2 446
60 6 0 441
60 6 1 451
60 6 2 398
60 7 0 431
60 7 1 306
60 7 2 402
60 8 0 453
60 8 1 429
60 8 2 437
60 9 0 426
60 9 1 433
60 9 2 363
80 0 0 800
80 0 1 793
80 0 2 810
80 1 0 767
80 1 1 752
80 1 2 753
80 2 0 774
80 2 1 762
80 2 2 728
80 3 0 783
80 3 1 812
80 3 2 782
80 4 0 757
80 4 1 793
80 4 2 782
80 5 0 789
80 5 1 763
80 5 2 791
80 6 0 764
80 6 1 715
80 6 2 775
80 7 0 789
80 7 1 756
80 7 2 588
80 8 0 789
80 8 1 778
80 8 2 748
80 9 0 780
80 9 1 780
80 9 2 769
100 0 0 1192
100 0 1 1243
100 0 2 1188
100 1 0 1188
100 1 1 1280
100 1 2 1233
100 2 0 1243
100 2 1 1182
100 2 2 1199
100 3 0 1250
100 3 1 1265
100 3 2 1239
100 4 0 1217
100 4 1 1169
100 4 2 1211
100 5 0 1180
100 5 1 1238
100 5 2 1267
100 6 0 1201
100 6 1 1223
100 6 2 1212
100 7 0 1217
100 7 1 1259
100 7 2 1207
100 8 0 1227
100 8 1 1231
100 8 2 1228
100 9 0 1264
100 9 1 1279
100 9 2 1264
60 0 3 414
60 0 4 450
60 0 5 468
60 0 6 434
60 0 7 390
60 0 8 422
60 0 9 400
60 0 10 414
60 1 3 414
60 1 4 435
60 1 5 435
60 1 6 424
60 1 7 400
60 1 8 444
60 1 9 441
60 1 10 426
60 2 3 440
60 2 4 446
60 2 5 407
60 2 6 405
60 2 7 378
60 2 8 440
60 2 9 427
60 2 10 431
60 3 3 419
60 3 4 447
60 3 5 439
60 3 6 391
60 3 7 444
60 3 8 400
60 3 9 422
60 3 10 427
60 4 3 445
60 4 4 449
60 4 5 397
60 4 6 430
60 4 7 420
60 4 8 395
60 4 9 440
60 4 10 441
60 5 3 431
60 5 4 447
60 5 5 437
60 5 6 437
60 5 7 437
60 5 8 443
60 5 9 439
60 5 10 439
60 6 3 428
60 6 4 436
60 6 5 460
60 6 6 438
60 6 7 429
60 6 8 442
60 6 9 433
60 6 10 427
60 7 3 414
60 7 4 452
60 7 5 404
60 7 6 382
60 7 7 436
60 7 8 412
60 7 9 434
60 7 10 439
60 8 3 437
60 8 4 445
60 8 5 407
60 8 6 408
60 8 7 433
60 8 8 329
60 8 9 432
60 8 10 461
60 9 3 475
60 9 4 421
60 9 5 443
60 9 6 378
60 9 7 432
60 9 8 364
60 9 9 417
60 9 10 402
80 0 3 789
80 0 4 776
80 0 5 756
80 0 6 772
80 0 7 806
80 0 8 789
80 0 9 783
80 0 10 753
80 1 3 764
80 1 4 771
80 1 5 805
80 1 6 794
80 1 7 716
80 1 8 799
80 1 9 761
80 1 10 700
80 2 3 763
80 2 4 700
80 2 5 793
80 2 6 807
80 2 7 727
80 2 8 712
80 2 9 788
80 2 10 767
80 3 3 762
80 3 4 806
80 3 5 797
80 3 6 775
80 3 7 792
80 3 8 703
80 3 9 654
80 3 10 786
80 4 3 773
80 4 4 786
80 4 5 801
80 4 6 776
80 4 7 788
80 4 8 809
80 4 9 731
80 4 10 762
80 5 3 781
80 5 4 802
80 5 5 739
80 5 6 770
80 5 7 706
80 5 8 719
80 5 9 760
80 5 10 792
80 6 3 785
80 6 4 801
80 6 5 739
80 6 6 779
80 6 7 618
80 6 8 785
80 6 9 807
80 6 10 758
80 7 3 770
80 7 4 789
80 7 5 784
80 7 6 767
80 7 7 781
80 7 8 768
80 7 9 809
80 7 10 777
80 8 3 788
80 8 4 778
80 8 5 755
80 8 6 737
80 8 7 723
80 8 8 716
80 8 9 800
80 8 10 747
80 9 3 823
80 9 4 779
80 9 5 801
80 9 6 806
80 9 7 749
80 9 8 758
80 9 9 780
80 9 10 800
100 0 3 1126
100 0 4 1236
100 0 5 1203
100 0 6 1196
100 0 7 1215
100 0 8 1249
100 0 9 1220
100 0 10 1223
100 1 3 1187
100 1 4 1173
100 1 5 1247
100 1 6 1244
100 1 7 1221
100 1 8 1193
100 1 9 1211
100 1 10 1197
100 2 3 1165
100 2 4 1204
100 2 5 1252
100 2 6 1177
100 2 7 1162
100 2 8 1069
100 2 9 1236
100 2 10 1229
100 3 3 1261
100 3 4 1228
100 3 5 1162
100 3 6 1220
100 3 7 1188
100 3 8 1269
100 3 9 1253
100 3 10 1240
100 4 3 1267
100 4 4 1002
100 4 5 1234
100 4 6 1222
100 4 7 1114
100 4 8 1239
100 4 9 1242
100 4 10 1221
100 5 3 1156
100 5 4 1221
100 5 5 1239
100 5 6 1245
100 5 7 1044
100 5 8 1149
100 5 9 1195
100 5 10 1099
100 6 3 1213
100 6 4 1249
100 6 5 1211
100 6 6 1247
100 6 7 1237
100 6 8 1200
100 6 9 1195
100 6 10 1249
100 7 3 1124
100 7 4 1198
100 7 5 1212
100 7 6 1178
100 7 7 1222
100 7 8 1227
100 7 9 1247
100 7 10 1211
100 8 3 1204
100 8 4 1213
100 8 5 1233
100 8 6 1245
100 8 7 1182
100 8 8 1162
100 8 9 1223
100 8 10 1254
100 9 3 1107
100 9 4 1235
100 9 5 1257
100 9 6 1228
100 9 7 1230
100 9 8 1236
100 9 9 1237
100 9 10 1179
