60 0 0 441
60 0 1 454
60 0 2 446
60 1 0 461
60 1 1 426
60 1 2 456
60 2 0 444
60 2 1 462
60 2 2 413
60 3 0 432
60 3 1 446
60 3 2 448
60 4 0 426
60 4 1 434
60 4 2 415
60 5 0 414
60 5 1 446
60 5 2 445
60 6 0 430
60 6 1 439
60 6 2 470
60 7 0 458
60 7 1 436
60 7 2 395
60 8 0 418
60 8 1 413
60 8 2 462
60 9 0 447
60 9 1 456
60 9 2 436
80 0 0 725
80 0 1 803
80 0 2 780
80 1 0 773
80 1 1 762
80 1 2 812
80 2 0 795
80 2 1 770
80 2 2 786
80 3 0 794
80 3 1 785
80 3 2 796
80 4 0 791
80 4 1 796
80 4 2 735
80 5 0 778
80 5 1 819
80 5 2 807
80 6 0 791
80 6 1 786
80 6 2 824
80 7 0 770
80 7 1 786
80 7 2 787
80 8 0 769
80 8 1 796
80 8 2 782
80 9 0 784
80 9 1 757
80 9 2 786
100 0 0 1224
100 0 1 1189
100 0 2 1233
100 1 0 1223
100 1 1 1202
100 1 2 1150
100 2 0 1242
100 2 1 1143
100 2 2 1224
100 3 0 1252
100 3 1 1246
100 3 2 1220
100 4 0 1246
100 4 1 1233
100 4 2 1139
100 5 0 1247
100 5 1 1249
100 5 2 1244
100 6 0 1244
100 6 1 1178
100 6 2 1174
100 7 0 1226
100 7 1 1189
100 7 2 1246
100 8 0 1263
100 8 1 1284
100 8 2 1239
100 9 0 1220
100 9 1 1262
100 9 2 1230
60 0 3 436
60 0 4 455
60 0 5 438
60 0 6 451
60 0 7 404
60 0 8 408
60 0 9 433
60 0 10 437
60 1 3 432
60 1 4 453
60 1 5 448
60 1 6 430
60 1 7 386
60 1 8 392
60 1 9 440
60 1 10 418
60 2 3 445
60 2 4 446
60 2 5 437
60 2 6 447
60 2 7 419
60 2 8 443
60 2 9 364
60 2 10 433
60 3 3 436
60 3 4 445
60 3 5 389
60 3 6 429
60 3 7 450
60 3 8 426
60 3 9 446
60 3 10 435
60 4 3 443
60 4 4 434
60 4 5 435
60 4 6 458
60 4 7 425
60 4 8 455
60 4 9 446
60 4 10 417
60 5 3 440
60 5 4 437
60 5 5 430
60 5 6 453
60 5 7 439
60 5 8 441
60 5 9 436
60 5 10 449
60 6 3 428
60 6 4 462
60 6 5 427
60 6 6 408
60 6 7 452
60 6 8 435
60 6 9 430
60 6 10 453
60 7 3 430
60 7 4 421
60 7 5 415
60 7 6 455
60 7 7 461
60 7 8 448
60 7 9 444
60 7 10 405
60 8 3 448
60 8 4 440
60 8 5 429
60 8 6 428
60 8 7 432
60 8 8 448
60 8 9 443
60 8 10 434
60 9 3 434
60 9 4 453
60 9 5 439
60 9 6 435
60 9 7 461
60 9 8 437
60 9 9 457
60 9 10 446
80 0 3 806
80 0 4 786
80 0 5 785
80 0 6 754
80 0 7 770
80 0 8 801
80 0 9 788
80 0 10 790
80 1 3 794
80 1 4 772
80 1 5 769
80 1 6 775
80 1 7 752
80 1 8 805
80 1 9 790
80 1 10 795
80 2 3 788
80 2 4 808
80 2 5 790
80 2 6 782
80 2 7 767
80 2 8 745
80 2 9 813
80 2 10 752
80 3 3 783
80 3 4 810
80 3 5 775
80 3 6 781
80 3 7 808
80 3 8 788
80 3 9 752
80 3 10 756
80 4 3 771
80 4 4 808
80 4 5 771
80 4 6 756
80 4 7 774
80 4 8 792
80 4 9 763
80 4 10 804
80 5 3 809
80 5 4 784
80 5 5 805
80 5 6 732
80 5 7 796
80 5 8 784
80 5 9 773
80 5 10 809
80 6 3 779
80 6 4 786
80 6 5 758
80 6 6 793
80 6 7 799
80 6 8 767
80 6 9 778
80 6 10 815
80 7 3 778
80 7 4 778
80 7 5 815
80 7 6 747
80 7 7 831
80 7 8 666
80 7 9 808
80 7 10 833
80 8 3 788
80 8 4 763
80 8 5 801
80 8 6 772
80 8 7 776
80 8 8 781
80 8 9 788
80 8 10 787
80 9 3 717
80 9 4 740
80 9 5 765
80 9 6 781
80 9 7 820
80 9 8 780
80 9 9 763
80 9 10 791
100 0 3 1249
100 0 4 1243
100 0 5 1238
100 0 6 1279
100 0 7 1058
100 0 8 1228
100 0 9 1192
100 0 10 1217
100 1 3 1245
100 1 4 1256
100 1 5 1230
100 1 6 1237
100 1 7 1178
100 1 8 1170
100 1 9 1257
100 1 10 1257
100 2 3 1241
100 2 4 1260
100 2 5 1236
100 2 6 1181
100 2 7 1233
100 2 8 1213
100 2 9 1220
100 2 10 1237
100 3 3 1241
100 3 4 1251
100 3 5 1222
100 3 6 1249
100 3 7 1220
100 3 8 1223
100 3 9 1250
100 3 10 1242
100 4 3 1173
100 4 4 1217
100 4 5 1247
100 4 6 1232
100 4 7 1221
100 4 8 1227
100 4 9 1198
100 4 10 1231
100 5 3 1253
100 5 4 1200
100 5 5 1248
100 5 6 1178
100 5 7 1248
100 5 8 1266
100 5 9 1230
100 5 10 1227
100 6 3 1239
100 6 4 1232
100 6 5 1224
100 6 6 1206
100 6 7 1201
100 6 8 1209
100 6 9 1211
100 6 10 1214
100 7 3 1214
100 7 4 1224
100 7 5 1213
100 7 6 1235
100 7 7 1273
100 7 8 1232
100 7 9 1225
100 7 10 1249
100 8 3 1140
100 8 4 1225
100 8 5 1241
100 8 6 1159
100 8 7 1194
100 8 8 1188
100 8 9 1206
100 8 10 1252
100 9 3 1188
100 9 4 1231
100 9 5 1193
100 9 6 1236
100 9 7 1240
100 9 8 1196
100 9 9 1193
100 9 10 1142
