60 0 0 377
60 0 1 418
60 0 2 420
60 1 0 368
60 1 1 447
60 1 2 440
60 2 0 376
60 2 1 459
60 2 2 433
60 3 0 354
60 3 1 450
60 3 2 450
60 4 0 401
60 4 1 414
60 4 2 459
60 5 0 442
60 5 1 433
60 5 2 424
60 6 0 428
60 6 1 435
60 6 2 437
60 7 0 384
60 7 1 436
60 7 2 448
60 8 0 417
60 8 1 462
60 8 2 439
60 9 0 439
60 9 1 446
60 9 2 446
80 0 0 753
80 0 1 786
80 0 2 794
80 1 0 791
80 1 1 768
80 1 2 769
80 2 0 775
80 2 1 784
80 2 2 778
80 3 0 782
80 3 1 755
80 3 2 777
80 4 0 767
80 4 1 751
80 4 2 746
80 5 0 770
80 5 1 762
80 5 2 786
80 6 0 773
80 6 1 768
80 6 2 784
80 7 0 778
80 7 1 774
80 7 2 747
80 8 0 779
80 8 1 769
80 8 2 768
80 9 0 791
80 9 1 789
80 9 2 786
100 0 0 1248
100 0 1 1223
100 0 2 1243
100 1 0 1241
100 1 1 1170
100 1 2 1199
100 2 0 1238
100 2 1 1245
100 2 2 1209
100 3 0 1261
100 3 1 1269
100 3 2 1242
100 4 0 1219
100 4 1 1218
100 4 2 1160
100 5 0 1219
100 5 1 1232
100 5 2 1262
100 6 0 1181
100 6 1 1231
100 6 2 1269
100 7 0 1216
100 7 1 1140
100 7 2 1247
100 8 0 1244
100 8 1 1275
100 8 2 1250
100 9 0 1201
100 9 1 1250
100 9 2 1237
60 0 3 420
60 0 4 441
60 0 5 466
60 0 6 418
60 0 7 431
60 0 8 435
60 0 9 414
60 0 10 439
60 1 3 384
60 1 4 423
60 1 5 446
60 1 6 431
60 1 7 394
60 1 8 440
60 1 9 451
60 1 10 383
60 2 3 428
60 2 4 442
60 2 5 436
60 2 6 449
60 2 7 346
60 2 8 361
60 2 9 436
60 2 10 416
60 3 3 437
60 3 4 462
60 3 5 432
60 3 6 446
60 3 7 436
60 3 8 432
60 3 9 450
60 3 10 447
60 4 3 446
60 4 4 426
60 4 5 429
60 4 6 427
60 4 7 418
60 4 8 450
60 4 9 429
60 4 10 444
60 5 3 445
60 5 4 420
60 5 5 420
60 5 6 419
60 5 7 450
60 5 8 447
60 5 9 421
60 5 10 447
60 6 3 424
60 6 4 448
60 6 5 429
60 6 6 426
60 6 7 408
60 6 8 428
60 6 9 445
60 6 10 437
60 7 3 425
60 7 4 387
60 7 5 432
60 7 6 433
60 7 7 448
60 7 8 436
60 7 9 430
60 7 10 453
60 8 3 445
60 8 4 440
60 8 5 450
60 8 6 413
60 8 7 458
60 8 8 442
60 8 9 443
60 8 10 422
60 9 3 455
60 9 4 427
60 9 5 429
60 9 6 460
60 9 7 458
60 9 8 435
60 9 9 440
60 9 10 419
80 0 3 800
80 0 4 599
80 0 5 776
80 0 6 788
80 0 7 776
80 0 8 803
80 0 9 788
80 0 10 803
80 1 3 728
80 1 4 806
80 1 5 739
80 1 6 793
80 1 7 792
80 1 8 780
80 1 9 783
80 1 10 747
80 2 3 789
80 2 4 781
80 2 5 789
80 2 6 777
80 2 7 786
80 2 8 754
80 2 9 744
80 2 10 771
80 3 3 785
80 3 4 812
80 3 5 765
80 3 6 791
80 3 7 778
80 3 8 811
80 3 9 792
80 3 10 822
80 4 3 799
80 4 4 778
80 4 5 748
80 4 6 729
80 4 7 785
80 4 8 802
80 4 9 779
80 4 10 799
80 5 3 784
80 5 4 757
80 5 5 790
80 5 6 819
80 5 7 804
80 5 8 746
80 5 9 791
80 5 10 757
80 6 3 794
80 6 4 738
80 6 5 804
80 6 6 804
80 6 7 817
80 6 8 842
80 6 9 754
80 6 10 674
80 7 3 797
80 7 4 810
80 7 5 703
80 7 6 802
80 7 7 759
80 7 8 769
80 7 9 795
80 7 10 689
80 8 3 767
80 8 4 762
80 8 5 794
80 8 6 805
80 8 7 793
80 8 8 786
80 8 9 738
80 8 10 781
80 9 3 749
80 9 4 799
80 9 5 651
80 9 6 774
80 9 7 748
80 9 8 798
80 9 9 787
80 9 10 788
100 0 3 1238
100 0 4 1239
100 0 5 1205
100 0 6 1230
100 0 7 1217
100 0 8 1210
100 0 9 1252
100 0 10 1216
100 1 3 1248
100 1 4 1206
100 1 5 1233
100 1 6 1235
100 1 7 1230
100 1 8 1260
100 1 9 1252
100 1 10 1200
100 2 3 1164
100 2 4 1217
100 2 5 1220
100 2 6 1229
100 2 7 1209
100 2 8 1205
100 2 9 1220
100 2 10 1041
100 3 3 1235
100 3 4 1220
100 3 5 1139
100 3 6 1197
100 3 7 1241
100 3 8 1190
100 3 9 1245
100 3 10 1225
100 4 3 1217
100 4 4 1253
100 4 5 1247
100 4 6 1223
100 4 7 1236
100 4 8 1262
100 4 9 1275
100 4 10 1205
100 5 3 1122
100 5 4 1205
100 5 5 1236
100 5 6 1217
100 5 7 1239
100 5 8 1222
100 5 9 1240
100 5 10 1229
100 6 3 1200
100 6 4 1242
100 6 5 1196
100 6 6 1243
100 6 7 1188
100 6 8 1240
100 6 9 1258
100 6 10 1255
100 7 3 1224
100 7 4 1242
100 7 5 1262
100 7 6 1222
100 7 7 1188
100 7 8 1285
100 7 9 1241
100 7 10 1238
100 8 3 1227
100 8 4 1245
100 8 5 1239
100 8 6 1242
100 8 7 1237
100 8 8 1218
100 8 9 1276
100 8 10 1203
100 9 3 1157
100 9 4 1195
100 9 5 1224
100 9 6 1252
100 9 7 1212
100 9 8 1251
100 9 9 1219
100 9 10 1242
