60 0 0 347
60 0 1 425
60 0 2 427
60 0 3 427
60 0 4 215
60 0 5 215
60 0 6 215
60 0 7 215
60 0 8 347
60 0 9 215
60 1 0 415
60 1 1 268
60 1 2 268
60 1 3 219
60 1 4 219
60 1 5 219
60 1 6 219
60 1 7 430
60 1 8 219
60 1 9 398
60 2 0 344
60 2 1 344
60 2 2 344
60 2 3 344
60 2 4 344
60 2 5 344
60 2 6 344
60 2 7 344
60 2 8 344
60 2 9 344
60 3 0 310
60 3 1 411
60 3 2 163
60 3 3 163
60 3 4 281
60 3 5 256
60 3 6 281
60 3 7 446
60 3 8 163
60 3 9 310
60 4 0 312
60 4 1 312
60 4 2 312
60 4 3 312
60 4 4 312
60 4 5 312
60 4 6 312
60 4 7 312
60 4 8 312
60 4 9 312
60 5 0 269
60 5 1 269
60 5 2 269
60 5 3 434
60 5 4 175
60 5 5 156
60 5 6 247
60 5 7 156
60 5 8 286
60 5 9 434
60 6 0 240
60 6 1 240
60 6 2 240
60 6 3 240
60 6 4 240
60 6 5 240
60 6 6 240
60 6 7 240
60 6 8 240
60 6 9 240
60 7 0 372
60 7 1 372
60 7 2 372
60 7 3 372
60 7 4 372
60 7 5 372
60 7 6 372
60 7 7 372
60 7 8 372
60 7 9 372
60 8 0 424
60 8 1 360
60 8 2 341
60 8 3 360
60 8 4 341
60 8 5 341
60 8 6 409
60 8 7 341
60 8 8 424
60 8 9 424
60 9 0 347
60 9 1 187
60 9 2 347
60 9 3 347
60 9 4 316
60 9 5 187
60 9 6 187
60 9 7 187
60 9 8 316
60 9 9 187
80 0 0 414
80 0 1 414
80 0 2 414
80 0 3 414
80 0 4 414
80 0 5 414
80 0 6 414
80 0 7 414
80 0 8 414
80 0 9 414
80 1 0 544
80 1 1 544
80 1 2 738
80 1 3 544
80 1 4 738
80 1 5 738
80 1 6 738
80 1 7 544
80 1 8 544
80 1 9 738
80 2 0 760
80 2 1 350
80 2 2 221
80 2 3 350
80 2 4 741
80 2 5 350
80 2 6 339
80 2 7 760
80 2 8 350
80 2 9 339
80 3 0 604
80 3 1 315
80 3 2 604
80 3 3 604
80 3 4 604
80 3 5 137
80 3 6 137
80 3 7 604
80 3 8 137
80 3 9 137
80 4 0 321
80 4 1 770
80 4 2 779
80 4 3 770
80 4 4 468
80 4 5 506
80 4 6 716
80 4 7 468
80 4 8 321
80 4 9 779
80 5 0 689
80 5 1 689
80 5 2 689
80 5 3 327
80 5 4 386
80 5 5 689
80 5 6 327
80 5 7 386
80 5 8 689
80 5 9 689
80 6 0 486
80 6 1 486
80 6 2 321
80 6 3 321
80 6 4 486
80 6 5 321
80 6 6 321
80 6 7 486
80 6 8 486
80 6 9 321
80 7 0 596
80 7 1 743
80 7 2 531
80 7 3 596
80 7 4 743
80 7 5 393
80 7 6 596
80 7 7 596
80 7 8 526
80 7 9 743
80 8 0 518
80 8 1 518
80 8 2 518
80 8 3 518
80 8 4 518
80 8 5 518
80 8 6 518
80 8 7 518
80 8 8 518
80 8 9 518
80 9 0 142
80 9 1 283
80 9 2 367
80 9 3 142
80 9 4 456
80 9 5 283
80 9 6 367
80 9 7 429
80 9 8 264
80 9 9 367
100 0 0 352
100 0 1 1190
100 0 2 1190
100 0 3 352
100 0 4 352
100 0 5 352
100 0 6 352
100 0 7 352
100 0 8 766
100 0 9 766
100 1 0 1235
100 1 1 589
100 1 2 870
100 1 3 759
100 1 4 870
100 1 5 759
100 1 6 870
100 1 7 870
100 1 8 759
100 1 9 1235
100 2 0 774
100 2 1 774
100 2 2 774
100 2 3 774
100 2 4 774
100 2 5 774
100 2 6 774
100 2 7 774
100 2 8 774
100 2 9 774
100 3 0 564
100 3 1 564
100 3 2 564
100 3 3 1154
100 3 4 564
100 3 5 564
100 3 6 1154
100 3 7 564
100 3 8 1154
100 3 9 564
100 4 0 1234
100 4 1 786
100 4 2 1234
100 4 3 786
100 4 4 786
100 4 5 912
100 4 6 1234
100 4 7 1234
100 4 8 1234
100 4 9 912
100 5 0 407
100 5 1 681
100 5 2 407
100 5 3 407
100 5 4 681
100 5 5 718
100 5 6 681
100 5 7 718
100 5 8 407
100 5 9 1074
100 6 0 536
100 6 1 536
100 6 2 536
100 6 3 536
100 6 4 536
100 6 5 536
100 6 6 536
100 6 7 536
100 6 8 536
100 6 9 536
100 7 0 193
100 7 1 193
100 7 2 859
100 7 3 427
100 7 4 859
100 7 5 427
100 7 6 427
100 7 7 859
100 7 8 427
100 7 9 859
100 8 0 242
100 8 1 242
100 8 2 648
100 8 3 242
100 8 4 648
100 8 5 242
100 8 6 648
100 8 7 242
100 8 8 648
100 8 9 648
100 9 0 925
100 9 1 1239
100 9 2 1224
100 9 3 1239
100 9 4 903
100 9 5 1239
100 9 6 903
100 9 7 1239
100 9 8 1239
100 9 9 694
