60 0 0 416
60 0 1 308
60 0 2 413
60 1 0 452
60 1 1 423
60 1 2 411
60 2 0 441
60 2 1 447
60 2 2 351
60 3 0 420
60 3 1 450
60 3 2 432
60 4 0 436
60 4 1 403
60 4 2 432
60 5 0 432
60 5 1 426
60 5 2 377
60 6 0 409
60 6 1 448
60 6 2 442
60 7 0 431
60 7 1 451
60 7 2 431
60 8 0 414
60 8 1 460
60 8 2 444
60 9 0 440
60 9 1 450
60 9 2 461
80 0 0 750
80 0 1 720
80 0 2 792
80 1 0 794
80 1 1 780
80 1 2 809
80 2 0 738
80 2 1 785
80 2 2 780
80 3 0 790
80 3 1 799
80 3 2 765
80 4 0 770
80 4 1 794
80 4 2 779
80 5 0 802
80 5 1 803
80 5 2 697
80 6 0 733
80 6 1 751
80 6 2 775
80 7 0 777
80 7 1 768
80 7 2 615
80 8 0 790
80 8 1 777
80 8 2 765
80 9 0 794
80 9 1 694
80 9 2 769
100 0 0 1184
100 0 1 1217
100 0 2 1139
100 1 0 1189
100 1 1 1174
100 1 2 1137
100 2 0 1275
100 2 1 1214
100 2 2 1218
100 3 0 1187
100 3 1 1266
100 3 2 1212
100 4 0 1210
100 4 1 1191
100 4 2 1236
100 5 0 1220
100 5 1 1192
100 5 2 1177
100 6 0 1194
100 6 1 1252
100 6 2 1182
100 7 0 1207
100 7 1 1265
100 7 2 1235
100 8 0 1280
100 8 1 1192
100 8 2 1229
100 9 0 1257
100 9 1 1241
100 9 2 1179
60 0 3 432
60 0 4 432
60 0 5 392
60 0 6 407
60 0 7 389
60 0 8 447
60 0 9 419
60 0 10 405
60 1 3 429
60 1 4 413
60 1 5 432
60 1 6 440
60 1 7 442
60 1 8 415
60 1 9 443
60 1 10 456
60 2 3 445
60 2 4 405
60 2 5 421
60 2 6 442
60 2 7 426
60 2 8 458
60 2 9 440
60 2 10 412
60 3 3 386
60 3 4 440
60 3 5 439
60 3 6 407
60 3 7 439
60 3 8 423
60 3 9 305
60 3 10 455
60 4 3 434
60 4 4 419
60 4 5 437
60 4 6 459
60 4 7 378
60 4 8 445
60 4 9 430
60 4 10 402
60 5 3 394
60 5 4 426
60 5 5 435
60 5 6 344
60 5 7 376
60 5 8 413
60 5 9 415
60 5 10 396
60 6 3 447
60 6 4 424
60 6 5 450
60 6 6 451
60 6 7 462
60 6 8 451
60 6 9 433
60 6 10 442
60 7 3 435
60 7 4 450
60 7 5 357
60 7 6 446
60 7 7 450
60 7 8 441
60 7 9 446
60 7 10 438
60 8 3 420
60 8 4 452
60 8 5 392
60 8 6 434
60 8 7 418
60 8 8 433
60 8 9 377
60 8 10 465
60 9 3 447
60 9 4 432
60 9 5 449
60 9 6 420
60 9 7 446
60 9 8 443
60 9 9 450
60 9 10 428
80 0 3 759
80 0 4 782
80 0 5 819
80 0 6 734
80 0 7 765
80 0 8 783
80 0 9 779
80 0 10 693
80 1 3 799
80 1 4 802
80 1 5 778
80 1 6 712
80 1 7 816
80 1 8 787
80 1 9 729
80 1 10 759
80 2 3 801
80 2 4 825
80 2 5 712
80 2 6 806
80 2 7 793
80 2 8 792
80 2 9 771
80 2 10 781
80 3 3 777
80 3 4 797
80 3 5 784
80 3 6 702
80 3 7 817
80 3 8 772
80 3 9 790
80 3 10 787
80 4 3 792
80 4 4 785
80 4 5 766
80 4 6 737
80 4 7 783
80 4 8 773
80 4 9 782
80 4 10 792
80 5 3 741
80 5 4 753
80 5 5 784
80 5 6 691
80 5 7 781
80 5 8 794
80 5 9 755
80 5 10 772
80 6 3 781
80 6 4 791
80 6 5 776
80 6 6 761
80 6 7 804
80 6 8 781
80 6 9 748
80 6 10 798
80 7 3 744
80 7 4 789
80 7 5 732
80 7 6 807
80 7 7 781
80 7 8 786
80 7 9 794
80 7 10 805
80 8 3 786
80 8 4 775
80 8 5 583
80 8 6 763
80 8 7 792
80 8 8 691
80 8 9 789
80 8 10 788
80 9 3 730
80 9 4 780
80 9 5 745
80 9 6 751
80 9 7 781
80 9 8 751
80 9 9 748
80 9 10 779
100 0 3 1239
100 0 4 1207
100 0 5 1198
100 0 6 1195
100 0 7 1204
100 0 8 1248
100 0 9 1198
100 0 10 1171
100 1 3 1147
100 1 4 1234
100 1 5 1171
100 1 6 1238
100 1 7 1241
100 1 8 1196
100 1 9 1283
100 1 10 1256
100 2 3 1206
100 2 4 1142
100 2 5 1247
100 2 6 1234
100 2 7 1226
100 2 8 1238
100 2 9 1221
100 2 10 1186
100 3 3 1233
100 3 4 1253
100 3 5 1225
100 3 6 1244
100 3 7 1145
100 3 8 1199
100 3 9 1188
100 3 10 1245
100 4 3 1209
100 4 4 1241
100 4 5 1240
100 4 6 1233
100 4 7 1210
100 4 8 1263
100 4 9 1212
100 4 10 1232
100 5 3 1248
100 5 4 1254
100 5 5 1222
100 5 6 1242
100 5 7 1210
100 5 8 1253
100 5 9 1236
100 5 10 1212
100 6 3 1251
100 6 4 1219
100 6 5 1276
100 6 6 1199
100 6 7 1237
100 6 8 1237
100 6 9 1185
100 6 10 1227
100 7 3 1219
100 7 4 1196
100 7 5 1193
100 7 6 1219
100 7 7 1077
100 7 8 1273
100 7 9 1235
100 7 10 1239
100 8 3 1246
100 8 4 1221
100 8 5 1171
100 8 6 1189
100 8 7 1232
100 8 8 1257
100 8 9 1265
100 8 10 1207
100 9 3 1259
100 9 4 1169
100 9 5 1187
100 9 6 1214
100 9 7 1228
100 9 8 1239
100 9 9 1136
100 9 10 1236
