60 0 0 375
60 0 1 462
60 0 2 434
60 1 0 455
60 1 1 444
60 1 2 445
60 2 0 426
60 2 1 437
60 2 2 415
60 3 0 406
60 3 1 447
60 3 2 462
60 4 0 415
60 4 1 411
60 4 2 435
60 5 0 450
60 5 1 409
60 5 2 424
60 6 0 381
60 6 1 459
60 6 2 455
60 7 0 432
60 7 1 423
60 7 2 455
60 8 0 392
60 8 1 455
60 8 2 435
60 9 0 443
60 9 1 435
60 9 2 448
80 0 0 766
80 0 1 802
80 0 2 773
80 1 0 778
80 1 1 749
80 1 2 779
80 2 0 739
80 2 1 765
80 2 2 796
80 3 0 767
80 3 1 755
80 3 2 818
80 4 0 774
80 4 1 708
80 4 2 799
80 5 0 762
80 5 1 796
80 5 2 806
80 6 0 779
80 6 1 812
80 6 2 793
80 7 0 733
80 7 1 786
80 7 2 803
80 8 0 709
80 8 1 770
80 8 2 650
80 9 0 791
80 9 1 766
80 9 2 774
100 0 0 1224
100 0 1 1215
100 0 2 1224
100 1 0 1249
100 1 1 1248
100 1 2 1217
100 2 0 1218
100 2 1 1243
100 2 2 1255
100 3 0 1225
100 3 1 1227
100 3 2 1238
100 4 0 1150
100 4 1 1237
100 4 2 1236
100 5 0 1190
100 5 1 1237
100 5 2 1183
100 6 0 1245
100 6 1 1229
100 6 2 1209
100 7 0 1233
100 7 1 1257
100 7 2 1254
100 8 0 1245
100 8 1 1225
100 8 2 1181
100 9 0 1247
100 9 1 1236
100 9 2 1255
60 0 3 434
60 0 4 437
60 0 5 455
60 0 6 427
60 0 7 445
60 0 8 443
60 0 9 408
60 0 10 437
60 1 3 437
60 1 4 449
60 1 5 421
60 1 6 450
60 1 7 442
60 1 8 440
60 1 9 446
60 1 10 440
60 2 3 450
60 2 4 448
60 2 5 434
60 2 6 437
60 2 7 456
60 2 8 461
60 2 9 425
60 2 10 431
60 3 3 446
60 3 4 373
60 3 5 460
60 3 6 413
60 3 7 432
60 3 8 439
60 3 9 413
60 3 10 424
60 4 3 441
60 4 4 458
60 4 5 435
60 4 6 440
60 4 7 437
60 4 8 448
60 4 9 445
60 4 10 440
60 5 3 440
60 5 4 458
60 5 5 454
60 5 6 428
60 5 7 437
60 5 8 430
60 5 9 448
60 5 10 446
60 6 3 448
60 6 4 428
60 6 5 471
60 6 6 454
60 6 7 450
60 6 8 415
60 6 9 452
60 6 10 403
60 7 3 447
60 7 4 445
60 7 5 412
60 7 6 464
60 7 7 449
60 7 8 443
60 7 9 447
60 7 10 421
60 8 3 435
60 8 4 446
60 8 5 450
60 8 6 422
60 8 7 449
60 8 8 432
60 8 9 416
60 8 10 465
60 9 3 455
60 9 4 442
60 9 5 424
60 9 6 439
60 9 7 447
60 9 8 431
60 9 9 452
60 9 10 448
80 0 3 794
80 0 4 740
80 0 5 798
80 0 6 778
80 0 7 801
80 0 8 787
80 0 9 782
80 0 10 777
80 1 3 814
80 1 4 735
80 1 5 787
80 1 6 761
80 1 7 821
80 1 8 727
80 1 9 769
80 1 10 689
80 2 3 791
80 2 4 794
80 2 5 779
80 2 6 798
80 2 7 834
80 2 8 775
80 2 9 780
80 2 10 794
80 3 3 709
80 3 4 766
80 3 5 823
80 3 6 781
80 3 7 761
80 3 8 811
80 3 9 750
80 3 10 795
80 4 3 770
80 4 4 781
80 4 5 754
80 4 6 787
80 4 7 713
80 4 8 777
80 4 9 737
80 4 10 768
80 5 3 765
80 5 4 775
80 5 5 795
80 5 6 793
80 5 7 789
80 5 8 790
80 5 9 798
80 5 10 821
80 6 3 775
80 6 4 758
80 6 5 768
80 6 6 809
80 6 7 781
80 6 8 805
80 6 9 805
80 6 10 803
80 7 3 722
80 7 4 780
80 7 5 790
80 7 6 801
80 7 7 774
80 7 8 794
80 7 9 827
80 7 10 742
80 8 3 806
80 8 4 756
80 8 5 764
80 8 6 805
80 8 7 783
80 8 8 740
80 8 9 816
80 8 10 794
80 9 3 799
80 9 4 788
80 9 5 765
80 9 6 790
80 9 7 800
80 9 8 770
80 9 9 829
80 9 10 773
100 0 3 1156
100 0 4 1099
100 0 5 1196
100 0 6 1241
100 0 7 1170
100 0 8 1239
100 0 9 1195
100 0 10 1242
100 1 3 1214
100 1 4 1215
100 1 5 1232
100 1 6 1250
100 1 7 1270
100 1 8 1157
100 1 9 1263
100 1 10 1233
100 2 3 1213
100 2 4 1286
100 2 5 1237
100 2 6 1224
100 2 7 1269
100 2 8 1189
100 2 9 1237
100 2 10 1267
100 3 3 1177
100 3 4 1238
100 3 5 1214
100 3 6 1235
100 3 7 1215
100 3 8 1217
100 3 9 1247
100 3 10 1243
100 4 3 1233
100 4 4 1233
100 4 5 1145
100 4 6 1225
100 4 7 1252
100 4 8 1209
100 4 9 1270
100 4 10 1223
100 5 3 1216
100 5 4 1194
100 5 5 1210
100 5 6 1206
100 5 7 1243
100 5 8 1247
100 5 9 1207
100 5 10 1138
100 6 3 1229
100 6 4 1223
100 6 5 1232
100 6 6 1282
100 6 7 1273
100 6 8 1263
100 6 9 1243
100 6 10 1264
100 7 3 1262
100 7 4 1232
100 7 5 1205
100 7 6 1146
100 7 7 1037
100 7 8 1246
100 7 9 1231
100 7 10 1062
100 8 3 1247
100 8 4 1234
100 8 5 1219
100 8 6 1244
100 8 7 1261
100 8 8 1166
100 8 9 1235
100 8 10 1242
100 9 3 1163
100 9 4 1272
100 9 5 1222
100 9 6 1249
100 9 7 1096
100 9 8 1251
100 9 9 1258
100 9 10 1184
