60 0 0 95
60 0 1 90
60 0 2 65
60 0 3 341
60 0 4 94
60 0 5 60
60 0 6 94
60 0 7 94
60 0 8 331
60 0 9 94
60 1 0 91
60 1 1 94
60 1 2 384
60 1 3 219
60 1 4 89
60 1 5 119
60 1 6 89
60 1 7 208
60 1 8 119
60 1 9 121
60 2 0 88
60 2 1 88
60 2 2 118
60 2 3 88
60 2 4 118
60 2 5 432
60 2 6 118
60 2 7 47
60 2 8 88
60 2 9 88
60 3 0 138
60 3 1 106
60 3 2 436
60 3 3 307
60 3 4 316
60 3 5 450
60 3 6 366
60 3 7 112
60 3 8 138
60 3 9 138
60 4 0 114
60 4 1 88
60 4 2 114
60 4 3 369
60 4 4 114
60 4 5 353
60 4 6 88
60 4 7 88
60 4 8 88
60 4 9 88
60 5 0 183
60 5 1 183
60 5 2 163
60 5 3 248
60 5 4 163
60 5 5 58
60 5 6 89
60 5 7 58
60 5 8 86
60 5 9 63
60 6 0 88
60 6 1 154
60 6 2 88
60 6 3 242
60 6 4 62
60 6 5 62
60 6 6 62
60 6 7 62
60 6 8 62
60 6 9 62
60 7 0 301
60 7 1 118
60 7 2 324
60 7 3 88
60 7 4 88
60 7 5 88
60 7 6 88
60 7 7 88
60 7 8 88
60 7 9 88
60 8 0 360
60 8 1 189
60 8 2 59
60 8 3 112
60 8 4 59
60 8 5 59
60 8 6 56
60 8 7 59
60 8 8 60
60 8 9 67
60 9 0 85
60 9 1 94
60 9 2 117
60 9 3 117
60 9 4 142
60 9 5 94
60 9 6 66
60 9 7 66
60 9 8 87
60 9 9 212
80 0 0 79
80 0 1 737
80 0 2 119
80 0 3 79
80 0 4 79
80 0 5 79
80 0 6 518
80 0 7 38
80 0 8 716
80 0 9 79
80 1 0 104
80 1 1 183
80 1 2 138
80 1 3 104
80 1 4 138
80 1 5 735
80 1 6 218
80 1 7 380
80 1 8 104
80 1 9 138
80 2 0 123
80 2 1 81
80 2 2 193
80 2 3 186
80 2 4 165
80 2 5 120
80 2 6 198
80 2 7 429
80 2 8 81
80 2 9 78
80 3 0 116
80 3 1 339
80 3 2 124
80 3 3 186
80 3 4 157
80 3 5 150
80 3 6 747
80 3 7 116
80 3 8 147
80 3 9 340
80 4 0 152
80 4 1 150
80 4 2 231
80 4 3 121
80 4 4 129
80 4 5 214
80 4 6 251
80 4 7 175
80 4 8 188
80 4 9 192
80 5 0 181
80 5 1 548
80 5 2 109
80 5 3 279
80 5 4 140
80 5 5 119
80 5 6 106
80 5 7 104
80 5 8 119
80 5 9 147
80 6 0 324
80 6 1 230
80 6 2 418
80 6 3 85
80 6 4 126
80 6 5 85
80 6 6 779
80 6 7 126
80 6 8 126
80 6 9 234
80 7 0 155
80 7 1 216
80 7 2 745
80 7 3 76
80 7 4 120
80 7 5 743
80 7 6 76
80 7 7 155
80 7 8 177
80 7 9 218
80 8 0 568
80 8 1 80
80 8 2 80
80 8 3 80
80 8 4 526
80 8 5 80
80 8 6 80
80 8 7 321
80 8 8 80
80 8 9 80
80 9 0 64
80 9 1 98
80 9 2 310
80 9 3 257
80 9 4 136
80 9 5 392
80 9 6 102
80 9 7 431
80 9 8 102
80 9 9 140
100 0 0 89
100 0 1 226
100 0 2 449
100 0 3 89
100 0 4 89
100 0 5 89
100 0 6 405
100 0 7 522
100 0 8 232
100 0 9 137
100 1 0 235
100 1 1 544
100 1 2 227
100 1 3 845
100 1 4 227
100 1 5 187
100 1 6 357
100 1 7 316
100 1 8 184
100 1 9 238
100 2 0 152
100 2 1 152
100 2 2 198
100 2 3 314
100 2 4 152
100 2 5 314
100 2 6 152
100 2 7 314
100 2 8 275
100 2 9 198
100 3 0 141
100 3 1 141
100 3 2 239
100 3 3 236
100 3 4 187
100 3 5 141
100 3 6 232
100 3 7 141
100 3 8 236
100 3 9 141
100 4 0 284
100 4 1 280
100 4 2 241
100 4 3 280
100 4 4 196
100 4 5 275
100 4 6 284
100 4 7 284
100 4 8 284
100 4 9 193
100 5 0 246
100 5 1 165
100 5 2 246
100 5 3 113
100 5 4 294
100 5 5 261
100 5 6 165
100 5 7 169
100 5 8 113
100 5 9 260
100 6 0 100
100 6 1 181
100 6 2 100
100 6 3 181
100 6 4 181
100 6 5 100
100 6 6 100
100 6 7 1041
100 6 8 181
100 6 9 100
100 7 0 146
100 7 1 98
100 7 2 250
100 7 3 154
100 7 4 204
100 7 5 154
100 7 6 1218
100 7 7 250
100 7 8 154
100 7 9 204
100 8 0 157
100 8 1 1168
100 8 2 1133
100 8 3 98
100 8 4 152
100 8 5 608
100 8 6 757
100 8 7 98
100 8 8 152
100 8 9 390
100 9 0 190
100 9 1 287
100 9 2 144
100 9 3 248
100 9 4 1099
100 9 5 241
100 9 6 231
100 9 7 248
100 9 8 241
100 9 9 190
