60 0 0 445
60 0 1 415
60 0 2 402
60 1 0 410
60 1 1 428
60 1 2 425
60 2 0 439
60 2 1 443
60 2 2 430
60 3 0 427
60 3 1 422
60 3 2 422
60 4 0 433
60 4 1 440
60 4 2 404
60 5 0 444
60 5 1 445
60 5 2 454
60 6 0 445
60 6 1 439
60 6 2 451
60 7 0 443
60 7 1 408
60 7 2 427
60 8 0 428
60 8 1 435
60 8 2 458
60 9 0 420
60 9 1 451
60 9 2 426
80 0 0 809
80 0 1 786
80 0 2 789
80 1 0 760
80 1 1 682
80 1 2 799
80 2 0 698
80 2 1 789
80 2 2 771
80 3 0 719
80 3 1 750
80 3 2 783
80 4 0 806
80 4 1 729
80 4 2 746
80 5 0 722
80 5 1 798
80 5 2 783
80 6 0 707
80 6 1 762
80 6 2 793
80 7 0 790
80 7 1 747
80 7 2 796
80 8 0 784
80 8 1 718
80 8 2 799
80 9 0 692
80 9 1 769
80 9 2 777
100 0 0 1217
100 0 1 1224
100 0 2 1252
100 1 0 1251
100 1 1 1265
100 1 2 1232
100 2 0 1215
100 2 1 1199
100 2 2 1229
100 3 0 1235
100 3 1 1264
100 3 2 1169
100 4 0 1225
100 4 1 1286
100 4 2 1143
100 5 0 1249
100 5 1 1186
100 5 2 1197
100 6 0 1184
100 6 1 1248
100 6 2 1214
100 7 0 1182
100 7 1 1207
100 7 2 1250
100 8 0 1195
100 8 1 1120
100 8 2 1232
100 9 0 1224
100 9 1 1236
100 9 2 1206
60 0 3 434
60 0 4 435
60 0 5 449
60 0 6 391
60 0 7 349
60 0 8 343
60 0 9 363
60 0 10 447
60 1 3 442
60 1 4 401
60 1 5 427
60 1 6 438
60 1 7 448
60 1 8 431
60 1 9 420
60 1 10 452
60 2 3 434
60 2 4 427
60 2 5 437
60 2 6 444
60 2 7 454
60 2 8 451
60 2 9 442
60 2 10 446
60 3 3 446
60 3 4 402
60 3 5 395
60 3 6 409
60 3 7 423
60 3 8 434
60 3 9 448
60 3 10 422
60 4 3 452
60 4 4 439
60 4 5 380
60 4 6 419
60 4 7 399
60 4 8 410
60 4 9 446
60 4 10 417
60 5 3 443
60 5 4 430
60 5 5 437
60 5 6 467
60 5 7 441
60 5 8 423
60 5 9 412
60 5 10 462
60 6 3 441
60 6 4 381
60 6 5 428
60 6 6 443
60 6 7 420
60 6 8 376
60 6 9 370
60 6 10 440
60 7 3 454
60 7 4 439
60 7 5 378
60 7 6 432
60 7 7 451
60 7 8 436
60 7 9 440
60 7 10 452
60 8 3 412
60 8 4 417
60 8 5 437
60 8 6 449
60 8 7 439
60 8 8 445
60 8 9 439
60 8 10 462
60 9 3 373
60 9 4 444
60 9 5 449
60 9 6 468
60 9 7 435
60 9 8 443
60 9 9 399
60 9 10 427
80 0 3 774
80 0 4 811
80 0 5 745
80 0 6 746
80 0 7 733
80 0 8 770
80 0 9 819
80 0 10 784
80 1 3 756
80 1 4 790
80 1 5 794
80 1 6 815
80 1 7 802
80 1 8 803
80 1 9 785
80 1 10 766
80 2 3 775
80 2 4 811
80 2 5 816
80 2 6 804
80 2 7 793
80 2 8 753
80 2 9 739
80 2 10 794
80 3 3 791
80 3 4 790
80 3 5 795
80 3 6 765
80 3 7 783
80 3 8 777
80 3 9 793
80 3 10 783
80 4 3 790
80 4 4 727
80 4 5 761
80 4 6 752
80 4 7 775
80 4 8 812
80 4 9 789
80 4 10 791
80 5 3 792
80 5 4 763
80 5 5 799
80 5 6 715
80 5 7 799
80 5 8 775
80 5 9 776
80 5 10 808
80 6 3 816
80 6 4 781
80 6 5 792
80 6 6 782
80 6 7 807
80 6 8 795
80 6 9 685
80 6 10 791
80 7 3 724
80 7 4 805
80 7 5 809
80 7 6 778
80 7 7 800
80 7 8 757
80 7 9 783
80 7 10 780
80 8 3 788
80 8 4 750
80 8 5 715
80 8 6 783
80 8 7 709
80 8 8 732
80 8 9 770
80 8 10 795
80 9 3 790
80 9 4 814
80 9 5 807
80 9 6 759
80 9 7 746
80 9 8 793
80 9 9 793
80 9 10 770
100 0 3 1257
100 0 4 1244
100 0 5 1209
100 0 6 1185
100 0 7 1233
100 0 8 1242
100 0 9 1237
100 0 10 1244
100 1 3 1265
100 1 4 1241
100 1 5 1224
100 1 6 1248
100 1 7 1200
100 1 8 1240
100 1 9 1225
100 1 10 1203
100 2 3 1204
100 2 4 1222
100 2 5 1194
100 2 6 1251
100 2 7 1257
100 2 8 1254
100 2 9 1260
100 2 10 1181
100 3 3 1226
100 3 4 1220
100 3 5 1202
100 3 6 1207
100 3 7 1241
100 3 8 1195
100 3 9 1213
100 3 10 1252
100 4 3 1224
100 4 4 1243
100 4 5 1202
100 4 6 1213
100 4 7 1205
100 4 8 1234
100 4 9 1244
100 4 10 1247
100 5 3 1216
100 5 4 1165
100 5 5 1111
100 5 6 1250
100 5 7 1171
100 5 8 1220
100 5 9 1235
100 5 10 1180
100 6 3 1244
100 6 4 1183
100 6 5 1257
100 6 6 1216
100 6 7 1225
100 6 8 1258
100 6 9 1222
100 6 10 1250
100 7 3 1204
100 7 4 1081
100 7 5 1226
100 7 6 1246
100 7 7 1227
100 7 8 1235
100 7 9 1170
100 7 10 1228
100 8 3 1194
100 8 4 1257
100 8 5 1243
100 8 6 1206
100 8 7 1247
100 8 8 1136
100 8 9 1232
100 8 10 1208
100 9 3 1228
100 9 4 1173
100 9 5 1218
100 9 6 1240
100 9 7 1258
100 9 8 1238
100 9 9 1240
100 9 10 1188
