60 0 0 450
60 0 1 430
60 0 2 450
60 1 0 446
60 1 1 422
60 1 2 432
60 2 0 423
60 2 1 441
60 2 2 387
60 3 0 376
60 3 1 421
60 3 2 463
60 4 0 440
60 4 1 444
60 4 2 442
60 5 0 412
60 5 1 454
60 5 2 433
60 6 0 437
60 6 1 424
60 6 2 429
60 7 0 424
60 7 1 388
60 7 2 436
60 8 0 448
60 8 1 459
60 8 2 446
60 9 0 456
60 9 1 445
60 9 2 442
80 0 0 803
80 0 1 792
80 0 2 823
80 1 0 743
80 1 1 798
80 1 2 789
80 2 0 740
80 2 1 794
80 2 2 782
80 3 0 798
80 3 1 778
80 3 2 794
80 4 0 788
80 4 1 806
80 4 2 705
80 5 0 788
80 5 1 778
80 5 2 802
80 6 0 788
80 6 1 790
80 6 2 771
80 7 0 724
80 7 1 789
80 7 2 788
80 8 0 758
80 8 1 797
80 8 2 782
80 9 0 778
80 9 1 792
80 9 2 735
100 0 0 1230
100 0 1 1212
100 0 2 1226
100 1 0 1178
100 1 1 1202
100 1 2 1260
100 2 0 1221
100 2 1 1265
100 2 2 1218
100 3 0 1239
100 3 1 1228
100 3 2 1236
100 4 0 1254
100 4 1 1222
100 4 2 1254
100 5 0 1236
100 5 1 1231
100 5 2 1246
100 6 0 1225
100 6 1 1224
100 6 2 1240
100 7 0 1184
100 7 1 1201
100 7 2 1220
100 8 0 1208
100 8 1 1244
100 8 2 1243
100 9 0 1249
100 9 1 1260
100 9 2 1213
60 0 3 454
60 0 4 416
60 0 5 382
60 0 6 450
60 0 7 450
60 0 8 444
60 0 9 422
60 0 10 462
60 1 3 425
60 1 4 441
60 1 5 408
60 1 6 431
60 1 7 430
60 1 8 427
60 1 9 433
60 1 10 438
60 2 3 449
60 2 4 460
60 2 5 460
60 2 6 439
60 2 7 425
60 2 8 441
60 2 9 390
60 2 10 460
60 3 3 413
60 3 4 437
60 3 5 445
60 3 6 458
60 3 7 441
60 3 8 443
60 3 9 451
60 3 10 441
60 4 3 468
60 4 4 431
60 4 5 453
60 4 6 427
60 4 7 459
60 4 8 422
60 4 9 449
60 4 10 439
60 5 3 434
60 5 4 450
60 5 5 439
60 5 6 470
60 5 7 445
60 5 8 438
60 5 9 454
60 5 10 435
60 6 3 440
60 6 4 421
60 6 5 423
60 6 6 450
60 6 7 443
60 6 8 435
60 6 9 429
60 6 10 472
60 7 3 438
60 7 4 433
60 7 5 442
60 7 6 415
60 7 7 439
60 7 8 433
60 7 9 417
60 7 10 360
60 8 3 428
60 8 4 426
60 8 5 356
60 8 6 404
60 8 7 423
60 8 8 427
60 8 9 405
60 8 10 432
60 9 3 446
60 9 4 419
60 9 5 382
60 9 6 305
60 9 7 437
60 9 8 451
60 9 9 456
60 9 10 459
80 0 3 828
80 0 4 736
80 0 5 802
80 0 6 790
80 0 7 801
80 0 8 773
80 0 9 800
80 0 10 811
80 1 3 798
80 1 4 800
80 1 5 792
80 1 6 827
80 1 7 781
80 1 8 756
80 1 9 813
80 1 10 780
80 2 3 780
80 2 4 788
80 2 5 781
80 2 6 804
80 2 7 815
80 2 8 758
80 2 9 805
80 2 10 736
80 3 3 816
80 3 4 802
80 3 5 791
80 3 6 805
80 3 7 786
80 3 8 800
80 3 9 774
80 3 10 784
80 4 3 802
80 4 4 762
80 4 5 755
80 4 6 776
80 4 7 769
80 4 8 791
80 4 9 766
80 4 10 799
80 5 3 783
80 5 4 795
80 5 5 783
80 5 6 811
80 5 7 795
80 5 8 782
80 5 9 786
80 5 10 791
80 6 3 793
80 6 4 795
80 6 5 806
80 6 6 787
80 6 7 731
80 6 8 811
80 6 9 829
80 6 10 792
80 7 3 770
80 7 4 792
80 7 5 802
80 7 6 811
80 7 7 796
80 7 8 787
80 7 9 776
80 7 10 779
80 8 3 760
80 8 4 785
80 8 5 739
80 8 6 797
80 8 7 766
80 8 8 783
80 8 9 795
80 8 10 780
80 9 3 788
80 9 4 785
80 9 5 788
80 9 6 802
80 9 7 778
80 9 8 778
80 9 9 782
80 9 10 799
100 0 3 1230
100 0 4 1216
100 0 5 1254
100 0 6 1129
100 0 7 1247
100 0 8 1226
100 0 9 1192
100 0 10 1242
100 1 3 1235
100 1 4 1252
100 1 5 1253
100 1 6 1221
100 1 7 1244
100 1 8 1246
100 1 9 1236
100 1 10 1229
100 2 3 1255
100 2 4 1228
100 2 5 1266
100 2 6 1216
100 2 7 1210
100 2 8 1237
100 2 9 1274
100 2 10 1231
100 3 3 1230
100 3 4 1252
100 3 5 1235
100 3 6 1231
100 3 7 1230
100 3 8 1220
100 3 9 1223
100 3 10 1264
100 4 3 1220
100 4 4 1223
100 4 5 1255
100 4 6 1232
100 4 7 1227
100 4 8 1219
100 4 9 1235
100 4 10 1212
100 5 3 1226
100 5 4 1212
100 5 5 1240
100 5 6 1261
100 5 7 1272
100 5 8 1247
100 5 9 1207
100 5 10 1216
100 6 3 1249
100 6 4 1286
100 6 5 1236
100 6 6 1249
100 6 7 1262
100 6 8 1225
100 6 9 1241
100 6 10 1185
100 7 3 1268
100 7 4 1247
100 7 5 1223
100 7 6 1164
100 7 7 1255
100 7 8 1206
100 7 9 1264
100 7 10 1225
100 8 3 1223
100 8 4 1220
100 8 5 1243
100 8 6 1236
100 8 7 1258
100 8 8 1197
100 8 9 1248
100 8 10 1156
100 9 3 1239
100 9 4 1246
100 9 5 1194
100 9 6 1232
100 9 7 1231
100 9 8 1235
100 9 9 1203
100 9 10 1260
