60 0 0 427
60 0 1 351
60 0 2 400
60 1 0 428
60 1 1 455
60 1 2 391
60 2 0 457
60 2 1 429
60 2 2 389
60 3 0 427
60 3 1 423
60 3 2 428
60 4 0 438
60 4 1 336
60 4 2 390
60 5 0 437
60 5 1 440
60 5 2 447
60 6 0 409
60 6 1 429
60 6 2 413
60 7 0 218
60 7 1 440
60 7 2 444
60 8 0 464
60 8 1 453
60 8 2 441
60 9 0 357
60 9 1 435
60 9 2 428
80 0 0 764
80 0 1 771
80 0 2 766
80 1 0 783
80 1 1 769
80 1 2 787
80 2 0 799
80 2 1 757
80 2 2 778
80 3 0 747
80 3 1 761
80 3 2 761
80 4 0 787
80 4 1 761
80 4 2 797
80 5 0 769
80 5 1 772
80 5 2 723
80 6 0 780
80 6 1 783
80 6 2 774
80 7 0 642
80 7 1 780
80 7 2 735
80 8 0 787
80 8 1 769
80 8 2 780
80 9 0 717
80 9 1 726
80 9 2 772
100 0 0 1185
100 0 1 1202
100 0 2 1224
100 1 0 1204
100 1 1 1117
100 1 2 1222
100 2 0 1210
100 2 1 1203
100 2 2 1259
100 3 0 1178
100 3 1 774
100 3 2 1200
100 4 0 925
100 4 1 1247
100 4 2 1251
100 5 0 1204
100 5 1 1242
100 5 2 1246
100 6 0 1210
100 6 1 1179
100 6 2 1091
100 7 0 1250
100 7 1 1213
100 7 2 1223
100 8 0 1221
100 8 1 1236
100 8 2 1237
100 9 0 1249
100 9 1 1226
100 9 2 1190
60 0 3 410
60 0 4 455
60 0 5 429
60 0 6 385
60 0 7 441
60 0 8 435
60 0 9 430
60 0 10 448
60 1 3 425
60 1 4 419
60 1 5 440
60 1 6 448
60 1 7 438
60 1 8 413
60 1 9 402
60 1 10 406
60 2 3 447
60 2 4 412
60 2 5 407
60 2 6 329
60 2 7 318
60 2 8 437
60 2 9 445
60 2 10 424
60 3 3 329
60 3 4 424
60 3 5 438
60 3 6 314
60 3 7 475
60 3 8 441
60 3 9 413
60 3 10 429
60 4 3 403
60 4 4 428
60 4 5 447
60 4 6 353
60 4 7 430
60 4 8 384
60 4 9 417
60 4 10 398
60 5 3 432
60 5 4 443
60 5 5 438
60 5 6 435
60 5 7 423
60 5 8 442
60 5 9 435
60 5 10 443
60 6 3 431
60 6 4 428
60 6 5 436
60 6 6 381
60 6 7 434
60 6 8 421
60 6 9 449
60 6 10 416
60 7 3 391
60 7 4 448
60 7 5 433
60 7 6 321
60 7 7 410
60 7 8 449
60 7 9 458
60 7 10 393
60 8 3 441
60 8 4 457
60 8 5 424
60 8 6 424
60 8 7 394
60 8 8 441
60 8 9 442
60 8 10 347
60 9 3 446
60 9 4 450
60 9 5 334
60 9 6 440
60 9 7 447
60 9 8 423
60 9 9 439
60 9 10 439
80 0 3 648
80 0 4 780
80 0 5 772
80 0 6 737
80 0 7 775
80 0 8 717
80 0 9 758
80 0 10 656
80 1 3 794
80 1 4 788
80 1 5 786
80 1 6 774
80 1 7 771
80 1 8 757
80 1 9 739
80 1 10 636
80 2 3 819
80 2 4 698
80 2 5 706
80 2 6 646
80 2 7 770
80 2 8 761
80 2 9 807
80 2 10 794
80 3 3 812
80 3 4 726
80 3 5 774
80 3 6 796
80 3 7 743
80 3 8 754
80 3 9 719
80 3 10 795
80 4 3 718
80 4 4 716
80 4 5 780
80 4 6 734
80 4 7 748
80 4 8 749
80 4 9 783
80 4 10 772
80 5 3 557
80 5 4 800
80 5 5 654
80 5 6 726
80 5 7 784
80 5 8 665
80 5 9 791
80 5 10 744
80 6 3 790
80 6 4 738
80 6 5 739
80 6 6 788
80 6 7 672
80 6 8 789
80 6 9 745
80 6 10 787
80 7 3 760
80 7 4 779
80 7 5 799
80 7 6 786
80 7 7 629
80 7 8 751
80 7 9 783
80 7 10 642
80 8 3 770
80 8 4 775
80 8 5 797
80 8 6 761
80 8 7 564
80 8 8 800
80 8 9 799
80 8 10 792
80 9 3 717
80 9 4 686
80 9 5 772
80 9 6 815
80 9 7 645
80 9 8 806
80 9 9 699
80 9 10 754
100 0 3 1216
100 0 4 1258
100 0 5 1201
100 0 6 1199
100 0 7 1149
100 0 8 1160
100 0 9 1233
100 0 10 1083
100 1 3 1246
100 1 4 1215
100 1 5 1227
100 1 6 1117
100 1 7 1162
100 1 8 1247
100 1 9 1143
100 1 10 1252
100 2 3 981
100 2 4 947
100 2 5 1226
100 2 6 1214
100 2 7 1234
100 2 8 1140
100 2 9 1172
100 2 10 1263
100 3 3 1172
100 3 4 1228
100 3 5 1126
100 3 6 1121
100 3 7 1233
100 3 8 1210
100 3 9 1229
100 3 10 983
100 4 3 1185
100 4 4 1245
100 4 5 1213
100 4 6 1088
100 4 7 993
100 4 8 1247
100 4 9 1221
100 4 10 1142
100 5 3 1225
100 5 4 1146
100 5 5 1200
100 5 6 1188
100 5 7 1079
100 5 8 948
100 5 9 1128
100 5 10 1219
100 6 3 1166
100 6 4 1215
100 6 5 1232
100 6 6 1215
100 6 7 1196
100 6 8 1219
100 6 9 1225
100 6 10 1215
100 7 3 1230
100 7 4 1230
100 7 5 1227
100 7 6 1185
100 7 7 1221
100 7 8 1254
100 7 9 1204
100 7 10 1168
100 8 3 1203
100 8 4 1220
100 8 5 1205
100 8 6 1228
100 8 7 1223
100 8 8 1251
100 8 9 1135
100 8 10 1197
100 9 3 1253
100 9 4 1238
100 9 5 1204
100 9 6 1240
100 9 7 1161
100 9 8 1245
100 9 9 1266
100 9 10 1215
