60 0 0 444
60 0 1 446
60 0 2 428
60 1 0 444
60 1 1 465
60 1 2 446
60 2 0 445
60 2 1 436
60 2 2 451
60 3 0 376
60 3 1 446
60 3 2 369
60 4 0 428
60 4 1 419
60 4 2 477
60 5 0 440
60 5 1 420
60 5 2 467
60 6 0 433
60 6 1 444
60 6 2 443
60 7 0 447
60 7 1 427
60 7 2 421
60 8 0 435
60 8 1 393
60 8 2 426
60 9 0 443
60 9 1 425
60 9 2 428
80 0 0 813
80 0 1 775
80 0 2 793
80 1 0 701
80 1 1 765
80 1 2 792
80 2 0 761
80 2 1 755
80 2 2 760
80 3 0 783
80 3 1 773
80 3 2 676
80 4 0 797
80 4 1 770
80 4 2 751
80 5 0 759
80 5 1 768
80 5 2 757
80 6 0 787
80 6 1 790
80 6 2 756
80 7 0 752
80 7 1 683
80 7 2 797
80 8 0 817
80 8 1 742
80 8 2 764
80 9 0 739
80 9 1 770
80 9 2 745
100 0 0 1068
100 0 1 1220
100 0 2 1252
100 1 0 1148
100 1 1 1220
100 1 2 1246
100 2 0 1177
100 2 1 1096
100 2 2 1229
100 3 0 1234
100 3 1 1253
100 3 2 1237
100 4 0 1138
100 4 1 1226
100 4 2 1235
100 5 0 1248
100 5 1 1250
100 5 2 1233
100 6 0 1090
100 6 1 1229
100 6 2 1231
100 7 0 1179
100 7 1 1223
100 7 2 1265
100 8 0 1277
100 8 1 1185
100 8 2 1261
100 9 0 1229
100 9 1 1188
100 9 2 1253
60 0 3 440
60 0 4 323
60 0 5 441
60 0 6 419
60 0 7 436
60 0 8 385
60 0 9 262
60 0 10 428
60 1 3 404
60 1 4 421
60 1 5 431
60 1 6 447
60 1 7 451
60 1 8 424
60 1 9 427
60 1 10 433
60 2 3 433
60 2 4 451
60 2 5 442
60 2 6 446
60 2 7 414
60 2 8 434
60 2 9 440
60 2 10 454
60 3 3 441
60 3 4 408
60 3 5 443
60 3 6 418
60 3 7 448
60 3 8 435
60 3 9 452
60 3 10 425
60 4 3 374
60 4 4 448
60 4 5 439
60 4 6 445
60 4 7 396
60 4 8 466
60 4 9 436
60 4 10 437
60 5 3 438
60 5 4 355
60 5 5 461
60 5 6 425
60 5 7 420
60 5 8 438
60 5 9 451
60 5 10 462
60 6 3 429
60 6 4 435
60 6 5 414
60 6 6 456
60 6 7 452
60 6 8 412
60 6 9 439
60 6 10 423
60 7 3 398
60 7 4 441
60 7 5 452
60 7 6 435
60 7 7 413
60 7 8 414
60 7 9 412
60 7 10 411
60 8 3 440
60 8 4 444
60 8 5 376
60 8 6 441
60 8 7 448
60 8 8 446
60 8 9 424
60 8 10 462
60 9 3 421
60 9 4 455
60 9 5 438
60 9 6 436
60 9 7 425
60 9 8 405
60 9 9 441
60 9 10 368
80 0 3 791
80 0 4 776
80 0 5 788
80 0 6 752
80 0 7 782
80 0 8 805
80 0 9 767
80 0 10 785
80 1 3 784
80 1 4 772
80 1 5 792
80 1 6 768
80 1 7 770
80 1 8 804
80 1 9 790
80 1 10 790
80 2 3 782
80 2 4 731
80 2 5 794
80 2 6 769
80 2 7 787
80 2 8 720
80 2 9 582
80 2 10 771
80 3 3 781
80 3 4 743
80 3 5 738
80 3 6 784
80 3 7 782
80 3 8 746
80 3 9 794
80 3 10 786
80 4 3 804
80 4 4 797
80 4 5 780
80 4 6 760
80 4 7 796
80 4 8 788
80 4 9 773
80 4 10 775
80 5 3 752
80 5 4 786
80 5 5 799
80 5 6 745
80 5 7 783
80 5 8 790
80 5 9 806
80 5 10 787
80 6 3 729
80 6 4 793
80 6 5 785
80 6 6 785
80 6 7 784
80 6 8 767
80 6 9 807
80 6 10 805
80 7 3 714
80 7 4 792
80 7 5 794
80 7 6 782
80 7 7 753
80 7 8 665
80 7 9 802
80 7 10 824
80 8 3 698
80 8 4 803
80 8 5 780
80 8 6 798
80 8 7 809
80 8 8 789
80 8 9 788
80 8 10 788
80 9 3 768
80 9 4 779
80 9 5 759
80 9 6 792
80 9 7 767
80 9 8 743
80 9 9 813
80 9 10 761
100 0 3 1263
100 0 4 1243
100 0 5 1268
100 0 6 1189
100 0 7 1216
100 0 8 1242
100 0 9 1188
100 0 10 1260
100 1 3 1188
100 1 4 1204
100 1 5 1240
100 1 6 1189
100 1 7 1087
100 1 8 1251
100 1 9 1233
100 1 10 1219
100 2 3 1218
100 2 4 1223
100 2 5 1268
100 2 6 1199
100 2 7 1243
100 2 8 1247
100 2 9 1235
100 2 10 1241
100 3 3 1244
100 3 4 1217
100 3 5 1092
100 3 6 1272
100 3 7 1227
100 3 8 1245
100 3 9 1248
100 3 10 1211
100 4 3 1236
100 4 4 1162
100 4 5 1231
100 4 6 1250
100 4 7 1219
100 4 8 1237
100 4 9 1174
100 4 10 1189
100 5 3 1188
100 5 4 1258
100 5 5 1243
100 5 6 1284
100 5 7 1226
100 5 8 1247
100 5 9 1231
100 5 10 1241
100 6 3 1231
100 6 4 1217
100 6 5 1083
100 6 6 1246
100 6 7 1208
100 6 8 1196
100 6 9 1204
100 6 10 1209
100 7 3 1225
100 7 4 1180
100 7 5 1242
100 7 6 1220
100 7 7 1201
100 7 8 1242
100 7 9 1236
100 7 10 1236
100 8 3 1251
100 8 4 1244
100 8 5 1192
100 8 6 1155
100 8 7 1226
100 8 8 1252
100 8 9 1188
100 8 10 1050
100 9 3 1256
100 9 4 1217
100 9 5 1213
100 9 6 1227
100 9 7 1254
100 9 8 1189
100 9 9 1231
100 9 10 1276
