60 0 0 425
60 0 1 422
60 0 2 408
60 1 0 444
60 1 1 424
60 1 2 446
60 2 0 442
60 2 1 450
60 2 2 418
60 3 0 380
60 3 1 456
60 3 2 443
60 4 0 455
60 4 1 378
60 4 2 434
60 5 0 417
60 5 1 433
60 5 2 440
60 6 0 439
60 6 1 427
60 6 2 421
60 7 0 440
60 7 1 450
60 7 2 438
60 8 0 441
60 8 1 462
60 8 2 449
60 9 0 469
60 9 1 435
60 9 2 441
80 0 0 787
80 0 1 789
80 0 2 752
80 1 0 813
80 1 1 812
80 1 2 746
80 2 0 769
80 2 1 771
80 2 2 796
80 3 0 775
80 3 1 788
80 3 2 791
80 4 0 789
80 4 1 789
80 4 2 749
80 5 0 751
80 5 1 775
80 5 2 753
80 6 0 815
80 6 1 794
80 6 2 804
80 7 0 814
80 7 1 788
80 7 2 816
80 8 0 749
80 8 1 727
80 8 2 766
80 9 0 767
80 9 1 785
80 9 2 797
100 0 0 1154
100 0 1 1249
100 0 2 1255
100 1 0 1249
100 1 1 1248
100 1 2 1253
100 2 0 1247
100 2 1 1084
100 2 2 1269
100 3 0 1271
100 3 1 1233
100 3 2 1265
100 4 0 1189
100 4 1 1236
100 4 2 1246
100 5 0 1261
100 5 1 1209
100 5 2 1172
100 6 0 1236
100 6 1 1162
100 6 2 1224
100 7 0 1266
100 7 1 1215
100 7 2 1218
100 8 0 1189
100 8 1 1225
100 8 2 1250
100 9 0 1272
100 9 1 1250
100 9 2 934
60 0 3 354
60 0 4 448
60 0 5 438
60 0 6 430
60 0 7 433
60 0 8 402
60 0 9 438
60 0 10 445
60 1 3 447
60 1 4 434
60 1 5 434
60 1 6 417
60 1 7 425
60 1 8 424
60 1 9 445
60 1 10 422
60 2 3 419
60 2 4 398
60 2 5 406
60 2 6 410
60 2 7 440
60 2 8 446
60 2 9 432
60 2 10 430
60 3 3 431
60 3 4 443
60 3 5 403
60 3 6 423
60 3 7 466
60 3 8 409
60 3 9 407
60 3 10 452
60 4 3 434
60 4 4 427
60 4 5 455
60 4 6 425
60 4 7 441
60 4 8 426
60 4 9 443
60 4 10 432
60 5 3 447
60 5 4 439
60 5 5 428
60 5 6 449
60 5 7 417
60 5 8 419
60 5 9 444
60 5 10 407
60 6 3 434
60 6 4 423
60 6 5 441
60 6 6 459
60 6 7 424
60 6 8 414
60 6 9 440
60 6 10 457
60 7 3 414
60 7 4 427
60 7 5 455
60 7 6 459
60 7 7 442
60 7 8 427
60 7 9 432
60 7 10 453
60 8 3 439
60 8 4 399
60 8 5 414
60 8 6 429
60 8 7 395
60 8 8 369
60 8 9 458
60 8 10 442
60 9 3 436
60 9 4 382
60 9 5 430
60 9 6 424
60 9 7 428
60 9 8 447
60 9 9 457
60 9 10 429
80 0 3 730
80 0 4 796
80 0 5 773
80 0 6 794
80 0 7 779
80 0 8 620
80 0 9 792
80 0 10 704
80 1 3 792
80 1 4 786
80 1 5 763
80 1 6 814
80 1 7 781
80 1 8 752
80 1 9 772
80 1 10 781
80 2 3 772
80 2 4 800
80 2 5 776
80 2 6 786
80 2 7 703
80 2 8 755
80 2 9 802
80 2 10 722
80 3 3 805
80 3 4 806
80 3 5 786
80 3 6 736
80 3 7 785
80 3 8 802
80 3 9 820
80 3 10 805
80 4 3 783
80 4 4 721
80 4 5 733
80 4 6 756
80 4 7 774
80 4 8 730
80 4 9 795
80 4 10 698
80 5 3 804
80 5 4 786
80 5 5 779
80 5 6 758
80 5 7 788
80 5 8 779
80 5 9 767
80 5 10 775
80 6 3 796
80 6 4 792
80 6 5 814
80 6 6 762
80 6 7 789
80 6 8 705
80 6 9 787
80 6 10 790
80 7 3 789
80 7 4 790
80 7 5 804
80 7 6 785
80 7 7 788
80 7 8 806
80 7 9 780
80 7 10 788
80 8 3 769
80 8 4 800
80 8 5 769
80 8 6 773
80 8 7 811
80 8 8 765
80 8 9 769
80 8 10 765
80 9 3 785
80 9 4 783
80 9 5 799
80 9 6 776
80 9 7 683
80 9 8 787
80 9 9 756
80 9 10 791
100 0 3 1201
100 0 4 1090
100 0 5 1235
100 0 6 1246
100 0 7 1271
100 0 8 1240
100 0 9 1252
100 0 10 1224
100 1 3 1212
100 1 4 1257
100 1 5 1230
100 1 6 1229
100 1 7 1192
100 1 8 1172
100 1 9 1224
100 1 10 1225
100 2 3 1220
100 2 4 1247
100 2 5 1224
100 2 6 1218
100 2 7 908
100 2 8 1266
100 2 9 1229
100 2 10 1244
100 3 3 1217
100 3 4 1252
100 3 5 1226
100 3 6 1179
100 3 7 1176
100 3 8 1187
100 3 9 1227
100 3 10 1232
100 4 3 1221
100 4 4 1177
100 4 5 1227
100 4 6 1265
100 4 7 1253
100 4 8 1224
100 4 9 1215
100 4 10 1241
100 5 3 1209
100 5 4 1256
100 5 5 1241
100 5 6 1175
100 5 7 1193
100 5 8 1225
100 5 9 1149
100 5 10 1225
100 6 3 1231
100 6 4 1238
100 6 5 1234
100 6 6 1238
100 6 7 1224
100 6 8 1213
100 6 9 1255
100 6 10 1180
100 7 3 1242
100 7 4 1226
100 7 5 1252
100 7 6 1247
100 7 7 1206
100 7 8 1230
100 7 9 1249
100 7 10 1266
100 8 3 1230
100 8 4 1219
100 8 5 1231
100 8 6 1267
100 8 7 1247
100 8 8 1096
100 8 9 1227
100 8 10 1196
100 9 3 1154
100 9 4 1218
100 9 5 1227
100 9 6 1254
100 9 7 1251
100 9 8 1130
100 9 9 1254
100 9 10 1220
