60 0 0 437
60 0 1 400
60 0 2 372
60 1 0 435
60 1 1 443
60 1 2 423
60 2 0 433
60 2 1 413
60 2 2 423
60 3 0 404
60 3 1 435
60 3 2 435
60 4 0 428
60 4 1 442
60 4 2 354
60 5 0 422
60 5 1 430
60 5 2 445
60 6 0 420
60 6 1 469
60 6 2 440
60 7 0 394
60 7 1 435
60 7 2 394
60 8 0 431
60 8 1 430
60 8 2 430
60 9 0 441
60 9 1 444
60 9 2 333
80 0 0 700
80 0 1 794
80 0 2 763
80 1 0 495
80 1 1 723
80 1 2 748
80 2 0 769
80 2 1 758
80 2 2 805
80 3 0 784
80 3 1 696
80 3 2 766
80 4 0 794
80 4 1 769
80 4 2 744
80 5 0 710
80 5 1 747
80 5 2 693
80 6 0 741
80 6 1 760
80 6 2 769
80 7 0 761
80 7 1 785
80 7 2 588
80 8 0 769
80 8 1 738
80 8 2 518
80 9 0 775
80 9 1 781
80 9 2 778
100 0 0 1246
100 0 1 1181
100 0 2 1228
100 1 0 1182
100 1 1 1229
100 1 2 994
100 2 0 1165
100 2 1 1115
100 2 2 1213
100 3 0 1218
100 3 1 1089
100 3 2 1185
100 4 0 1156
100 4 1 1210
100 4 2 1133
100 5 0 1208
100 5 1 1204
100 5 2 1215
100 6 0 1159
100 6 1 963
100 6 2 1227
100 7 0 1065
100 7 1 1240
100 7 2 1165
100 8 0 1159
100 8 1 1245
100 8 2 1142
100 9 0 1129
100 9 1 1119
100 9 2 1214
60 0 3 436
60 0 4 386
60 0 5 450
60 0 6 352
60 0 7 435
60 0 8 452
60 0 9 447
60 0 10 457
60 1 3 440
60 1 4 356
60 1 5 444
60 1 6 433
60 1 7 411
60 1 8 441
60 1 9 431
60 1 10 421
60 2 3 456
60 2 4 446
60 2 5 417
60 2 6 430
60 2 7 447
60 2 8 403
60 2 9 433
60 2 10 440
60 3 3 424
60 3 4 413
60 3 5 397
60 3 6 430
60 3 7 431
60 3 8 410
60 3 9 439
60 3 10 428
60 4 3 434
60 4 4 434
60 4 5 449
60 4 6 407
60 4 7 331
60 4 8 329
60 4 9 440
60 4 10 363
60 5 3 453
60 5 4 425
60 5 5 422
60 5 6 425
60 5 7 441
60 5 8 425
60 5 9 438
60 5 10 448
60 6 3 395
60 6 4 453
60 6 5 419
60 6 6 401
60 6 7 423
60 6 8 434
60 6 9 447
60 6 10 393
60 7 3 377
60 7 4 441
60 7 5 430
60 7 6 452
60 7 7 449
60 7 8 442
60 7 9 416
60 7 10 455
60 8 3 444
60 8 4 380
60 8 5 406
60 8 6 455
60 8 7 442
60 8 8 452
60 8 9 391
60 8 10 454
60 9 3 431
60 9 4 441
60 9 5 460
60 9 6 436
60 9 7 422
60 9 8 375
60 9 9 449
60 9 10 434
80 0 3 774
80 0 4 786
80 0 5 770
80 0 6 782
80 0 7 802
80 0 8 753
80 0 9 772
80 0 10 791
80 1 3 779
80 1 4 699
80 1 5 767
80 1 6 758
80 1 7 786
80 1 8 787
80 1 9 783
80 1 10 790
80 2 3 798
80 2 4 796
80 2 5 797
80 2 6 781
80 2 7 780
80 2 8 771
80 2 9 742
80 2 10 774
80 3 3 775
80 3 4 721
80 3 5 789
80 3 6 790
80 3 7 761
80 3 8 757
80 3 9 764
80 3 10 754
80 4 3 784
80 4 4 770
80 4 5 774
80 4 6 797
80 4 7 633
80 4 8 594
80 4 9 789
80 4 10 800
80 5 3 640
80 5 4 767
80 5 5 767
80 5 6 795
80 5 7 788
80 5 8 745
80 5 9 755
80 5 10 753
80 6 3 774
80 6 4 785
80 6 5 768
80 6 6 774
80 6 7 725
80 6 8 780
80 6 9 784
80 6 10 770
80 7 3 742
80 7 4 730
80 7 5 801
80 7 6 690
80 7 7 789
80 7 8 790
80 7 9 776
80 7 10 639
80 8 3 750
80 8 4 777
80 8 5 785
80 8 6 753
80 8 7 756
80 8 8 762
80 8 9 764
80 8 10 742
80 9 3 788
80 9 4 716
80 9 5 786
80 9 6 618
80 9 7 793
80 9 8 768
80 9 9 791
80 9 10 793
100 0 3 1241
100 0 4 1234
100 0 5 1211
100 0 6 1252
100 0 7 1248
100 0 8 1260
100 0 9 1238
100 0 10 1225
100 1 3 1235
100 1 4 1214
100 1 5 1196
100 1 6 1194
100 1 7 1120
100 1 8 1196
100 1 9 1185
100 1 10 1133
100 2 3 1270
100 2 4 1207
100 2 5 1227
100 2 6 1178
100 2 7 1228
100 2 8 1251
100 2 9 1134
100 2 10 1197
100 3 3 1241
100 3 4 1087
100 3 5 1249
100 3 6 1235
100 3 7 1232
100 3 8 1091
100 3 9 1200
100 3 10 1144
100 4 3 1211
100 4 4 1177
100 4 5 1228
100 4 6 1098
100 4 7 1216
100 4 8 1265
100 4 9 1208
100 4 10 1231
100 5 3 1219
100 5 4 1223
100 5 5 1241
100 5 6 1233
100 5 7 1279
100 5 8 1216
100 5 9 1213
100 5 10 1274
100 6 3 1218
100 6 4 1229
100 6 5 1209
100 6 6 1184
100 6 7 1226
100 6 8 1248
100 6 9 1248
100 6 10 1216
100 7 3 1163
100 7 4 1103
100 7 5 1095
100 7 6 1238
100 7 7 1237
100 7 8 1048
100 7 9 1200
100 7 10 1187
100 8 3 1012
100 8 4 1223
100 8 5 1228
100 8 6 1216
100 8 7 1165
100 8 8 1239
100 8 9 1247
100 8 10 1137
100 9 3 1164
100 9 4 1161
100 9 5 1238
100 9 6 1233
100 9 7 1231
100 9 8 1237
100 9 9 1247
100 9 10 1190
