60 0 0 453
60 0 1 445
60 0 2 444
60 1 0 432
60 1 1 445
60 1 2 448
60 2 0 434
60 2 1 449
60 2 2 425
60 3 0 433
60 3 1 452
60 3 2 451
60 4 0 453
60 4 1 458
60 4 2 406
60 5 0 420
60 5 1 431
60 5 2 417
60 6 0 456
60 6 1 444
60 6 2 449
60 7 0 440
60 7 1 449
60 7 2 450
60 8 0 425
60 8 1 452
60 8 2 419
60 9 0 429
60 9 1 434
60 9 2 380
80 0 0 788
80 0 1 793
80 0 2 763
80 1 0 790
80 1 1 775
80 1 2 762
80 2 0 798
80 2 1 734
80 2 2 778
80 3 0 787
80 3 1 746
80 3 2 778
80 4 0 818
80 4 1 815
80 4 2 788
80 5 0 793
80 5 1 710
80 5 2 783
80 6 0 789
80 6 1 784
80 6 2 663
80 7 0 764
80 7 1 791
80 7 2 796
80 8 0 781
80 8 1 772
80 8 2 772
80 9 0 799
80 9 1 782
80 9 2 777
100 0 0 1161
100 0 1 1262
100 0 2 1223
100 1 0 1250
100 1 1 1250
100 1 2 1229
100 2 0 1258
100 2 1 1253
100 2 2 1241
100 3 0 1257
100 3 1 1204
100 3 2 1210
100 4 0 1240
100 4 1 1232
100 4 2 1251
100 5 0 1250
100 5 1 1246
100 5 2 1196
100 6 0 1230
100 6 1 1250
100 6 2 1209
100 7 0 1196
100 7 1 1220
100 7 2 1226
100 8 0 1282
100 8 1 1250
100 8 2 1185
100 9 0 1241
100 9 1 1233
100 9 2 1156
60 0 3 388
60 0 4 456
60 0 5 460
60 0 6 432
60 0 7 422
60 0 8 412
60 0 9 399
60 0 10 441
60 1 3 443
60 1 4 416
60 1 5 446
60 1 6 442
60 1 7 460
60 1 8 411
60 1 9 432
60 1 10 439
60 2 3 445
60 2 4 415
60 2 5 432
60 2 6 444
60 2 7 415
60 2 8 409
60 2 9 436
60 2 10 427
60 3 3 442
60 3 4 450
60 3 5 437
60 3 6 449
60 3 7 383
60 3 8 434
60 3 9 440
60 3 10 436
60 4 3 453
60 4 4 459
60 4 5 384
60 4 6 434
60 4 7 444
60 4 8 426
60 4 9 450
60 4 10 448
60 5 3 432
60 5 4 417
60 5 5 436
60 5 6 417
60 5 7 406
60 5 8 459
60 5 9 437
60 5 10 442
60 6 3 377
60 6 4 434
60 6 5 450
60 6 6 398
60 6 7 449
60 6 8 455
60 6 9 435
60 6 10 419
60 7 3 423
60 7 4 436
60 7 5 456
60 7 6 449
60 7 7 412
60 7 8 429
60 7 9 434
60 7 10 457
60 8 3 417
60 8 4 438
60 8 5 447
60 8 6 442
60 8 7 448
60 8 8 423
60 8 9 441
60 8 10 442
60 9 3 453
60 9 4 446
60 9 5 421
60 9 6 448
60 9 7 425
60 9 8 449
60 9 9 460
60 9 10 433
80 0 3 761
80 0 4 800
80 0 5 759
80 0 6 739
80 0 7 728
80 0 8 798
80 0 9 803
80 0 10 784
80 1 3 747
80 1 4 808
80 1 5 814
80 1 6 717
80 1 7 682
80 1 8 812
80 1 9 675
80 1 10 774
80 2 3 774
80 2 4 774
80 2 5 793
80 2 6 787
80 2 7 794
80 2 8 793
80 2 9 816
80 2 10 763
80 3 3 784
80 3 4 776
80 3 5 820
80 3 6 792
80 3 7 795
80 3 8 782
80 3 9 800
80 3 10 808
80 4 3 798
80 4 4 775
80 4 5 804
80 4 6 794
80 4 7 761
80 4 8 774
80 4 9 788
80 4 10 779
80 5 3 770
80 5 4 734
80 5 5 781
80 5 6 807
80 5 7 777
80 5 8 799
80 5 9 798
80 5 10 801
80 6 3 738
80 6 4 803
80 6 5 783
80 6 6 782
80 6 7 704
80 6 8 765
80 6 9 790
80 6 10 685
80 7 3 761
80 7 4 812
80 7 5 764
80 7 6 752
80 7 7 799
80 7 8 805
80 7 9 790
80 7 10 768
80 8 3 794
80 8 4 817
80 8 5 786
80 8 6 740
80 8 7 732
80 8 8 784
80 8 9 789
80 8 10 805
80 9 3 704
80 9 4 797
80 9 5 809
80 9 6 798
80 9 7 789
80 9 8 789
80 9 9 795
80 9 10 780
100 0 3 1243
100 0 4 1216
100 0 5 1214
100 0 6 1226
100 0 7 1229
100 0 8 1208
100 0 9 1208
100 0 10 1281
100 1 3 1193
100 1 4 1262
100 1 5 1225
100 1 6 1218
100 1 7 1203
100 1 8 1227
100 1 9 1216
100 1 10 1246
100 2 3 1221
100 2 4 1230
100 2 5 1252
100 2 6 1189
100 2 7 1248
100 2 8 1233
100 2 9 1239
100 2 10 1229
100 3 3 1240
100 3 4 1241
100 3 5 1227
100 3 6 1212
100 3 7 1220
100 3 8 1209
100 3 9 1260
100 3 10 1233
100 4 3 1229
100 4 4 1226
100 4 5 1199
100 4 6 1228
100 4 7 1262
100 4 8 1239
100 4 9 1229
100 4 10 1236
100 5 3 1210
100 5 4 1266
100 5 5 1256
100 5 6 1172
100 5 7 1213
100 5 8 1252
100 5 9 1233
100 5 10 1246
100 6 3 1245
100 6 4 1151
100 6 5 1223
100 6 6 1143
100 6 7 1242
100 6 8 1256
100 6 9 1184
100 6 10 1183
100 7 3 1226
100 7 4 1241
100 7 5 1233
100 7 6 1238
100 7 7 1252
100 7 8 1238
100 7 9 1264
100 7 10 1217
100 8 3 1178
100 8 4 1230
100 8 5 1213
100 8 6 1217
100 8 7 1213
100 8 8 1216
100 8 9 1231
100 8 10 1224
100 9 3 1230
100 9 4 1252
100 9 5 1238
100 9 6 1254
100 9 7 1229
100 9 8 1231
100 9 9 1199
100 9 10 1206
