60 0 0 428
60 0 1 444
60 0 2 428
60 1 0 429
60 1 1 454
60 1 2 436
60 2 0 451
60 2 1 449
60 2 2 421
60 3 0 435
60 3 1 438
60 3 2 449
60 4 0 438
60 4 1 458
60 4 2 455
60 5 0 432
60 5 1 450
60 5 2 420
60 6 0 467
60 6 1 411
60 6 2 435
60 7 0 425
60 7 1 461
60 7 2 405
60 8 0 445
60 8 1 432
60 8 2 427
60 9 0 450
60 9 1 442
60 9 2 383
80 0 0 772
80 0 1 737
80 0 2 798
80 1 0 786
80 1 1 732
80 1 2 800
80 2 0 800
80 2 1 796
80 2 2 772
80 3 0 742
80 3 1 820
80 3 2 806
80 4 0 808
80 4 1 808
80 4 2 807
80 5 0 696
80 5 1 784
80 5 2 761
80 6 0 776
80 6 1 738
80 6 2 720
80 7 0 794
80 7 1 785
80 7 2 772
80 8 0 746
80 8 1 762
80 8 2 738
80 9 0 775
80 9 1 664
80 9 2 785
100 0 0 1215
100 0 1 1223
100 0 2 1249
100 1 0 1164
100 1 1 1234
100 1 2 1213
100 2 0 1266
100 2 1 1047
100 2 2 1281
100 3 0 1187
100 3 1 1232
100 3 2 1227
100 4 0 1236
100 4 1 1210
100 4 2 1247
100 5 0 1190
100 5 1 1173
100 5 2 1232
100 6 0 1195
100 6 1 1255
100 6 2 1255
100 7 0 1231
100 7 1 1235
100 7 2 1254
100 8 0 1152
100 8 1 1227
100 8 2 1241
100 9 0 1217
100 9 1 1224
100 9 2 1242
60 0 3 428
60 0 4 449
60 0 5 410
60 0 6 451
60 0 7 379
60 0 8 431
60 0 9 441
60 0 10 419
60 1 3 456
60 1 4 433
60 1 5 443
60 1 6 452
60 1 7 409
60 1 8 450
60 1 9 420
60 1 10 440
60 2 3 451
60 2 4 458
60 2 5 439
60 2 6 378
60 2 7 452
60 2 8 443
60 2 9 418
60 2 10 449
60 3 3 441
60 3 4 441
60 3 5 425
60 3 6 411
60 3 7 464
60 3 8 445
60 3 9 402
60 3 10 445
60 4 3 439
60 4 4 429
60 4 5 441
60 4 6 429
60 4 7 433
60 4 8 402
60 4 9 452
60 4 10 419
60 5 3 450
60 5 4 414
60 5 5 455
60 5 6 425
60 5 7 454
60 5 8 438
60 5 9 435
60 5 10 449
60 6 3 417
60 6 4 442
60 6 5 439
60 6 6 423
60 6 7 454
60 6 8 450
60 6 9 419
60 6 10 408
60 7 3 377
60 7 4 421
60 7 5 436
60 7 6 452
60 7 7 429
60 7 8 423
60 7 9 433
60 7 10 459
60 8 3 409
60 8 4 432
60 8 5 428
60 8 6 435
60 8 7 439
60 8 8 434
60 8 9 427
60 8 10 413
60 9 3 429
60 9 4 454
60 9 5 440
60 9 6 428
60 9 7 422
60 9 8 418
60 9 9 366
60 9 10 437
80 0 3 769
80 0 4 667
80 0 5 674
80 0 6 774
80 0 7 801
80 0 8 775
80 0 9 811
80 0 10 773
80 1 3 763
80 1 4 781
80 1 5 718
80 1 6 783
80 1 7 769
80 1 8 768
80 1 9 784
80 1 10 777
80 2 3 748
80 2 4 741
80 2 5 803
80 2 6 747
80 2 7 757
80 2 8 779
80 2 9 796
80 2 10 791
80 3 3 780
80 3 4 792
80 3 5 773
80 3 6 787
80 3 7 795
80 3 8 806
80 3 9 723
80 3 10 718
80 4 3 771
80 4 4 767
80 4 5 806
80 4 6 792
80 4 7 788
80 4 8 787
80 4 9 728
80 4 10 794
80 5 3 778
80 5 4 758
80 5 5 800
80 5 6 796
80 5 7 790
80 5 8 800
80 5 9 761
80 5 10 762
80 6 3 782
80 6 4 718
80 6 5 775
80 6 6 772
80 6 7 815
80 6 8 746
80 6 9 773
80 6 10 796
80 7 3 666
80 7 4 803
80 7 5 780
80 7 6 788
80 7 7 797
80 7 8 757
80 7 9 802
80 7 10 783
80 8 3 797
80 8 4 766
80 8 5 735
80 8 6 779
80 8 7 772
80 8 8 779
80 8 9 776
80 8 10 800
80 9 3 723
80 9 4 798
80 9 5 793
80 9 6 775
80 9 7 784
80 9 8 771
80 9 9 807
80 9 10 813
100 0 3 1225
100 0 4 1232
100 0 5 1237
100 0 6 1207
100 0 7 1239
100 0 8 1197
100 0 9 1229
100 0 10 1236
100 1 3 1189
100 1 4 1080
100 1 5 1246
100 1 6 1246
100 1 7 1161
100 1 8 1202
100 1 9 1137
100 1 10 1258
100 2 3 1197
100 2 4 1235
100 2 5 1080
100 2 6 1226
100 2 7 1167
100 2 8 1243
100 2 9 1248
100 2 10 1195
100 3 3 1210
100 3 4 1209
100 3 5 1233
100 3 6 1236
100 3 7 1259
100 3 8 1185
100 3 9 1199
100 3 10 1202
100 4 3 1239
100 4 4 1240
100 4 5 1226
100 4 6 1217
100 4 7 1214
100 4 8 1229
100 4 9 1242
100 4 10 1124
100 5 3 1263
100 5 4 1149
100 5 5 1212
100 5 6 1204
100 5 7 1227
100 5 8 1241
100 5 9 1265
100 5 10 1247
100 6 3 1104
100 6 4 1252
100 6 5 1289
100 6 6 1217
100 6 7 1231
100 6 8 1211
100 6 9 1218
100 6 10 1221
100 7 3 1215
100 7 4 1265
100 7 5 1227
100 7 6 1236
100 7 7 1205
100 7 8 1259
100 7 9 1191
100 7 10 1236
100 8 3 1236
100 8 4 1221
100 8 5 1235
100 8 6 1200
100 8 7 1224
100 8 8 1248
100 8 9 1187
100 8 10 1217
100 9 3 1230
100 9 4 1233
100 9 5 1216
100 9 6 1231
100 9 7 1251
100 9 8 1248
100 9 9 1228
100 9 10 1216
