60 0 0 446
60 0 1 451
60 0 2 463
60 1 0 386
60 1 1 423
60 1 2 426
60 2 0 424
60 2 1 440
60 2 2 439
60 3 0 419
60 3 1 410
60 3 2 447
60 4 0 427
60 4 1 430
60 4 2 429
60 5 0 459
60 5 1 448
60 5 2 411
60 6 0 446
60 6 1 420
60 6 2 448
60 7 0 425
60 7 1 430
60 7 2 453
60 8 0 463
60 8 1 434
60 8 2 446
60 9 0 425
60 9 1 451
60 9 2 427
80 0 0 714
80 0 1 765
80 0 2 814
80 1 0 748
80 1 1 757
80 1 2 770
80 2 0 769
80 2 1 805
80 2 2 818
80 3 0 780
80 3 1 774
80 3 2 802
80 4 0 809
80 4 1 767
80 4 2 801
80 5 0 671
80 5 1 749
80 5 2 780
80 6 0 782
80 6 1 776
80 6 2 751
80 7 0 763
80 7 1 796
80 7 2 773
80 8 0 803
80 8 1 809
80 8 2 736
80 9 0 766
80 9 1 792
80 9 2 740
100 0 0 1252
100 0 1 1240
100 0 2 1260
100 1 0 1226
100 1 1 1151
100 1 2 1245
100 2 0 1244
100 2 1 1237
100 2 2 1194
100 3 0 1233
100 3 1 1182
100 3 2 1221
100 4 0 1202
100 4 1 1245
100 4 2 1261
100 5 0 1139
100 5 1 1183
100 5 2 1198
100 6 0 1229
100 6 1 1200
100 6 2 1206
100 7 0 1189
100 7 1 1255
100 7 2 1238
100 8 0 1177
100 8 1 1240
100 8 2 1197
100 9 0 1251
100 9 1 1239
100 9 2 1253
60 0 3 433
60 0 4 442
60 0 5 427
60 0 6 455
60 0 7 406
60 0 8 432
60 0 9 459
60 0 10 440
60 1 3 395
60 1 4 390
60 1 5 412
60 1 6 343
60 1 7 430
60 1 8 434
60 1 9 433
60 1 10 425
60 2 3 438
60 2 4 458
60 2 5 427
60 2 6 430
60 2 7 443
60 2 8 420
60 2 9 412
60 2 10 435
60 3 3 432
60 3 4 432
60 3 5 440
60 3 6 428
60 3 7 450
60 3 8 450
60 3 9 412
60 3 10 446
60 4 3 451
60 4 4 411
60 4 5 437
60 4 6 451
60 4 7 453
60 4 8 441
60 4 9 428
60 4 10 442
60 5 3 450
60 5 4 455
60 5 5 456
60 5 6 418
60 5 7 417
60 5 8 468
60 5 9 404
60 5 10 439
60 6 3 427
60 6 4 454
60 6 5 450
60 6 6 460
60 6 7 445
60 6 8 421
60 6 9 343
60 6 10 441
60 7 3 413
60 7 4 413
60 7 5 452
60 7 6 416
60 7 7 445
60 7 8 447
60 7 9 434
60 7 10 437
60 8 3 398
60 8 4 423
60 8 5 428
60 8 6 444
60 8 7 445
60 8 8 424
60 8 9 455
60 8 10 390
60 9 3 435
60 9 4 396
60 9 5 434
60 9 6 417
60 9 7 444
60 9 8 435
60 9 9 439
60 9 10 440
80 0 3 752
80 0 4 748
80 0 5 788
80 0 6 782
80 0 7 779
80 0 8 791
80 0 9 816
80 0 10 705
80 1 3 748
80 1 4 738
80 1 5 798
80 1 6 775
80 1 7 798
80 1 8 802
80 1 9 775
80 1 10 763
80 2 3 815
80 2 4 795
80 2 5 708
80 2 6 782
80 2 7 808
80 2 8 721
80 2 9 763
80 2 10 809
80 3 3 794
80 3 4 822
80 3 5 715
80 3 6 783
80 3 7 811
80 3 8 811
80 3 9 807
80 3 10 782
80 4 3 761
80 4 4 806
80 4 5 788
80 4 6 775
80 4 7 771
80 4 8 772
80 4 9 772
80 4 10 779
80 5 3 794
80 5 4 781
80 5 5 740
80 5 6 799
80 5 7 778
80 5 8 774
80 5 9 811
80 5 10 820
80 6 3 742
80 6 4 796
80 6 5 780
80 6 6 813
80 6 7 792
80 6 8 808
80 6 9 795
80 6 10 798
80 7 3 762
80 7 4 769
80 7 5 754
80 7 6 757
80 7 7 729
80 7 8 808
80 7 9 758
80 7 10 770
80 8 3 806
80 8 4 725
80 8 5 795
80 8 6 789
80 8 7 774
80 8 8 694
80 8 9 789
80 8 10 767
80 9 3 791
80 9 4 776
80 9 5 712
80 9 6 794
80 9 7 808
80 9 8 801
80 9 9 773
80 9 10 817
100 0 3 1250
100 0 4 1154
100 0 5 1176
100 0 6 1141
100 0 7 1231
100 0 8 1233
100 0 9 1154
100 0 10 1219
100 1 3 1220
100 1 4 1211
100 1 5 1256
100 1 6 1238
100 1 7 1234
100 1 8 1166
100 1 9 1214
100 1 10 1214
100 2 3 1225
100 2 4 1197
100 2 5 1178
100 2 6 1210
100 2 7 1243
100 2 8 1199
100 2 9 1257
100 2 10 1172
100 3 3 1257
100 3 4 1268
100 3 5 1175
100 3 6 1176
100 3 7 1241
100 3 8 1238
100 3 9 1271
100 3 10 1238
100 4 3 1232
100 4 4 1248
100 4 5 1230
100 4 6 1260
100 4 7 1131
100 4 8 1244
100 4 9 1219
100 4 10 1217
100 5 3 1243
100 5 4 1237
100 5 5 1245
100 5 6 1235
100 5 7 1261
100 5 8 1275
100 5 9 1197
100 5 10 1272
100 6 3 1221
100 6 4 1220
100 6 5 1223
100 6 6 1209
100 6 7 1222
100 6 8 1244
100 6 9 1146
100 6 10 1247
100 7 3 1236
100 7 4 1235
100 7 5 1239
100 7 6 1223
100 7 7 1191
100 7 8 1246
100 7 9 1210
100 7 10 1251
100 8 3 1220
100 8 4 1288
100 8 5 1240
100 8 6 1235
100 8 7 1223
100 8 8 1180
100 8 9 1249
100 8 10 1202
100 9 3 1236
100 9 4 1246
100 9 5 1261
100 9 6 1240
100 9 7 1209
100 9 8 1209
100 9 9 1235
100 9 10 1160
