60 0 0 146
60 0 1 124
60 0 2 120
60 0 3 29
60 0 4 94
60 0 5 94
60 0 6 94
60 0 7 147
60 0 8 31
60 0 9 120
60 1 0 149
60 1 1 177
60 1 2 32
60 1 3 204
60 1 4 119
60 1 5 157
60 1 6 110
60 1 7 337
60 1 8 198
60 1 9 206
60 2 0 118
60 2 1 118
60 2 2 170
60 2 3 118
60 2 4 147
60 2 5 30
60 2 6 170
60 2 7 30
60 2 8 88
60 2 9 88
60 3 0 161
60 3 1 160
60 3 2 57
60 3 3 82
60 3 4 106
60 3 5 80
60 3 6 55
60 3 7 135
60 3 8 138
60 3 9 161
60 4 0 142
60 4 1 114
60 4 2 142
60 4 3 34
60 4 4 142
60 4 5 34
60 4 6 114
60 4 7 88
60 4 8 114
60 4 9 114
60 5 0 413
60 5 1 425
60 5 2 443
60 5 3 91
60 5 4 214
60 5 5 90
60 5 6 89
60 5 7 90
60 5 8 118
60 5 9 89
60 6 0 88
60 6 1 419
60 6 2 88
60 6 3 323
60 6 4 62
60 6 5 62
60 6 6 88
60 6 7 62
60 6 8 62
60 6 9 62
60 7 0 35
60 7 1 118
60 7 2 35
60 7 3 88
60 7 4 88
60 7 5 118
60 7 6 88
60 7 7 88
60 7 8 88
60 7 9 88
60 8 0 67
60 8 1 398
60 8 2 89
60 8 3 133
60 8 4 89
60 8 5 89
60 8 6 112
60 8 7 89
60 8 8 35
60 8 9 123
60 9 0 85
60 9 1 119
60 9 2 117
60 9 3 142
60 9 4 238
60 9 5 119
60 9 6 66
60 9 7 66
60 9 8 87
60 9 9 145
80 0 0 180
80 0 1 79
80 0 2 180
80 0 3 180
80 0 4 79
80 0 5 180
80 0 6 38
80 0 7 38
80 0 8 79
80 0 9 180
80 1 0 104
80 1 1 183
80 1 2 217
80 1 3 104
80 1 4 217
80 1 5 70
80 1 6 456
80 1 7 104
80 1 8 183
80 1 9 217
80 2 0 193
80 2 1 120
80 2 2 228
80 2 3 257
80 2 4 231
80 2 5 120
80 2 6 267
80 2 7 44
80 2 8 120
80 2 9 148
80 3 0 157
80 3 1 405
80 3 2 124
80 3 3 225
80 3 4 186
80 3 5 150
80 3 6 78
80 3 7 157
80 3 8 181
80 3 9 45
80 4 0 152
80 4 1 150
80 4 2 231
80 4 3 121
80 4 4 200
80 4 5 346
80 4 6 383
80 4 7 303
80 4 8 256
80 4 9 230
80 5 0 217
80 5 1 109
80 5 2 109
80 5 3 795
80 5 4 211
80 5 5 183
80 5 6 176
80 5 7 104
80 5 8 147
80 5 9 217
80 6 0 81
80 6 1 547
80 6 2 85
80 6 3 160
80 6 4 199
80 6 5 160
80 6 6 40
80 6 7 126
80 6 8 199
80 6 9 754
80 7 0 189
80 7 1 315
80 7 2 39
80 7 3 155
80 7 4 218
80 7 5 39
80 7 6 155
80 7 7 247
80 7 8 315
80 7 9 315
80 8 0 80
80 8 1 173
80 8 2 173
80 8 3 173
80 8 4 40
80 8 5 80
80 8 6 173
80 8 7 80
80 8 8 142
80 8 9 173
80 9 0 102
80 9 1 134
80 9 2 742
80 9 3 698
80 9 4 136
80 9 5 387
80 9 6 140
80 9 7 102
80 9 8 102
80 9 9 140
100 0 0 184
100 0 1 401
100 0 2 181
100 0 3 184
100 0 4 184
100 0 5 89
100 0 6 420
100 0 7 1057
100 0 8 232
100 0 9 232
100 1 0 235
100 1 1 105
100 1 2 227
100 1 3 237
100 1 4 227
100 1 5 270
100 1 6 357
100 1 7 503
100 1 8 237
100 1 9 277
100 2 0 314
100 2 1 314
100 2 2 314
100 2 3 314
100 2 4 152
100 2 5 314
100 2 6 314
100 2 7 393
100 2 8 314
100 2 9 314
100 3 0 187
100 3 1 187
100 3 2 333
100 3 3 236
100 3 4 187
100 3 5 187
100 3 6 232
100 3 7 187
100 3 8 424
100 3 9 187
100 4 0 415
100 4 1 372
100 4 2 241
100 4 3 372
100 4 4 280
100 4 5 369
100 4 6 415
100 4 7 363
100 4 8 363
100 4 9 236
100 5 0 289
100 5 1 165
100 5 2 246
100 5 3 246
100 5 4 337
100 5 5 300
100 5 6 294
100 5 7 300
100 5 8 152
100 5 9 391
100 6 0 100
100 6 1 181
100 6 2 181
100 6 3 235
100 6 4 181
100 6 5 181
100 6 6 181
100 6 7 100
100 6 8 181
100 6 9 181
100 7 0 146
100 7 1 146
100 7 2 338
100 7 3 290
100 7 4 250
100 7 5 200
100 7 6 154
100 7 7 338
100 7 8 200
100 7 9 250
100 8 0 157
100 8 1 157
100 8 2 211
100 8 3 157
100 8 4 211
100 8 5 98
100 8 6 152
100 8 7 157
100 8 8 152
100 8 9 152
100 9 0 190
100 9 1 422
100 9 2 190
100 9 3 338
100 9 4 144
100 9 5 321
100 9 6 322
100 9 7 382
100 9 8 287
100 9 9 230
