60 0 0 428
60 0 1 450
60 0 2 456
60 1 0 451
60 1 1 423
60 1 2 407
60 2 0 438
60 2 1 437
60 2 2 448
60 3 0 443
60 3 1 446
60 3 2 441
60 4 0 431
60 4 1 438
60 4 2 365
60 5 0 428
60 5 1 457
60 5 2 453
60 6 0 413
60 6 1 440
60 6 2 447
60 7 0 443
60 7 1 423
60 7 2 433
60 8 0 425
60 8 1 454
60 8 2 436
60 9 0 444
60 9 1 425
60 9 2 459
80 0 0 755
80 0 1 814
80 0 2 822
80 1 0 802
80 1 1 782
80 1 2 780
80 2 0 781
80 2 1 780
80 2 2 724
80 3 0 794
80 3 1 813
80 3 2 824
80 4 0 789
80 4 1 770
80 4 2 806
80 5 0 795
80 5 1 809
80 5 2 778
80 6 0 798
80 6 1 796
80 6 2 769
80 7 0 698
80 7 1 731
80 7 2 793
80 8 0 775
80 8 1 787
80 8 2 790
80 9 0 777
80 9 1 788
80 9 2 766
100 0 0 1186
100 0 1 1225
100 0 2 1227
100 1 0 1243
100 1 1 1230
100 1 2 1254
100 2 0 1276
100 2 1 1234
100 2 2 1233
100 3 0 1234
100 3 1 1231
100 3 2 1223
100 4 0 1254
100 4 1 1183
100 4 2 1213
100 5 0 1230
100 5 1 1170
100 5 2 1198
100 6 0 1244
100 6 1 1236
100 6 2 1138
100 7 0 1220
100 7 1 1235
100 7 2 1256
100 8 0 1228
100 8 1 1210
100 8 2 1261
100 9 0 1151
100 9 1 1224
100 9 2 1199
60 0 3 388
60 0 4 375
60 0 5 440
60 0 6 456
60 0 7 442
60 0 8 459
60 0 9 453
60 0 10 444
60 1 3 429
60 1 4 418
60 1 5 460
60 1 6 439
60 1 7 447
60 1 8 440
60 1 9 460
60 1 10 433
60 2 3 418
60 2 4 441
60 2 5 439
60 2 6 446
60 2 7 447
60 2 8 407
60 2 9 430
60 2 10 450
60 3 3 405
60 3 4 413
60 3 5 431
60 3 6 426
60 3 7 433
60 3 8 435
60 3 9 420
60 3 10 423
60 4 3 444
60 4 4 441
60 4 5 424
60 4 6 425
60 4 7 399
60 4 8 421
60 4 9 398
60 4 10 446
60 5 3 422
60 5 4 427
60 5 5 438
60 5 6 445
60 5 7 458
60 5 8 429
60 5 9 433
60 5 10 450
60 6 3 462
60 6 4 442
60 6 5 449
60 6 6 430
60 6 7 408
60 6 8 445
60 6 9 330
60 6 10 403
60 7 3 455
60 7 4 435
60 7 5 436
60 7 6 462
60 7 7 457
60 7 8 446
60 7 9 452
60 7 10 424
60 8 3 453
60 8 4 420
60 8 5 439
60 8 6 442
60 8 7 404
60 8 8 405
60 8 9 438
60 8 10 454
60 9 3 425
60 9 4 459
60 9 5 444
60 9 6 428
60 9 7 440
60 9 8 429
60 9 9 431
60 9 10 439
80 0 3 809
80 0 4 806
80 0 5 804
80 0 6 783
80 0 7 782
80 0 8 781
80 0 9 749
80 0 10 780
80 1 3 790
80 1 4 786
80 1 5 779
80 1 6 803
80 1 7 778
80 1 8 756
80 1 9 791
80 1 10 764
80 2 3 742
80 2 4 819
80 2 5 774
80 2 6 785
80 2 7 780
80 2 8 789
80 2 9 761
80 2 10 800
80 3 3 787
80 3 4 783
80 3 5 802
80 3 6 721
80 3 7 798
80 3 8 820
80 3 9 744
80 3 10 791
80 4 3 786
80 4 4 791
80 4 5 800
80 4 6 810
80 4 7 806
80 4 8 696
80 4 9 770
80 4 10 771
80 5 3 805
80 5 4 762
80 5 5 761
80 5 6 724
80 5 7 785
80 5 8 783
80 5 9 744
80 5 10 752
80 6 3 746
80 6 4 785
80 6 5 765
80 6 6 795
80 6 7 729
80 6 8 779
80 6 9 779
80 6 10 797
80 7 3 794
80 7 4 795
80 7 5 797
80 7 6 779
80 7 7 816
80 7 8 776
80 7 9 776
80 7 10 788
80 8 3 805
80 8 4 802
80 8 5 782
80 8 6 775
80 8 7 803
80 8 8 745
80 8 9 766
80 8 10 833
80 9 3 755
80 9 4 754
80 9 5 793
80 9 6 791
80 9 7 783
80 9 8 766
80 9 9 784
80 9 10 753
100 0 3 1209
100 0 4 1213
100 0 5 1248
100 0 6 1255
100 0 7 1166
100 0 8 1251
100 0 9 1224
100 0 10 1237
100 1 3 1269
100 1 4 1233
100 1 5 1241
100 1 6 1205
100 1 7 1238
100 1 8 1248
100 1 9 1179
100 1 10 1241
100 2 3 1227
100 2 4 1207
100 2 5 1221
100 2 6 1272
100 2 7 1205
100 2 8 1237
100 2 9 1256
100 2 10 1247
100 3 3 1210
100 3 4 1253
100 3 5 1132
100 3 6 1226
100 3 7 1239
100 3 8 1247
100 3 9 1210
100 3 10 1174
100 4 3 1200
100 4 4 1246
100 4 5 1204
100 4 6 1245
100 4 7 1224
100 4 8 1169
100 4 9 1255
100 4 10 1224
100 5 3 1168
100 5 4 1240
100 5 5 1250
100 5 6 1235
100 5 7 1121
100 5 8 1196
100 5 9 1214
100 5 10 1187
100 6 3 1105
100 6 4 1228
100 6 5 1257
100 6 6 1205
100 6 7 1274
100 6 8 1056
100 6 9 1152
100 6 10 1227
100 7 3 1208
100 7 4 1230
100 7 5 1240
100 7 6 1230
100 7 7 1215
100 7 8 1217
100 7 9 1252
100 7 10 1219
100 8 3 1214
100 8 4 1240
100 8 5 1259
100 8 6 1253
100 8 7 1259
100 8 8 1217
100 8 9 1136
100 8 10 1227
100 9 3 1272
100 9 4 1191
100 9 5 1222
100 9 6 1214
100 9 7 1236
100 9 8 1223
100 9 9 1259
100 9 10 1245
