60 0 0 427
60 0 1 455
60 0 2 444
60 1 0 459
60 1 1 424
60 1 2 440
60 2 0 444
60 2 1 392
60 2 2 426
60 3 0 438
60 3 1 457
60 3 2 442
60 4 0 453
60 4 1 453
60 4 2 420
60 5 0 435
60 5 1 432
60 5 2 450
60 6 0 395
60 6 1 449
60 6 2 462
60 7 0 449
60 7 1 451
60 7 2 418
60 8 0 439
60 8 1 434
60 8 2 426
60 9 0 434
60 9 1 385
60 9 2 384
80 0 0 816
80 0 1 777
80 0 2 805
80 1 0 692
80 1 1 757
80 1 2 812
80 2 0 801
80 2 1 804
80 2 2 793
80 3 0 783
80 3 1 776
80 3 2 773
80 4 0 804
80 4 1 813
80 4 2 785
80 5 0 768
80 5 1 798
80 5 2 766
80 6 0 792
80 6 1 809
80 6 2 827
80 7 0 748
80 7 1 724
80 7 2 780
80 8 0 782
80 8 1 741
80 8 2 731
80 9 0 786
80 9 1 793
80 9 2 764
100 0 0 1231
100 0 1 1081
100 0 2 1241
100 1 0 1258
100 1 1 1171
100 1 2 1246
100 2 0 1228
100 2 1 1202
100 2 2 1195
100 3 0 1231
100 3 1 1192
100 3 2 1245
100 4 0 1249
100 4 1 1222
100 4 2 1215
100 5 0 1156
100 5 1 1161
100 5 2 1228
100 6 0 1120
100 6 1 1220
100 6 2 1230
100 7 0 1199
100 7 1 1225
100 7 2 1231
100 8 0 1273
100 8 1 1252
100 8 2 1261
100 9 0 1218
100 9 1 1182
100 9 2 1186
60 0 3 430
60 0 4 372
60 0 5 434
60 0 6 417
60 0 7 418
60 0 8 434
60 0 9 439
60 0 10 436
60 1 3 432
60 1 4 432
60 1 5 450
60 1 6 423
60 1 7 427
60 1 8 434
60 1 9 441
60 1 10 435
60 2 3 359
60 2 4 452
60 2 5 422
60 2 6 422
60 2 7 407
60 2 8 440
60 2 9 449
60 2 10 421
60 3 3 454
60 3 4 430
60 3 5 428
60 3 6 409
60 3 7 465
60 3 8 434
60 3 9 426
60 3 10 448
60 4 3 413
60 4 4 420
60 4 5 427
60 4 6 442
60 4 7 350
60 4 8 440
60 4 9 441
60 4 10 418
60 5 3 437
60 5 4 429
60 5 5 423
60 5 6 395
60 5 7 447
60 5 8 455
60 5 9 403
60 5 10 391
60 6 3 378
60 6 4 426
60 6 5 437
60 6 6 453
60 6 7 448
60 6 8 416
60 6 9 442
60 6 10 387
60 7 3 432
60 7 4 438
60 7 5 430
60 7 6 411
60 7 7 448
60 7 8 439
60 7 9 427
60 7 10 418
60 8 3 410
60 8 4 457
60 8 5 402
60 8 6 462
60 8 7 445
60 8 8 429
60 8 9 455
60 8 10 453
60 9 3 435
60 9 4 445
60 9 5 436
60 9 6 425
60 9 7 441
60 9 8 428
60 9 9 265
60 9 10 433
80 0 3 769
80 0 4 747
80 0 5 761
80 0 6 767
80 0 7 832
80 0 8 797
80 0 9 747
80 0 10 779
80 1 3 824
80 1 4 777
80 1 5 737
80 1 6 776
80 1 7 748
80 1 8 758
80 1 9 787
80 1 10 781
80 2 3 772
80 2 4 800
80 2 5 716
80 2 6 767
80 2 7 765
80 2 8 715
80 2 9 775
80 2 10 777
80 3 3 786
80 3 4 801
80 3 5 791
80 3 6 800
80 3 7 786
80 3 8 756
80 3 9 788
80 3 10 784
80 4 3 810
80 4 4 780
80 4 5 773
80 4 6 768
80 4 7 695
80 4 8 740
80 4 9 774
80 4 10 774
80 5 3 780
80 5 4 772
80 5 5 829
80 5 6 806
80 5 7 770
80 5 8 798
80 5 9 828
80 5 10 809
80 6 3 778
80 6 4 794
80 6 5 771
80 6 6 791
80 6 7 786
80 6 8 739
80 6 9 790
80 6 10 765
80 7 3 795
80 7 4 787
80 7 5 792
80 7 6 749
80 7 7 718
80 7 8 703
80 7 9 771
80 7 10 799
80 8 3 765
80 8 4 820
80 8 5 792
80 8 6 832
80 8 7 759
80 8 8 774
80 8 9 655
80 8 10 755
80 9 3 776
80 9 4 763
80 9 5 791
80 9 6 764
80 9 7 779
80 9 8 756
80 9 9 768
80 9 10 723
100 0 3 1220
100 0 4 1000
100 0 5 1246
100 0 6 1202
100 0 7 1158
100 0 8 1221
100 0 9 1246
100 0 10 1249
100 1 3 1223
100 1 4 1215
100 1 5 1228
100 1 6 1271
100 1 7 1221
100 1 8 1169
100 1 9 1263
100 1 10 1261
100 2 3 1099
100 2 4 1179
100 2 5 1216
100 2 6 1248
100 2 7 1212
100 2 8 1209
100 2 9 1239
100 2 10 1239
100 3 3 1112
100 3 4 959
100 3 5 1076
100 3 6 1247
100 3 7 1235
100 3 8 1222
100 3 9 1111
100 3 10 1242
100 4 3 1224
100 4 4 1241
100 4 5 1183
100 4 6 1281
100 4 7 1245
100 4 8 1236
100 4 9 1221
100 4 10 1249
100 5 3 1226
100 5 4 1226
100 5 5 1148
100 5 6 1238
100 5 7 1231
100 5 8 1250
100 5 9 1207
100 5 10 1211
100 6 3 1186
100 6 4 1263
100 6 5 1154
100 6 6 1176
100 6 7 1249
100 6 8 1278
100 6 9 1241
100 6 10 1219
100 7 3 1229
100 7 4 1224
100 7 5 1138
100 7 6 1214
100 7 7 1233
100 7 8 1228
100 7 9 1209
100 7 10 1184
100 8 3 1232
100 8 4 1203
100 8 5 1121
100 8 6 1205
100 8 7 1145
100 8 8 1170
100 8 9 1229
100 8 10 1181
100 9 3 1091
100 9 4 1235
100 9 5 1250
100 9 6 1080
100 9 7 1217
100 9 8 1148
100 9 9 1205
100 9 10 1155
