60 0 0 456
60 0 1 471
60 0 2 447
60 1 0 460
60 1 1 447
60 1 2 414
60 2 0 445
60 2 1 417
60 2 2 441
60 3 0 440
60 3 1 421
60 3 2 445
60 4 0 429
60 4 1 442
60 4 2 426
60 5 0 397
60 5 1 430
60 5 2 450
60 6 0 445
60 6 1 426
60 6 2 425
60 7 0 448
60 7 1 418
60 7 2 430
60 8 0 449
60 8 1 453
60 8 2 443
60 9 0 452
60 9 1 467
60 9 2 425
80 0 0 778
80 0 1 771
80 0 2 797
80 1 0 798
80 1 1 784
80 1 2 803
80 2 0 776
80 2 1 728
80 2 2 789
80 3 0 768
80 3 1 784
80 3 2 750
80 4 0 714
80 4 1 757
80 4 2 814
80 5 0 759
80 5 1 784
80 5 2 718
80 6 0 728
80 6 1 805
80 6 2 749
80 7 0 801
80 7 1 769
80 7 2 793
80 8 0 766
80 8 1 811
80 8 2 770
80 9 0 753
80 9 1 803
80 9 2 688
100 0 0 1215
100 0 1 1220
100 0 2 1194
100 1 0 1279
100 1 1 1250
100 1 2 1199
100 2 0 1194
100 2 1 1144
100 2 2 1223
100 3 0 1227
100 3 1 1224
100 3 2 1252
100 4 0 1240
100 4 1 1230
100 4 2 1252
100 5 0 1217
100 5 1 1251
100 5 2 1212
100 6 0 1191
100 6 1 1148
100 6 2 1208
100 7 0 1228
100 7 1 1227
100 7 2 1214
100 8 0 1232
100 8 1 1248
100 8 2 1240
100 9 0 1116
100 9 1 1260
100 9 2 1101
60 0 3 455
60 0 4 408
60 0 5 410
60 0 6 434
60 0 7 422
60 0 8 443
60 0 9 312
60 0 10 430
60 1 3 427
60 1 4 378
60 1 5 447
60 1 6 443
60 1 7 450
60 1 8 390
60 1 9 446
60 1 10 450
60 2 3 444
60 2 4 412
60 2 5 411
60 2 6 451
60 2 7 420
60 2 8 411
60 2 9 425
60 2 10 361
60 3 3 440
60 3 4 412
60 3 5 395
60 3 6 439
60 3 7 439
60 3 8 443
60 3 9 457
60 3 10 425
60 4 3 433
60 4 4 359
60 4 5 444
60 4 6 424
60 4 7 394
60 4 8 415
60 4 9 395
60 4 10 430
60 5 3 436
60 5 4 453
60 5 5 367
60 5 6 452
60 5 7 442
60 5 8 443
60 5 9 446
60 5 10 415
60 6 3 417
60 6 4 424
60 6 5 454
60 6 6 404
60 6 7 480
60 6 8 453
60 6 9 418
60 6 10 434
60 7 3 408
60 7 4 397
60 7 5 445
60 7 6 409
60 7 7 436
60 7 8 443
60 7 9 378
60 7 10 379
60 8 3 446
60 8 4 462
60 8 5 443
60 8 6 423
60 8 7 398
60 8 8 414
60 8 9 445
60 8 10 419
60 9 3 449
60 9 4 433
60 9 5 465
60 9 6 434
60 9 7 432
60 9 8 398
60 9 9 410
60 9 10 407
80 0 3 795
80 0 4 800
80 0 5 783
80 0 6 778
80 0 7 797
80 0 8 791
80 0 9 772
80 0 10 766
80 1 3 791
80 1 4 787
80 1 5 763
80 1 6 640
80 1 7 787
80 1 8 789
80 1 9 803
80 1 10 772
80 2 3 744
80 2 4 788
80 2 5 751
80 2 6 818
80 2 7 777
80 2 8 772
80 2 9 778
80 2 10 780
80 3 3 809
80 3 4 784
80 3 5 751
80 3 6 786
80 3 7 778
80 3 8 810
80 3 9 771
80 3 10 774
80 4 3 772
80 4 4 765
80 4 5 778
80 4 6 767
80 4 7 798
80 4 8 792
80 4 9 743
80 4 10 805
80 5 3 639
80 5 4 796
80 5 5 767
80 5 6 805
80 5 7 800
80 5 8 762
80 5 9 807
80 5 10 768
80 6 3 655
80 6 4 796
80 6 5 793
80 6 6 764
80 6 7 796
80 6 8 799
80 6 9 750
80 6 10 791
80 7 3 751
80 7 4 801
80 7 5 796
80 7 6 773
80 7 7 807
80 7 8 648
80 7 9 736
80 7 10 760
80 8 3 797
80 8 4 811
80 8 5 804
80 8 6 793
80 8 7 805
80 8 8 783
80 8 9 753
80 8 10 791
80 9 3 763
80 9 4 774
80 9 5 806
80 9 6 795
80 9 7 805
80 9 8 761
80 9 9 789
80 9 10 770
100 0 3 1226
100 0 4 1154
100 0 5 1247
100 0 6 1240
100 0 7 1262
100 0 8 1182
100 0 9 1170
100 0 10 1250
100 1 3 1217
100 1 4 1188
100 1 5 1212
100 1 6 1246
100 1 7 1256
100 1 8 1198
100 1 9 1158
100 1 10 1209
100 2 3 1182
100 2 4 1218
100 2 5 1125
100 2 6 1206
100 2 7 1254
100 2 8 1237
100 2 9 1236
100 2 10 1212
100 3 3 1222
100 3 4 1182
100 3 5 1237
100 3 6 1180
100 3 7 1239
100 3 8 1257
100 3 9 1080
100 3 10 1264
100 4 3 1230
100 4 4 1259
100 4 5 1231
100 4 6 1217
100 4 7 1225
100 4 8 1240
100 4 9 1224
100 4 10 1233
100 5 3 1194
100 5 4 1207
100 5 5 1219
100 5 6 1258
100 5 7 1273
100 5 8 1229
100 5 9 1234
100 5 10 1165
100 6 3 1232
100 6 4 1165
100 6 5 1227
100 6 6 1206
100 6 7 1257
100 6 8 1220
100 6 9 1224
100 6 10 1186
100 7 3 1240
100 7 4 1253
100 7 5 1234
100 7 6 1184
100 7 7 1232
100 7 8 1253
100 7 9 1280
100 7 10 1179
100 8 3 1219
100 8 4 1138
100 8 5 1261
100 8 6 1115
100 8 7 1223
100 8 8 1216
100 8 9 1234
100 8 10 1225
100 9 3 1245
100 9 4 1183
100 9 5 1247
100 9 6 1221
100 9 7 1218
100 9 8 1226
100 9 9 1223
100 9 10 1231
