60 0 0 448
60 0 1 429
60 0 2 456
60 1 0 465
60 1 1 439
60 1 2 432
60 2 0 442
60 2 1 442
60 2 2 457
60 3 0 428
60 3 1 431
60 3 2 450
60 4 0 437
60 4 1 418
60 4 2 433
60 5 0 451
60 5 1 438
60 5 2 445
60 6 0 441
60 6 1 393
60 6 2 434
60 7 0 452
60 7 1 371
60 7 2 410
60 8 0 431
60 8 1 417
60 8 2 437
60 9 0 424
60 9 1 436
60 9 2 461
80 0 0 754
80 0 1 789
80 0 2 796
80 1 0 783
80 1 1 781
80 1 2 796
80 2 0 796
80 2 1 791
80 2 2 751
80 3 0 741
80 3 1 786
80 3 2 788
80 4 0 797
80 4 1 779
80 4 2 795
80 5 0 807
80 5 1 800
80 5 2 728
80 6 0 768
80 6 1 803
80 6 2 760
80 7 0 802
80 7 1 791
80 7 2 776
80 8 0 797
80 8 1 751
80 8 2 790
80 9 0 782
80 9 1 785
80 9 2 762
100 0 0 1248
100 0 1 1248
100 0 2 1255
100 1 0 1212
100 1 1 1250
100 1 2 1221
100 2 0 1148
100 2 1 1196
100 2 2 1207
100 3 0 1237
100 3 1 1273
100 3 2 1239
100 4 0 1242
100 4 1 1248
100 4 2 1205
100 5 0 1253
100 5 1 1193
100 5 2 1218
100 6 0 1246
100 6 1 1251
100 6 2 1242
100 7 0 1216
100 7 1 1187
100 7 2 1266
100 8 0 1164
100 8 1 1195
100 8 2 1248
100 9 0 1248
100 9 1 1201
100 9 2 1249
60 0 3 420
60 0 4 443
60 0 5 439
60 0 6 459
60 0 7 407
60 0 8 461
60 0 9 433
60 0 10 430
60 1 3 415
60 1 4 371
60 1 5 419
60 1 6 435
60 1 7 445
60 1 8 440
60 1 9 436
60 1 10 461
60 2 3 455
60 2 4 425
60 2 5 457
60 2 6 453
60 2 7 429
60 2 8 382
60 2 9 427
60 2 10 409
60 3 3 413
60 3 4 444
60 3 5 463
60 3 6 439
60 3 7 442
60 3 8 433
60 3 9 424
60 3 10 348
60 4 3 435
60 4 4 458
60 4 5 449
60 4 6 436
60 4 7 444
60 4 8 442
60 4 9 437
60 4 10 447
60 5 3 459
60 5 4 448
60 5 5 457
60 5 6 459
60 5 7 418
60 5 8 461
60 5 9 442
60 5 10 392
60 6 3 429
60 6 4 415
60 6 5 349
60 6 6 449
60 6 7 442
60 6 8 453
60 6 9 427
60 6 10 447
60 7 3 449
60 7 4 440
60 7 5 444
60 7 6 467
60 7 7 401
60 7 8 440
60 7 9 458
60 7 10 434
60 8 3 457
60 8 4 456
60 8 5 415
60 8 6 433
60 8 7 431
60 8 8 459
60 8 9 421
60 8 10 454
60 9 3 440
60 9 4 439
60 9 5 454
60 9 6 468
60 9 7 443
60 9 8 427
60 9 9 443
60 9 10 430
80 0 3 791
80 0 4 751
80 0 5 772
80 0 6 746
80 0 7 787
80 0 8 686
80 0 9 776
80 0 10 809
80 1 3 784
80 1 4 799
80 1 5 761
80 1 6 801
80 1 7 720
80 1 8 796
80 1 9 790
80 1 10 767
80 2 3 796
80 2 4 809
80 2 5 785
80 2 6 748
80 2 7 809
80 2 8 779
80 2 9 791
80 2 10 796
80 3 3 792
80 3 4 800
80 3 5 776
80 3 6 779
80 3 7 785
80 3 8 800
80 3 9 774
80 3 10 821
80 4 3 802
80 4 4 821
80 4 5 783
80 4 6 813
80 4 7 697
80 4 8 694
80 4 9 805
80 4 10 772
80 5 3 786
80 5 4 809
80 5 5 800
80 5 6 783
80 5 7 737
80 5 8 798
80 5 9 764
80 5 10 769
80 6 3 760
80 6 4 783
80 6 5 763
80 6 6 763
80 6 7 767
80 6 8 768
80 6 9 807
80 6 10 764
80 7 3 801
80 7 4 769
80 7 5 791
80 7 6 798
80 7 7 789
80 7 8 802
80 7 9 744
80 7 10 805
80 8 3 800
80 8 4 783
80 8 5 771
80 8 6 722
80 8 7 792
80 8 8 661
80 8 9 752
80 8 10 793
80 9 3 777
80 9 4 811
80 9 5 756
80 9 6 774
80 9 7 786
80 9 8 776
80 9 9 766
80 9 10 796
100 0 3 1163
100 0 4 1133
100 0 5 1232
100 0 6 1243
100 0 7 1255
100 0 8 1268
100 0 9 1247
100 0 10 1182
100 1 3 1249
100 1 4 1179
100 1 5 1221
100 1 6 1222
100 1 7 1236
100 1 8 1169
100 1 9 1104
100 1 10 1179
100 2 3 1234
100 2 4 1237
100 2 5 1222
100 2 6 1277
100 2 7 1207
100 2 8 1231
100 2 9 1233
100 2 10 1226
100 3 3 1248
100 3 4 1208
100 3 5 1236
100 3 6 1228
100 3 7 1230
100 3 8 1237
100 3 9 1199
100 3 10 1193
100 4 3 1225
100 4 4 1271
100 4 5 1232
100 4 6 1232
100 4 7 1260
100 4 8 1245
100 4 9 1250
100 4 10 1203
100 5 3 1245
100 5 4 1240
100 5 5 1181
100 5 6 1232
100 5 7 1223
100 5 8 1167
100 5 9 1270
100 5 10 1240
100 6 3 1208
100 6 4 1248
100 6 5 1237
100 6 6 1243
100 6 7 1235
100 6 8 1246
100 6 9 1261
100 6 10 1234
100 7 3 1255
100 7 4 1216
100 7 5 1214
100 7 6 1247
100 7 7 1292
100 7 8 1220
100 7 9 1249
100 7 10 1224
100 8 3 1235
100 8 4 1226
100 8 5 1216
100 8 6 1254
100 8 7 1227
100 8 8 1209
100 8 9 1269
100 8 10 1239
100 9 3 1242
100 9 4 1217
100 9 5 1231
100 9 6 1254
100 9 7 1194
100 9 8 1207
100 9 9 1253
100 9 10 1239
