60 0 0 424
60 0 1 448
60 0 2 392
60 1 0 462
60 1 1 450
60 1 2 405
60 2 0 426
60 2 1 394
60 2 2 451
60 3 0 418
60 3 1 447
60 3 2 434
60 4 0 446
60 4 1 452
60 4 2 453
60 5 0 441
60 5 1 455
60 5 2 445
60 6 0 448
60 6 1 448
60 6 2 417
60 7 0 428
60 7 1 434
60 7 2 444
60 8 0 440
60 8 1 439
60 8 2 437
60 9 0 441
60 9 1 452
60 9 2 418
80 0 0 757
80 0 1 778
80 0 2 705
80 1 0 801
80 1 1 790
80 1 2 718
80 2 0 809
80 2 1 804
80 2 2 812
80 3 0 800
80 3 1 796
80 3 2 764
80 4 0 781
80 4 1 807
80 4 2 785
80 5 0 751
80 5 1 722
80 5 2 783
80 6 0 769
80 6 1 792
80 6 2 751
80 7 0 837
80 7 1 697
80 7 2 775
80 8 0 816
80 8 1 781
80 8 2 796
80 9 0 772
80 9 1 771
80 9 2 780
100 0 0 1234
100 0 1 1232
100 0 2 1247
100 1 0 1238
100 1 1 1167
100 1 2 1237
100 2 0 1247
100 2 1 1235
100 2 2 1217
100 3 0 1180
100 3 1 1219
100 3 2 1194
100 4 0 1256
100 4 1 1188
100 4 2 1180
100 5 0 1192
100 5 1 1215
100 5 2 1075
100 6 0 1259
100 6 1 1255
100 6 2 1228
100 7 0 1255
100 7 1 1221
100 7 2 1220
100 8 0 1193
100 8 1 1199
100 8 2 1224
100 9 0 1188
100 9 1 1212
100 9 2 1230
