60 0 0 413
60 0 1 412
60 0 2 431
60 1 0 428
60 1 1 404
60 1 2 443
60 2 0 452
60 2 1 441
60 2 2 442
60 3 0 393
60 3 1 444
60 3 2 430
60 4 0 447
60 4 1 452
60 4 2 431
60 5 0 414
60 5 1 450
60 5 2 443
60 6 0 449
60 6 1 456
60 6 2 439
60 7 0 378
60 7 1 442
60 7 2 402
60 8 0 453
60 8 1 429
60 8 2 440
60 9 0 430
60 9 1 425
60 9 2 448
80 0 0 678
80 0 1 779
80 0 2 776
80 1 0 787
80 1 1 805
80 1 2 798
80 2 0 803
80 2 1 764
80 2 2 723
80 3 0 759
80 3 1 823
80 3 2 783
80 4 0 800
80 4 1 760
80 4 2 736
80 5 0 766
80 5 1 791
80 5 2 783
80 6 0 818
80 6 1 800
80 6 2 815
80 7 0 758
80 7 1 689
80 7 2 800
80 8 0 796
80 8 1 775
80 8 2 756
80 9 0 793
80 9 1 795
80 9 2 790
100 0 0 1246
100 0 1 1246
100 0 2 1249
100 1 0 1263
100 1 1 1251
100 1 2 1247
100 2 0 1253
100 2 1 1265
100 2 2 1236
100 3 0 1195
100 3 1 1222
100 3 2 1226
100 4 0 1159
100 4 1 1268
100 4 2 1174
100 5 0 1236
100 5 1 1244
100 5 2 1253
100 6 0 1149
100 6 1 1195
100 6 2 1242
100 7 0 1247
100 7 1 1222
100 7 2 1242
100 8 0 1172
100 8 1 1249
100 8 2 1233
100 9 0 1226
100 9 1 1232
100 9 2 1197
