60 0 0 288
60 0 1 0
60 0 2 61
60 0 3 120
60 0 4 30
60 0 5 30
60 0 6 30
60 0 7 30
60 0 8 142
60 0 9 30
60 1 0 0
60 1 1 391
60 1 2 177
60 1 3 165
60 1 4 425
60 1 5 62
60 1 6 413
60 1 7 102
60 1 8 32
60 1 9 32
60 2 0 170
60 2 1 0
60 2 2 402
60 2 3 0
60 2 4 426
60 2 5 232
60 2 6 383
60 2 7 413
60 2 8 0
60 2 9 0
60 3 0 0
60 3 1 310
60 3 2 239
60 3 3 174
60 3 4 199
60 3 5 256
60 3 6 134
60 3 7 26
60 3 8 239
60 3 9 0
60 4 0 381
60 4 1 0
60 4 2 450
60 4 3 142
60 4 4 332
60 4 5 212
60 4 6 0
60 4 7 0
60 4 8 0
60 4 9 0
60 5 0 103
60 5 1 103
60 5 2 127
60 5 3 157
60 5 4 273
60 5 5 403
60 5 6 135
60 5 7 435
60 5 8 427
60 5 9 293
60 6 0 220
60 6 1 88
60 6 2 165
60 6 3 430
60 6 4 414
60 6 5 423
60 6 6 337
60 6 7 456
60 6 8 414
60 6 9 423
60 7 0 173
60 7 1 320
60 7 2 428
60 7 3 0
60 7 4 0
60 7 5 207
60 7 6 0
60 7 7 0
60 7 8 0
60 7 9 0
60 8 0 184
60 8 1 123
60 8 2 0
60 8 3 242
60 8 4 0
60 8 5 0
60 8 6 408
60 8 7 0
60 8 8 430
60 8 9 24
60 9 0 422
60 9 1 25
60 9 2 0
60 9 3 0
60 9 4 53
60 9 5 399
60 9 6 423
60 9 7 427
60 9 8 375
60 9 9 107
80 0 0 761
80 0 1 180
80 0 2 544
80 0 3 684
80 0 4 0
80 0 5 209
80 0 6 333
80 0 7 0
80 0 8 180
80 0 9 209
80 1 0 218
80 1 1 777
80 1 2 738
80 1 3 34
80 1 4 252
80 1 5 345
80 1 6 217
80 1 7 218
80 1 8 276
80 1 9 0
80 2 0 319
80 2 1 45
80 2 2 352
80 2 3 410
80 2 4 745
80 2 5 45
80 2 6 466
80 2 7 153
80 2 8 45
80 2 9 219
80 3 0 182
80 3 1 153
80 3 2 249
80 3 3 480
80 3 4 448
80 3 5 458
80 3 6 217
80 3 7 576
80 3 8 153
80 3 9 150
80 4 0 80
80 4 1 424
80 4 2 716
80 4 3 115
80 4 4 70
80 4 5 306
80 4 6 44
80 4 7 762
80 4 8 536
80 4 9 0
80 5 0 252
80 5 1 252
80 5 2 714
80 5 3 112
80 5 4 183
80 5 5 759
80 5 6 338
80 5 7 226
80 5 8 347
80 5 9 468
80 6 0 266
80 6 1 786
80 6 2 160
80 6 3 199
80 6 4 444
80 6 5 326
80 6 6 260
80 6 7 775
80 6 8 361
80 6 9 160
80 7 0 0
80 7 1 763
80 7 2 315
80 7 3 0
80 7 4 339
80 7 5 282
80 7 6 0
80 7 7 0
80 7 8 647
80 7 9 766
80 8 0 173
80 8 1 173
80 8 2 694
80 8 3 540
80 8 4 635
80 8 5 0
80 8 6 540
80 8 7 173
80 8 8 306
80 8 9 778
80 9 0 310
80 9 1 563
80 9 2 179
80 9 3 102
80 9 4 743
80 9 5 283
80 9 6 449
80 9 7 179
80 9 8 310
80 9 9 253
100 0 0 477
100 0 1 586
100 0 2 444
100 0 3 477
100 0 4 272
100 0 5 1072
100 0 6 135
100 0 7 272
100 0 8 480
100 0 9 364
100 1 0 1206
100 1 1 319
100 1 2 52
100 1 3 279
100 1 4 52
100 1 5 212
100 1 6 466
100 1 7 789
100 1 8 310
100 1 9 1259
100 2 0 0
100 2 1 0
100 2 2 641
100 2 3 811
100 2 4 0
100 2 5 774
100 2 6 0
100 2 7 885
100 2 8 1193
100 2 9 933
100 3 0 978
100 3 1 405
100 3 2 850
100 3 3 0
100 3 4 602
100 3 5 1162
100 3 6 996
100 3 7 706
100 3 8 0
100 3 9 816
100 4 0 745
100 4 1 778
100 4 2 0
100 4 3 746
100 4 4 45
100 4 5 895
100 4 6 1109
100 4 7 892
100 4 8 626
100 4 9 369
100 5 0 646
100 5 1 56
100 5 2 572
100 5 3 268
100 5 4 741
100 5 5 1124
100 5 6 1186
100 5 7 1233
100 5 8 289
100 5 9 730
100 6 0 1239
100 6 1 325
100 6 2 931
100 6 3 367
100 6 4 547
100 6 5 580
100 6 6 580
100 6 7 235
100 6 8 325
100 6 9 931
100 7 0 310
100 7 1 996
100 7 2 587
100 7 3 691
100 7 4 849
100 7 5 749
100 7 6 290
100 7 7 473
100 7 8 1166
100 7 9 338
100 8 0 242
100 8 1 205
100 8 2 294
100 8 3 430
100 8 4 614
100 8 5 205
100 8 6 257
100 8 7 242
100 8 8 1145
100 8 9 257
100 9 0 996
100 9 1 0
100 9 2 836
100 9 3 0
100 9 4 368
100 9 5 0
100 9 6 1123
100 9 7 1089
100 9 8 0
100 9 9 97
