60 0 0 386
60 0 1 443
60 0 2 443
60 1 0 449
60 1 1 439
60 1 2 442
60 2 0 420
60 2 1 436
60 2 2 445
60 3 0 382
60 3 1 454
60 3 2 435
60 4 0 413
60 4 1 445
60 4 2 423
60 5 0 453
60 5 1 420
60 5 2 442
60 6 0 451
60 6 1 416
60 6 2 452
60 7 0 404
60 7 1 441
60 7 2 451
60 8 0 458
60 8 1 438
60 8 2 449
60 9 0 448
60 9 1 445
60 9 2 455
80 0 0 817
80 0 1 793
80 0 2 782
80 1 0 791
80 1 1 769
80 1 2 812
80 2 0 787
80 2 1 774
80 2 2 801
80 3 0 790
80 3 1 816
80 3 2 807
80 4 0 787
80 4 1 769
80 4 2 786
80 5 0 778
80 5 1 764
80 5 2 786
80 6 0 804
80 6 1 822
80 6 2 796
80 7 0 731
80 7 1 781
80 7 2 792
80 8 0 809
80 8 1 737
80 8 2 763
80 9 0 770
80 9 1 788
80 9 2 803
100 0 0 1237
100 0 1 1218
100 0 2 1273
100 1 0 1230
100 1 1 1282
100 1 2 1229
100 2 0 1228
100 2 1 1237
100 2 2 1251
100 3 0 1260
100 3 1 1225
100 3 2 1226
100 4 0 1223
100 4 1 1209
100 4 2 1241
100 5 0 1186
100 5 1 1245
100 5 2 1201
100 6 0 1262
100 6 1 1216
100 6 2 1253
100 7 0 1217
100 7 1 1235
100 7 2 1191
100 8 0 1198
100 8 1 1248
100 8 2 1257
100 9 0 1242
100 9 1 1163
100 9 2 1248
60 0 3 416
60 0 4 413
60 0 5 450
60 0 6 447
60 0 7 459
60 0 8 434
60 0 9 438
60 0 10 441
60 1 3 429
60 1 4 447
60 1 5 419
60 1 6 371
60 1 7 448
60 1 8 432
60 1 9 449
60 1 10 446
60 2 3 433
60 2 4 413
60 2 5 467
60 2 6 424
60 2 7 394
60 2 8 449
60 2 9 420
60 2 10 419
60 3 3 449
60 3 4 441
60 3 5 463
60 3 6 440
60 3 7 422
60 3 8 448
60 3 9 424
60 3 10 446
60 4 3 447
60 4 4 437
60 4 5 438
60 4 6 421
60 4 7 437
60 4 8 455
60 4 9 449
60 4 10 437
60 5 3 419
60 5 4 450
60 5 5 454
60 5 6 419
60 5 7 452
60 5 8 444
60 5 9 431
60 5 10 452
60 6 3 456
60 6 4 450
60 6 5 449
60 6 6 448
60 6 7 431
60 6 8 407
60 6 9 416
60 6 10 429
60 7 3 409
60 7 4 445
60 7 5 429
60 7 6 465
60 7 7 457
60 7 8 416
60 7 9 441
60 7 10 441
60 8 3 452
60 8 4 403
60 8 5 442
60 8 6 451
60 8 7 434
60 8 8 416
60 8 9 443
60 8 10 463
60 9 3 418
60 9 4 440
60 9 5 421
60 9 6 447
60 9 7 441
60 9 8 441
60 9 9 424
60 9 10 449
80 0 3 785
80 0 4 769
80 0 5 768
80 0 6 793
80 0 7 667
80 0 8 796
80 0 9 794
80 0 10 793
80 1 3 770
80 1 4 786
80 1 5 784
80 1 6 758
80 1 7 762
80 1 8 789
80 1 9 826
80 1 10 784
80 2 3 780
80 2 4 795
80 2 5 773
80 2 6 748
80 2 7 735
80 2 8 782
80 2 9 783
80 2 10 788
80 3 3 791
80 3 4 805
80 3 5 790
80 3 6 806
80 3 7 694
80 3 8 799
80 3 9 813
80 3 10 785
80 4 3 769
80 4 4 750
80 4 5 787
80 4 6 798
80 4 7 764
80 4 8 790
80 4 9 801
80 4 10 792
80 5 3 821
80 5 4 785
80 5 5 788
80 5 6 787
80 5 7 801
80 5 8 783
80 5 9 723
80 5 10 779
80 6 3 801
80 6 4 779
80 6 5 797
80 6 6 788
80 6 7 777
80 6 8 778
80 6 9 762
80 6 10 775
80 7 3 742
80 7 4 736
80 7 5 809
80 7 6 757
80 7 7 752
80 7 8 771
80 7 9 766
80 7 10 797
80 8 3 769
80 8 4 801
80 8 5 774
80 8 6 782
80 8 7 795
80 8 8 822
80 8 9 774
80 8 10 802
80 9 3 796
80 9 4 771
80 9 5 788
80 9 6 758
80 9 7 778
80 9 8 811
80 9 9 767
80 9 10 767
100 0 3 1229
100 0 4 1201
100 0 5 1248
100 0 6 1243
100 0 7 1251
100 0 8 1242
100 0 9 1261
100 0 10 1181
100 1 3 1259
100 1 4 1234
100 1 5 1222
100 1 6 1232
100 1 7 1258
100 1 8 1239
100 1 9 1249
100 1 10 1245
100 2 3 1249
100 2 4 1236
100 2 5 1197
100 2 6 1236
100 2 7 1234
100 2 8 1230
100 2 9 1202
100 2 10 1239
100 3 3 1240
100 3 4 1225
100 3 5 1211
100 3 6 1200
100 3 7 1241
100 3 8 1177
100 3 9 1237
100 3 10 1122
100 4 3 1264
100 4 4 1210
100 4 5 1216
100 4 6 1224
100 4 7 1246
100 4 8 1220
100 4 9 1217
100 4 10 1256
100 5 3 1260
100 5 4 1197
100 5 5 1244
100 5 6 1257
100 5 7 1260
100 5 8 1262
100 5 9 1229
100 5 10 1261
100 6 3 1238
100 6 4 1215
100 6 5 1227
100 6 6 1230
100 6 7 1172
100 6 8 1250
100 6 9 1156
100 6 10 1229
100 7 3 1201
100 7 4 1182
100 7 5 1249
100 7 6 1239
100 7 7 1248
100 7 8 1228
100 7 9 1256
100 7 10 1255
100 8 3 1201
100 8 4 1257
100 8 5 1227
100 8 6 1219
100 8 7 1231
100 8 8 1181
100 8 9 1230
100 8 10 1224
100 9 3 1120
100 9 4 1244
100 9 5 1138
100 9 6 1255
100 9 7 1229
100 9 8 1227
100 9 9 1243
100 9 10 1256
