60 0 0 437
60 0 1 412
60 0 2 390
60 1 0 438
60 1 1 445
60 1 2 433
60 2 0 443
60 2 1 433
60 2 2 448
60 3 0 443
60 3 1 410
60 3 2 458
60 4 0 436
60 4 1 444
60 4 2 443
60 5 0 472
60 5 1 449
60 5 2 427
60 6 0 429
60 6 1 419
60 6 2 460
60 7 0 463
60 7 1 420
60 7 2 441
60 8 0 455
60 8 1 421
60 8 2 436
60 9 0 418
60 9 1 448
60 9 2 449
80 0 0 789
80 0 1 807
80 0 2 790
80 1 0 813
80 1 1 794
80 1 2 780
80 2 0 809
80 2 1 783
80 2 2 787
80 3 0 795
80 3 1 780
80 3 2 761
80 4 0 747
80 4 1 785
80 4 2 792
80 5 0 790
80 5 1 783
80 5 2 737
80 6 0 771
80 6 1 777
80 6 2 743
80 7 0 806
80 7 1 777
80 7 2 766
80 8 0 810
80 8 1 682
80 8 2 770
80 9 0 783
80 9 1 791
80 9 2 809
100 0 0 1219
100 0 1 1241
100 0 2 1193
100 1 0 1250
100 1 1 1232
100 1 2 1242
100 2 0 1234
100 2 1 1240
100 2 2 1224
100 3 0 1240
100 3 1 1243
100 3 2 1253
100 4 0 1202
100 4 1 1164
100 4 2 1207
100 5 0 1244
100 5 1 1215
100 5 2 1210
100 6 0 1231
100 6 1 1222
100 6 2 1243
100 7 0 1236
100 7 1 1224
100 7 2 1146
100 8 0 1195
100 8 1 1254
100 8 2 1251
100 9 0 1248
100 9 1 1232
100 9 2 1259
60 0 3 412
60 0 4 442
60 0 5 408
60 0 6 441
60 0 7 418
60 0 8 432
60 0 9 447
60 0 10 427
60 1 3 449
60 1 4 455
60 1 5 443
60 1 6 405
60 1 7 446
60 1 8 440
60 1 9 439
60 1 10 418
60 2 3 399
60 2 4 428
60 2 5 435
60 2 6 452
60 2 7 468
60 2 8 430
60 2 9 416
60 2 10 463
60 3 3 432
60 3 4 446
60 3 5 429
60 3 6 433
60 3 7 452
60 3 8 468
60 3 9 385
60 3 10 438
60 4 3 444
60 4 4 441
60 4 5 444
60 4 6 459
60 4 7 429
60 4 8 439
60 4 9 434
60 4 10 425
60 5 3 431
60 5 4 432
60 5 5 448
60 5 6 453
60 5 7 434
60 5 8 441
60 5 9 437
60 5 10 439
60 6 3 452
60 6 4 426
60 6 5 431
60 6 6 390
60 6 7 451
60 6 8 448
60 6 9 448
60 6 10 413
60 7 3 449
60 7 4 406
60 7 5 433
60 7 6 428
60 7 7 439
60 7 8 445
60 7 9 425
60 7 10 441
60 8 3 415
60 8 4 443
60 8 5 464
60 8 6 428
60 8 7 441
60 8 8 449
60 8 9 432
60 8 10 428
60 9 3 449
60 9 4 458
60 9 5 450
60 9 6 449
60 9 7 438
60 9 8 444
60 9 9 452
60 9 10 453
80 0 3 786
80 0 4 799
80 0 5 797
80 0 6 760
80 0 7 747
80 0 8 800
80 0 9 794
80 0 10 793
80 1 3 800
80 1 4 750
80 1 5 792
80 1 6 802
80 1 7 771
80 1 8 757
80 1 9 755
80 1 10 780
80 2 3 699
80 2 4 810
80 2 5 801
80 2 6 791
80 2 7 789
80 2 8 759
80 2 9 773
80 2 10 786
80 3 3 793
80 3 4 788
80 3 5 726
80 3 6 763
80 3 7 803
80 3 8 788
80 3 9 797
80 3 10 758
80 4 3 757
80 4 4 795
80 4 5 781
80 4 6 779
80 4 7 809
80 4 8 758
80 4 9 793
80 4 10 751
80 5 3 783
80 5 4 774
80 5 5 778
80 5 6 760
80 5 7 806
80 5 8 747
80 5 9 752
80 5 10 812
80 6 3 785
80 6 4 793
80 6 5 797
80 6 6 800
80 6 7 816
80 6 8 718
80 6 9 773
80 6 10 756
80 7 3 814
80 7 4 783
80 7 5 708
80 7 6 798
80 7 7 786
80 7 8 775
80 7 9 778
80 7 10 782
80 8 3 773
80 8 4 804
80 8 5 787
80 8 6 791
80 8 7 792
80 8 8 788
80 8 9 806
80 8 10 765
80 9 3 793
80 9 4 774
80 9 5 802
80 9 6 782
80 9 7 780
80 9 8 794
80 9 9 762
80 9 10 804
100 0 3 1242
100 0 4 1225
100 0 5 1232
100 0 6 1250
100 0 7 1267
100 0 8 1261
100 0 9 1217
100 0 10 1229
100 1 3 1252
100 1 4 1222
100 1 5 1165
100 1 6 1229
100 1 7 1196
100 1 8 1279
100 1 9 1221
100 1 10 1227
100 2 3 1207
100 2 4 1238
100 2 5 1229
100 2 6 1199
100 2 7 1241
100 2 8 1224
100 2 9 1285
100 2 10 1227
100 3 3 1146
100 3 4 1255
100 3 5 1202
100 3 6 1243
100 3 7 1262
100 3 8 1244
100 3 9 1217
100 3 10 1257
100 4 3 1183
100 4 4 1225
100 4 5 1245
100 4 6 1205
100 4 7 1251
100 4 8 1079
100 4 9 1237
100 4 10 1203
100 5 3 1207
100 5 4 1229
100 5 5 1246
100 5 6 1180
100 5 7 1207
100 5 8 1213
100 5 9 1244
100 5 10 1247
100 6 3 1209
100 6 4 1210
100 6 5 1252
100 6 6 1221
100 6 7 1222
100 6 8 1250
100 6 9 1176
100 6 10 1246
100 7 3 1243
100 7 4 1240
100 7 5 1259
100 7 6 1214
100 7 7 1231
100 7 8 1219
100 7 9 1190
100 7 10 1205
100 8 3 1235
100 8 4 1203
100 8 5 1273
100 8 6 1140
100 8 7 1219
100 8 8 1152
100 8 9 1232
100 8 10 1259
100 9 3 1253
100 9 4 1234
100 9 5 1235
100 9 6 1233
100 9 7 1200
100 9 8 1247
100 9 9 1220
100 9 10 1217
