60 0 0 431
60 0 1 450
60 0 2 371
60 1 0 418
60 1 1 438
60 1 2 413
60 2 0 426
60 2 1 348
60 2 2 430
60 3 0 445
60 3 1 418
60 3 2 438
60 4 0 435
60 4 1 364
60 4 2 391
60 5 0 447
60 5 1 425
60 5 2 427
60 6 0 441
60 6 1 446
60 6 2 438
60 7 0 438
60 7 1 420
60 7 2 435
60 8 0 436
60 8 1 454
60 8 2 453
60 9 0 457
60 9 1 442
60 9 2 464
80 0 0 780
80 0 1 774
80 0 2 808
80 1 0 766
80 1 1 798
80 1 2 789
80 2 0 795
80 2 1 770
80 2 2 758
80 3 0 799
80 3 1 774
80 3 2 788
80 4 0 774
80 4 1 807
80 4 2 782
80 5 0 750
80 5 1 756
80 5 2 780
80 6 0 769
80 6 1 802
80 6 2 794
80 7 0 797
80 7 1 753
80 7 2 770
80 8 0 799
80 8 1 793
80 8 2 820
80 9 0 785
80 9 1 797
80 9 2 771
100 0 0 1223
100 0 1 1227
100 0 2 1235
100 1 0 1247
100 1 1 1185
100 1 2 1206
100 2 0 1075
100 2 1 1225
100 2 2 1072
100 3 0 1215
100 3 1 1244
100 3 2 1256
100 4 0 1208
100 4 1 1231
100 4 2 1253
100 5 0 1220
100 5 1 1171
100 5 2 1209
100 6 0 1248
100 6 1 1207
100 6 2 1254
100 7 0 1243
100 7 1 1268
100 7 2 1236
100 8 0 1229
100 8 1 1237
100 8 2 1218
100 9 0 1247
100 9 1 1158
100 9 2 1225
60 0 3 451
60 0 4 372
60 0 5 423
60 0 6 433
60 0 7 444
60 0 8 395
60 0 9 449
60 0 10 435
60 1 3 428
60 1 4 449
60 1 5 407
60 1 6 456
60 1 7 439
60 1 8 445
60 1 9 449
60 1 10 412
60 2 3 444
60 2 4 407
60 2 5 395
60 2 6 454
60 2 7 437
60 2 8 448
60 2 9 430
60 2 10 441
60 3 3 440
60 3 4 436
60 3 5 428
60 3 6 450
60 3 7 444
60 3 8 417
60 3 9 445
60 3 10 406
60 4 3 447
60 4 4 407
60 4 5 400
60 4 6 429
60 4 7 383
60 4 8 431
60 4 9 451
60 4 10 417
60 5 3 465
60 5 4 459
60 5 5 442
60 5 6 433
60 5 7 428
60 5 8 448
60 5 9 403
60 5 10 429
60 6 3 420
60 6 4 428
60 6 5 450
60 6 6 447
60 6 7 416
60 6 8 421
60 6 9 444
60 6 10 428
60 7 3 450
60 7 4 436
60 7 5 406
60 7 6 444
60 7 7 440
60 7 8 417
60 7 9 451
60 7 10 406
60 8 3 454
60 8 4 449
60 8 5 417
60 8 6 444
60 8 7 461
60 8 8 434
60 8 9 424
60 8 10 392
60 9 3 450
60 9 4 430
60 9 5 440
60 9 6 410
60 9 7 431
60 9 8 425
60 9 9 432
60 9 10 393
80 0 3 791
80 0 4 724
80 0 5 798
80 0 6 660
80 0 7 693
80 0 8 772
80 0 9 791
80 0 10 799
80 1 3 804
80 1 4 754
80 1 5 716
80 1 6 750
80 1 7 777
80 1 8 803
80 1 9 787
80 1 10 800
80 2 3 811
80 2 4 800
80 2 5 702
80 2 6 799
80 2 7 757
80 2 8 756
80 2 9 798
80 2 10 815
80 3 3 779
80 3 4 785
80 3 5 781
80 3 6 806
80 3 7 737
80 3 8 787
80 3 9 765
80 3 10 758
80 4 3 815
80 4 4 796
80 4 5 813
80 4 6 792
80 4 7 751
80 4 8 806
80 4 9 744
80 4 10 795
80 5 3 767
80 5 4 809
80 5 5 774
80 5 6 764
80 5 7 778
80 5 8 776
80 5 9 633
80 5 10 755
80 6 3 797
80 6 4 797
80 6 5 783
80 6 6 803
80 6 7 785
80 6 8 769
80 6 9 715
80 6 10 785
80 7 3 783
80 7 4 760
80 7 5 799
80 7 6 779
80 7 7 803
80 7 8 794
80 7 9 792
80 7 10 675
80 8 3 768
80 8 4 816
80 8 5 774
80 8 6 807
80 8 7 734
80 8 8 769
80 8 9 810
80 8 10 809
80 9 3 759
80 9 4 774
80 9 5 778
80 9 6 800
80 9 7 784
80 9 8 802
80 9 9 784
80 9 10 796
100 0 3 1237
100 0 4 1193
100 0 5 1216
100 0 6 1276
100 0 7 1240
100 0 8 1216
100 0 9 1223
100 0 10 1236
100 1 3 1221
100 1 4 1276
100 1 5 1233
100 1 6 1033
100 1 7 1176
100 1 8 1241
100 1 9 1215
100 1 10 1248
100 2 3 1238
100 2 4 1204
100 2 5 1238
100 2 6 1232
100 2 7 1249
100 2 8 1244
100 2 9 1186
100 2 10 1265
100 3 3 1229
100 3 4 1267
100 3 5 1201
100 3 6 1208
100 3 7 1234
100 3 8 1265
100 3 9 1258
100 3 10 1255
100 4 3 1225
100 4 4 1198
100 4 5 1170
100 4 6 1248
100 4 7 1208
100 4 8 1227
100 4 9 1231
100 4 10 1214
100 5 3 1258
100 5 4 1217
100 5 5 1219
100 5 6 1235
100 5 7 1247
100 5 8 1239
100 5 9 1249
100 5 10 1226
100 6 3 1212
100 6 4 1240
100 6 5 1203
100 6 6 1146
100 6 7 1201
100 6 8 1246
100 6 9 1186
100 6 10 1255
100 7 3 1223
100 7 4 1208
100 7 5 1207
100 7 6 1244
100 7 7 1240
100 7 8 1222
100 7 9 1227
100 7 10 1222
100 8 3 1205
100 8 4 1218
100 8 5 1265
100 8 6 1208
100 8 7 1252
100 8 8 1222
100 8 9 1195
100 8 10 1254
100 9 3 1174
100 9 4 1186
100 9 5 1243
100 9 6 1185
100 9 7 1248
100 9 8 1251
100 9 9 1169
100 9 10 1266
