60 0 0 419
60 0 1 396
60 0 2 341
60 1 0 355
60 1 1 452
60 1 2 453
60 2 0 438
60 2 1 437
60 2 2 446
60 3 0 434
60 3 1 433
60 3 2 420
60 4 0 423
60 4 1 427
60 4 2 433
60 5 0 420
60 5 1 411
60 5 2 407
60 6 0 442
60 6 1 447
60 6 2 434
60 7 0 436
60 7 1 451
60 7 2 438
60 8 0 427
60 8 1 396
60 8 2 417
60 9 0 433
60 9 1 433
60 9 2 446
80 0 0 806
80 0 1 751
80 0 2 771
80 1 0 597
80 1 1 731
80 1 2 777
80 2 0 727
80 2 1 757
80 2 2 800
80 3 0 777
80 3 1 814
80 3 2 697
80 4 0 771
80 4 1 756
80 4 2 769
80 5 0 806
80 5 1 783
80 5 2 806
80 6 0 782
80 6 1 786
80 6 2 786
80 7 0 834
80 7 1 777
80 7 2 812
80 8 0 751
80 8 1 805
80 8 2 765
80 9 0 770
80 9 1 770
80 9 2 657
100 0 0 1243
100 0 1 1266
100 0 2 1196
100 1 0 1170
100 1 1 1241
100 1 2 1204
100 2 0 1251
100 2 1 1192
100 2 2 1169
100 3 0 1242
100 3 1 1156
100 3 2 1218
100 4 0 1223
100 4 1 1232
100 4 2 1210
100 5 0 1240
100 5 1 1214
100 5 2 1266
100 6 0 1241
100 6 1 1199
100 6 2 1245
100 7 0 1239
100 7 1 1215
100 7 2 1215
100 8 0 1215
100 8 1 1240
100 8 2 1245
100 9 0 1210
100 9 1 1106
100 9 2 1221
60 0 3 425
60 0 4 406
60 0 5 449
60 0 6 389
60 0 7 431
60 0 8 390
60 0 9 434
60 0 10 425
60 1 3 447
60 1 4 453
60 1 5 396
60 1 6 438
60 1 7 434
60 1 8 445
60 1 9 441
60 1 10 359
60 2 3 443
60 2 4 433
60 2 5 461
60 2 6 459
60 2 7 390
60 2 8 406
60 2 9 446
60 2 10 455
60 3 3 433
60 3 4 458
60 3 5 403
60 3 6 443
60 3 7 440
60 3 8 429
60 3 9 439
60 3 10 442
60 4 3 392
60 4 4 455
60 4 5 466
60 4 6 461
60 4 7 461
60 4 8 398
60 4 9 391
60 4 10 441
60 5 3 387
60 5 4 438
60 5 5 428
60 5 6 448
60 5 7 435
60 5 8 441
60 5 9 438
60 5 10 438
60 6 3 445
60 6 4 408
60 6 5 435
60 6 6 400
60 6 7 436
60 6 8 445
60 6 9 415
60 6 10 427
60 7 3 418
60 7 4 383
60 7 5 407
60 7 6 435
60 7 7 437
60 7 8 440
60 7 9 374
60 7 10 441
60 8 3 458
60 8 4 417
60 8 5 454
60 8 6 442
60 8 7 440
60 8 8 456
60 8 9 430
60 8 10 445
60 9 3 460
60 9 4 427
60 9 5 469
60 9 6 445
60 9 7 442
60 9 8 400
60 9 9 467
60 9 10 426
80 0 3 759
80 0 4 731
80 0 5 767
80 0 6 784
80 0 7 814
80 0 8 771
80 0 9 782
80 0 10 786
80 1 3 784
80 1 4 764
80 1 5 758
80 1 6 761
80 1 7 763
80 1 8 778
80 1 9 782
80 1 10 770
80 2 3 762
80 2 4 769
80 2 5 776
80 2 6 782
80 2 7 775
80 2 8 794
80 2 9 781
80 2 10 779
80 3 3 769
80 3 4 771
80 3 5 780
80 3 6 723
80 3 7 799
80 3 8 753
80 3 9 815
80 3 10 760
80 4 3 780
80 4 4 803
80 4 5 750
80 4 6 703
80 4 7 779
80 4 8 699
80 4 9 767
80 4 10 806
80 5 3 781
80 5 4 805
80 5 5 777
80 5 6 789
80 5 7 789
80 5 8 784
80 5 9 778
80 5 10 799
80 6 3 793
80 6 4 785
80 6 5 782
80 6 6 785
80 6 7 785
80 6 8 711
80 6 9 778
80 6 10 792
80 7 3 766
80 7 4 780
80 7 5 796
80 7 6 782
80 7 7 774
80 7 8 776
80 7 9 781
80 7 10 743
80 8 3 778
80 8 4 787
80 8 5 742
80 8 6 792
80 8 7 777
80 8 8 760
80 8 9 773
80 8 10 798
80 9 3 710
80 9 4 800
80 9 5 733
80 9 6 812
80 9 7 793
80 9 8 794
80 9 9 795
80 9 10 815
100 0 3 1243
100 0 4 1192
100 0 5 1234
100 0 6 1237
100 0 7 1210
100 0 8 1214
100 0 9 1209
100 0 10 1171
100 1 3 1243
100 1 4 1157
100 1 5 1233
100 1 6 1272
100 1 7 1214
100 1 8 1232
100 1 9 1160
100 1 10 1227
100 2 3 1129
100 2 4 1252
100 2 5 1208
100 2 6 1260
100 2 7 1273
100 2 8 1232
100 2 9 1255
100 2 10 1239
100 3 3 1186
100 3 4 1202
100 3 5 1206
100 3 6 1218
100 3 7 1229
100 3 8 1251
100 3 9 1280
100 3 10 1227
100 4 3 1224
100 4 4 1244
100 4 5 1242
100 4 6 1248
100 4 7 1236
100 4 8 1179
100 4 9 1270
100 4 10 1246
100 5 3 1265
100 5 4 1251
100 5 5 1187
100 5 6 1202
100 5 7 1152
100 5 8 1246
100 5 9 1250
100 5 10 1153
100 6 3 1102
100 6 4 1251
100 6 5 1224
100 6 6 1211
100 6 7 1225
100 6 8 1242
100 6 9 1226
100 6 10 1242
100 7 3 1225
100 7 4 1226
100 7 5 1230
100 7 6 1227
100 7 7 1256
100 7 8 1002
100 7 9 1195
100 7 10 1265
100 8 3 1190
100 8 4 1209
100 8 5 1151
100 8 6 1120
100 8 7 1146
100 8 8 1271
100 8 9 1244
100 8 10 1195
100 9 3 1217
100 9 4 1239
100 9 5 1235
100 9 6 1210
100 9 7 1035
100 9 8 1237
100 9 9 1253
100 9 10 1251
