60 0 0 429
60 0 1 453
60 0 2 398
60 1 0 461
60 1 1 456
60 1 2 436
60 2 0 441
60 2 1 451
60 2 2 445
60 3 0 379
60 3 1 447
60 3 2 458
60 4 0 456
60 4 1 422
60 4 2 431
60 5 0 444
60 5 1 397
60 5 2 410
60 6 0 448
60 6 1 445
60 6 2 415
60 7 0 435
60 7 1 434
60 7 2 409
60 8 0 421
60 8 1 442
60 8 2 431
60 9 0 445
60 9 1 441
60 9 2 449
80 0 0 787
80 0 1 774
80 0 2 791
80 1 0 783
80 1 1 741
80 1 2 812
80 2 0 782
80 2 1 796
80 2 2 809
80 3 0 807
80 3 1 790
80 3 2 776
80 4 0 762
80 4 1 726
80 4 2 817
80 5 0 782
80 5 1 800
80 5 2 776
80 6 0 782
80 6 1 719
80 6 2 791
80 7 0 776
80 7 1 771
80 7 2 796
80 8 0 780
80 8 1 784
80 8 2 802
80 9 0 712
80 9 1 758
80 9 2 777
100 0 0 1247
100 0 1 1234
100 0 2 1188
100 1 0 1237
100 1 1 1260
100 1 2 1210
100 2 0 1230
100 2 1 1127
100 2 2 1181
100 3 0 1206
100 3 1 1263
100 3 2 1229
100 4 0 1216
100 4 1 1273
100 4 2 1201
100 5 0 1179
100 5 1 1231
100 5 2 1256
100 6 0 1256
100 6 1 1219
100 6 2 1218
100 7 0 1206
100 7 1 1218
100 7 2 1264
100 8 0 1172
100 8 1 1260
100 8 2 1245
100 9 0 1226
100 9 1 1211
100 9 2 1209
60 0 3 447
60 0 4 463
60 0 5 383
60 0 6 448
60 0 7 429
60 0 8 448
60 0 9 462
60 0 10 368
60 1 3 442
60 1 4 421
60 1 5 441
60 1 6 433
60 1 7 455
60 1 8 414
60 1 9 434
60 1 10 447
60 2 3 396
60 2 4 425
60 2 5 446
60 2 6 456
60 2 7 437
60 2 8 436
60 2 9 442
60 2 10 463
60 3 3 436
60 3 4 420
60 3 5 431
60 3 6 408
60 3 7 455
60 3 8 419
60 3 9 447
60 3 10 444
60 4 3 430
60 4 4 437
60 4 5 457
60 4 6 410
60 4 7 440
60 4 8 413
60 4 9 460
60 4 10 451
60 5 3 432
60 5 4 463
60 5 5 427
60 5 6 429
60 5 7 435
60 5 8 447
60 5 9 432
60 5 10 382
60 6 3 445
60 6 4 436
60 6 5 449
60 6 6 435
60 6 7 456
60 6 8 451
60 6 9 454
60 6 10 422
60 7 3 444
60 7 4 456
60 7 5 456
60 7 6 458
60 7 7 429
60 7 8 455
60 7 9 441
60 7 10 452
60 8 3 423
60 8 4 449
60 8 5 435
60 8 6 443
60 8 7 457
60 8 8 435
60 8 9 460
60 8 10 436
60 9 3 443
60 9 4 437
60 9 5 445
60 9 6 431
60 9 7 436
60 9 8 420
60 9 9 433
60 9 10 434
80 0 3 736
80 0 4 766
80 0 5 790
80 0 6 771
80 0 7 774
80 0 8 741
80 0 9 787
80 0 10 808
80 1 3 773
80 1 4 772
80 1 5 783
80 1 6 755
80 1 7 765
80 1 8 729
80 1 9 804
80 1 10 798
80 2 3 808
80 2 4 796
80 2 5 782
80 2 6 775
80 2 7 799
80 2 8 809
80 2 9 776
80 2 10 784
80 3 3 786
80 3 4 777
80 3 5 785
80 3 6 788
80 3 7 784
80 3 8 764
80 3 9 764
80 3 10 797
80 4 3 773
80 4 4 776
80 4 5 791
80 4 6 800
80 4 7 777
80 4 8 789
80 4 9 813
80 4 10 794
80 5 3 761
80 5 4 755
80 5 5 746
80 5 6 786
80 5 7 772
80 5 8 774
80 5 9 773
80 5 10 781
80 6 3 757
80 6 4 791
80 6 5 805
80 6 6 794
80 6 7 812
80 6 8 788
80 6 9 807
80 6 10 802
80 7 3 828
80 7 4 795
80 7 5 760
80 7 6 807
80 7 7 776
80 7 8 750
80 7 9 698
80 7 10 794
80 8 3 692
80 8 4 718
80 8 5 758
80 8 6 722
80 8 7 793
80 8 8 791
80 8 9 788
80 8 10 808
80 9 3 771
80 9 4 738
80 9 5 790
80 9 6 791
80 9 7 781
80 9 8 771
80 9 9 810
80 9 10 784
100 0 3 1256
100 0 4 1161
100 0 5 1250
100 0 6 1227
100 0 7 1215
100 0 8 1233
100 0 9 1265
100 0 10 1244
100 1 3 1214
100 1 4 1206
100 1 5 1243
100 1 6 1260
100 1 7 1236
100 1 8 1226
100 1 9 1219
100 1 10 1259
100 2 3 1270
100 2 4 1192
100 2 5 1204
100 2 6 1216
100 2 7 1236
100 2 8 1131
100 2 9 1210
100 2 10 1250
100 3 3 1193
100 3 4 1219
100 3 5 1250
100 3 6 1243
100 3 7 1201
100 3 8 1126
100 3 9 1207
100 3 10 1251
100 4 3 1171
100 4 4 1217
100 4 5 1258
100 4 6 1192
100 4 7 1265
100 4 8 1151
100 4 9 1251
100 4 10 1230
100 5 3 1221
100 5 4 1254
100 5 5 1202
100 5 6 1025
100 5 7 1235
100 5 8 1211
100 5 9 1145
100 5 10 1246
100 6 3 1173
100 6 4 1241
100 6 5 1255
100 6 6 1220
100 6 7 1237
100 6 8 1228
100 6 9 1154
100 6 10 1210
100 7 3 1223
100 7 4 1108
100 7 5 1196
100 7 6 1230
100 7 7 1238
100 7 8 1252
100 7 9 1232
100 7 10 1245
100 8 3 1087
100 8 4 1279
100 8 5 1224
100 8 6 1218
100 8 7 1177
100 8 8 1227
100 8 9 1247
100 8 10 1244
100 9 3 1224
100 9 4 1248
100 9 5 1225
100 9 6 1232
100 9 7 1243
100 9 8 1227
100 9 9 1209
100 9 10 1164
