60 0 0 404
60 0 1 435
60 0 2 386
60 1 0 413
60 1 1 418
60 1 2 432
60 2 0 446
60 2 1 446
60 2 2 451
60 3 0 436
60 3 1 440
60 3 2 423
60 4 0 438
60 4 1 438
60 4 2 446
60 5 0 456
60 5 1 444
60 5 2 395
60 6 0 438
60 6 1 445
60 6 2 431
60 7 0 412
60 7 1 444
60 7 2 442
60 8 0 446
60 8 1 440
60 8 2 423
60 9 0 442
60 9 1 442
60 9 2 450
80 0 0 760
80 0 1 809
80 0 2 695
80 1 0 800
80 1 1 790
80 1 2 795
80 2 0 801
80 2 1 791
80 2 2 785
80 3 0 791
80 3 1 815
80 3 2 779
80 4 0 790
80 4 1 784
80 4 2 792
80 5 0 807
80 5 1 779
80 5 2 775
80 6 0 790
80 6 1 790
80 6 2 723
80 7 0 794
80 7 1 779
80 7 2 718
80 8 0 768
80 8 1 766
80 8 2 778
80 9 0 748
80 9 1 783
80 9 2 779
100 0 0 1233
100 0 1 1232
100 0 2 1230
100 1 0 1263
100 1 1 1230
100 1 2 1223
100 2 0 1251
100 2 1 1262
100 2 2 1256
100 3 0 1238
100 3 1 1208
100 3 2 1267
100 4 0 1214
100 4 1 1244
100 4 2 1231
100 5 0 1199
100 5 1 1232
100 5 2 1230
100 6 0 1208
100 6 1 1222
100 6 2 1217
100 7 0 1216
100 7 1 1203
100 7 2 1222
100 8 0 1218
100 8 1 1217
100 8 2 1197
100 9 0 1252
100 9 1 1283
100 9 2 1210
60 0 3 439
60 0 4 435
60 0 5 476
60 0 6 394
60 0 7 438
60 0 8 424
60 0 9 439
60 0 10 436
60 1 3 429
60 1 4 436
60 1 5 431
60 1 6 434
60 1 7 439
60 1 8 435
60 1 9 446
60 1 10 436
60 2 3 431
60 2 4 445
60 2 5 456
60 2 6 435
60 2 7 415
60 2 8 443
60 2 9 441
60 2 10 444
60 3 3 406
60 3 4 452
60 3 5 449
60 3 6 428
60 3 7 409
60 3 8 431
60 3 9 461
60 3 10 430
60 4 3 431
60 4 4 436
60 4 5 450
60 4 6 421
60 4 7 426
60 4 8 452
60 4 9 420
60 4 10 454
60 5 3 459
60 5 4 457
60 5 5 442
60 5 6 443
60 5 7 431
60 5 8 432
60 5 9 436
60 5 10 444
60 6 3 421
60 6 4 440
60 6 5 363
60 6 6 408
60 6 7 425
60 6 8 454
60 6 9 447
60 6 10 441
60 7 3 433
60 7 4 413
60 7 5 434
60 7 6 439
60 7 7 438
60 7 8 433
60 7 9 408
60 7 10 439
60 8 3 447
60 8 4 427
60 8 5 447
60 8 6 446
60 8 7 437
60 8 8 442
60 8 9 442
60 8 10 416
60 9 3 411
60 9 4 443
60 9 5 454
60 9 6 440
60 9 7 444
60 9 8 447
60 9 9 444
60 9 10 443
80 0 3 789
80 0 4 802
80 0 5 792
80 0 6 798
80 0 7 794
80 0 8 787
80 0 9 781
80 0 10 806
80 1 3 772
80 1 4 807
80 1 5 789
80 1 6 764
80 1 7 765
80 1 8 785
80 1 9 787
80 1 10 784
80 2 3 737
80 2 4 747
80 2 5 786
80 2 6 801
80 2 7 786
80 2 8 785
80 2 9 788
80 2 10 767
80 3 3 791
80 3 4 715
80 3 5 783
80 3 6 783
80 3 7 809
80 3 8 759
80 3 9 773
80 3 10 795
80 4 3 783
80 4 4 792
80 4 5 758
80 4 6 791
80 4 7 790
80 4 8 805
80 4 9 765
80 4 10 752
80 5 3 793
80 5 4 809
80 5 5 779
80 5 6 799
80 5 7 773
80 5 8 821
80 5 9 800
80 5 10 804
80 6 3 795
80 6 4 773
80 6 5 715
80 6 6 716
80 6 7 778
80 6 8 805
80 6 9 794
80 6 10 779
80 7 3 715
80 7 4 785
80 7 5 796
80 7 6 768
80 7 7 801
80 7 8 800
80 7 9 687
80 7 10 773
80 8 3 769
80 8 4 779
80 8 5 792
80 8 6 783
80 8 7 802
80 8 8 820
80 8 9 718
80 8 10 821
80 9 3 738
80 9 4 797
80 9 5 793
80 9 6 757
80 9 7 788
80 9 8 778
80 9 9 795
80 9 10 692
100 0 3 1268
100 0 4 1218
100 0 5 1218
100 0 6 1226
100 0 7 1256
100 0 8 1225
100 0 9 1228
100 0 10 1218
100 1 3 1193
100 1 4 1200
100 1 5 1245
100 1 6 1222
100 1 7 1247
100 1 8 1234
100 1 9 1237
100 1 10 1244
100 2 3 1242
100 2 4 1162
100 2 5 1213
100 2 6 1214
100 2 7 1217
100 2 8 1202
100 2 9 1241
100 2 10 1232
100 3 3 1192
100 3 4 1179
100 3 5 1244
100 3 6 1208
100 3 7 1185
100 3 8 1205
100 3 9 1235
100 3 10 1217
100 4 3 1126
100 4 4 1234
100 4 5 1223
100 4 6 1217
100 4 7 1155
100 4 8 1235
100 4 9 1266
100 4 10 1212
100 5 3 1238
100 5 4 1221
100 5 5 1236
100 5 6 1238
100 5 7 1220
100 5 8 1274
100 5 9 1220
100 5 10 1259
100 6 3 1249
100 6 4 1264
100 6 5 1230
100 6 6 1240
100 6 7 1250
100 6 8 1220
100 6 9 1200
100 6 10 1196
100 7 3 1259
100 7 4 1269
100 7 5 1221
100 7 6 1148
100 7 7 1240
100 7 8 1268
100 7 9 1196
100 7 10 1285
100 8 3 1236
100 8 4 1228
100 8 5 1148
100 8 6 1273
100 8 7 1228
100 8 8 1188
100 8 9 1256
100 8 10 1205
100 9 3 1216
100 9 4 1248
100 9 5 1235
100 9 6 1239
100 9 7 1086
100 9 8 1271
100 9 9 1247
100 9 10 1233
