60 0 0 416
60 0 1 430
60 0 2 437
60 1 0 441
60 1 1 404
60 1 2 458
60 2 0 365
60 2 1 378
60 2 2 437
60 3 0 438
60 3 1 401
60 3 2 394
60 4 0 364
60 4 1 427
60 4 2 403
60 5 0 430
60 5 1 451
60 5 2 433
60 6 0 442
60 6 1 450
60 6 2 421
60 7 0 420
60 7 1 427
60 7 2 441
60 8 0 442
60 8 1 431
60 8 2 398
60 9 0 427
60 9 1 435
60 9 2 464
80 0 0 785
80 0 1 795
80 0 2 815
80 1 0 792
80 1 1 751
80 1 2 813
80 2 0 726
80 2 1 721
80 2 2 819
80 3 0 730
80 3 1 796
80 3 2 758
80 4 0 783
80 4 1 807
80 4 2 739
80 5 0 760
80 5 1 783
80 5 2 646
80 6 0 795
80 6 1 737
80 6 2 797
80 7 0 788
80 7 1 761
80 7 2 700
80 8 0 760
80 8 1 788
80 8 2 799
80 9 0 691
80 9 1 753
80 9 2 788
100 0 0 1219
100 0 1 1166
100 0 2 1127
100 1 0 1188
100 1 1 1095
100 1 2 1248
100 2 0 1105
100 2 1 1231
100 2 2 1209
100 3 0 1240
100 3 1 1185
100 3 2 1289
100 4 0 1239
100 4 1 1238
100 4 2 1254
100 5 0 1207
100 5 1 1228
100 5 2 1207
100 6 0 1078
100 6 1 1213
100 6 2 1233
100 7 0 1266
100 7 1 1211
100 7 2 1212
100 8 0 1217
100 8 1 1245
100 8 2 1252
100 9 0 1183
100 9 1 1059
100 9 2 1115
60 0 3 412
60 0 4 404
60 0 5 439
60 0 6 406
60 0 7 361
60 0 8 445
60 0 9 429
60 0 10 424
60 1 3 427
60 1 4 440
60 1 5 440
60 1 6 435
60 1 7 451
60 1 8 431
60 1 9 426
60 1 10 437
60 2 3 416
60 2 4 443
60 2 5 414
60 2 6 431
60 2 7 453
60 2 8 388
60 2 9 405
60 2 10 436
60 3 3 437
60 3 4 421
60 3 5 393
60 3 6 436
60 3 7 417
60 3 8 446
60 3 9 453
60 3 10 355
60 4 3 430
60 4 4 431
60 4 5 424
60 4 6 441
60 4 7 421
60 4 8 414
60 4 9 455
60 4 10 428
60 5 3 454
60 5 4 392
60 5 5 403
60 5 6 440
60 5 7 447
60 5 8 446
60 5 9 413
60 5 10 443
60 6 3 441
60 6 4 425
60 6 5 442
60 6 6 441
60 6 7 424
60 6 8 445
60 6 9 448
60 6 10 431
60 7 3 434
60 7 4 422
60 7 5 401
60 7 6 420
60 7 7 411
60 7 8 448
60 7 9 413
60 7 10 441
60 8 3 462
60 8 4 436
60 8 5 425
60 8 6 409
60 8 7 437
60 8 8 451
60 8 9 445
60 8 10 435
60 9 3 473
60 9 4 388
60 9 5 426
60 9 6 444
60 9 7 433
60 9 8 445
60 9 9 447
60 9 10 448
80 0 3 702
80 0 4 758
80 0 5 781
80 0 6 767
80 0 7 788
80 0 8 792
80 0 9 748
80 0 10 761
80 1 3 797
80 1 4 793
80 1 5 787
80 1 6 773
80 1 7 732
80 1 8 794
80 1 9 761
80 1 10 803
80 2 3 806
80 2 4 779
80 2 5 758
80 2 6 779
80 2 7 789
80 2 8 709
80 2 9 792
80 2 10 793
80 3 3 707
80 3 4 788
80 3 5 763
80 3 6 766
80 3 7 802
80 3 8 763
80 3 9 773
80 3 10 718
80 4 3 763
80 4 4 770
80 4 5 765
80 4 6 642
80 4 7 803
80 4 8 785
80 4 9 795
80 4 10 800
80 5 3 755
80 5 4 778
80 5 5 792
80 5 6 782
80 5 7 784
80 5 8 745
80 5 9 709
80 5 10 803
80 6 3 770
80 6 4 732
80 6 5 744
80 6 6 751
80 6 7 774
80 6 8 768
80 6 9 803
80 6 10 792
80 7 3 741
80 7 4 790
80 7 5 785
80 7 6 736
80 7 7 820
80 7 8 788
80 7 9 692
80 7 10 785
80 8 3 826
80 8 4 752
80 8 5 782
80 8 6 708
80 8 7 752
80 8 8 806
80 8 9 745
80 8 10 777
80 9 3 830
80 9 4 775
80 9 5 769
80 9 6 785
80 9 7 763
80 9 8 696
80 9 9 779
80 9 10 781
100 0 3 985
100 0 4 1224
100 0 5 1210
100 0 6 1144
100 0 7 1213
100 0 8 1260
100 0 9 1116
100 0 10 1243
100 1 3 1244
100 1 4 1244
100 1 5 1199
100 1 6 1253
100 1 7 1242
100 1 8 1245
100 1 9 1259
100 1 10 1233
100 2 3 1242
100 2 4 1248
100 2 5 1244
100 2 6 1231
100 2 7 1051
100 2 8 1241
100 2 9 1247
100 2 10 1250
100 3 3 1166
100 3 4 1173
100 3 5 1223
100 3 6 1237
100 3 7 1270
100 3 8 1253
100 3 9 1256
100 3 10 1187
100 4 3 1208
100 4 4 1219
100 4 5 1201
100 4 6 1177
100 4 7 1222
100 4 8 1206
100 4 9 1233
100 4 10 1259
100 5 3 1259
100 5 4 1244
100 5 5 1227
100 5 6 1180
100 5 7 1231
100 5 8 1218
100 5 9 1269
100 5 10 1209
100 6 3 1188
100 6 4 1191
100 6 5 1231
100 6 6 1137
100 6 7 1240
100 6 8 1146
100 6 9 1157
100 6 10 1105
100 7 3 1225
100 7 4 1185
100 7 5 1250
100 7 6 1219
100 7 7 1245
100 7 8 1085
100 7 9 1222
100 7 10 1260
100 8 3 1245
100 8 4 1177
100 8 5 1237
100 8 6 1256
100 8 7 1287
100 8 8 1219
100 8 9 1174
100 8 10 1241
100 9 3 1227
100 9 4 1246
100 9 5 1180
100 9 6 1202
100 9 7 1173
100 9 8 1245
100 9 9 1236
100 9 10 1257
