60 0 0 434
60 0 1 411
60 0 2 420
60 1 0 440
60 1 1 454
60 1 2 440
60 2 0 419
60 2 1 446
60 2 2 446
60 3 0 422
60 3 1 456
60 3 2 428
60 4 0 455
60 4 1 442
60 4 2 434
60 5 0 447
60 5 1 436
60 5 2 407
60 6 0 423
60 6 1 443
60 6 2 448
60 7 0 475
60 7 1 425
60 7 2 419
60 8 0 437
60 8 1 415
60 8 2 427
60 9 0 433
60 9 1 386
60 9 2 354
80 0 0 707
80 0 1 788
80 0 2 809
80 1 0 762
80 1 1 723
80 1 2 776
80 2 0 794
80 2 1 789
80 2 2 784
80 3 0 781
80 3 1 793
80 3 2 779
80 4 0 806
80 4 1 757
80 4 2 777
80 5 0 799
80 5 1 772
80 5 2 781
80 6 0 798
80 6 1 791
80 6 2 755
80 7 0 806
80 7 1 789
80 7 2 739
80 8 0 786
80 8 1 770
80 8 2 791
80 9 0 777
80 9 1 767
80 9 2 722
100 0 0 1216
100 0 1 1221
100 0 2 1203
100 1 0 1238
100 1 1 1160
100 1 2 1181
100 2 0 1218
100 2 1 1180
100 2 2 1264
100 3 0 1239
100 3 1 1250
100 3 2 1154
100 4 0 1203
100 4 1 1263
100 4 2 1250
100 5 0 1204
100 5 1 1267
100 5 2 1248
100 6 0 1224
100 6 1 1213
100 6 2 1217
100 7 0 1258
100 7 1 1176
100 7 2 1240
100 8 0 1242
100 8 1 1117
100 8 2 1240
100 9 0 1250
100 9 1 1250
100 9 2 1248
60 0 3 440
60 0 4 394
60 0 5 407
60 0 6 437
60 0 7 430
60 0 8 439
60 0 9 414
60 0 10 441
60 1 3 442
60 1 4 419
60 1 5 440
60 1 6 431
60 1 7 377
60 1 8 416
60 1 9 449
60 1 10 436
60 2 3 446
60 2 4 438
60 2 5 378
60 2 6 413
60 2 7 420
60 2 8 431
60 2 9 445
60 2 10 397
60 3 3 440
60 3 4 410
60 3 5 433
60 3 6 448
60 3 7 412
60 3 8 441
60 3 9 435
60 3 10 435
60 4 3 451
60 4 4 454
60 4 5 404
60 4 6 426
60 4 7 438
60 4 8 421
60 4 9 465
60 4 10 467
60 5 3 456
60 5 4 418
60 5 5 426
60 5 6 432
60 5 7 440
60 5 8 414
60 5 9 418
60 5 10 409
60 6 3 441
60 6 4 425
60 6 5 463
60 6 6 447
60 6 7 434
60 6 8 438
60 6 9 421
60 6 10 435
60 7 3 443
60 7 4 431
60 7 5 435
60 7 6 422
60 7 7 434
60 7 8 444
60 7 9 431
60 7 10 432
60 8 3 398
60 8 4 439
60 8 5 455
60 8 6 455
60 8 7 430
60 8 8 450
60 8 9 440
60 8 10 395
60 9 3 446
60 9 4 454
60 9 5 424
60 9 6 459
60 9 7 420
60 9 8 455
60 9 9 447
60 9 10 461
80 0 3 796
80 0 4 771
80 0 5 774
80 0 6 764
80 0 7 789
80 0 8 749
80 0 9 788
80 0 10 777
80 1 3 778
80 1 4 734
80 1 5 800
80 1 6 807
80 1 7 791
80 1 8 771
80 1 9 791
80 1 10 793
80 2 3 776
80 2 4 793
80 2 5 732
80 2 6 797
80 2 7 777
80 2 8 759
80 2 9 797
80 2 10 800
80 3 3 795
80 3 4 786
80 3 5 824
80 3 6 785
80 3 7 807
80 3 8 773
80 3 9 766
80 3 10 794
80 4 3 785
80 4 4 777
80 4 5 790
80 4 6 767
80 4 7 697
80 4 8 790
80 4 9 805
80 4 10 797
80 5 3 781
80 5 4 805
80 5 5 729
80 5 6 816
80 5 7 738
80 5 8 822
80 5 9 773
80 5 10 767
80 6 3 731
80 6 4 751
80 6 5 816
80 6 6 822
80 6 7 813
80 6 8 803
80 6 9 792
80 6 10 796
80 7 3 796
80 7 4 772
80 7 5 797
80 7 6 790
80 7 7 784
80 7 8 781
80 7 9 816
80 7 10 784
80 8 3 831
80 8 4 801
80 8 5 783
80 8 6 778
80 8 7 765
80 8 8 778
80 8 9 739
80 8 10 756
80 9 3 797
80 9 4 775
80 9 5 807
80 9 6 751
80 9 7 804
80 9 8 760
80 9 9 784
80 9 10 787
100 0 3 1265
100 0 4 1250
100 0 5 1252
100 0 6 1154
100 0 7 1219
100 0 8 1224
100 0 9 1233
100 0 10 1224
100 1 3 1266
100 1 4 1232
100 1 5 1236
100 1 6 1250
100 1 7 1196
100 1 8 1230
100 1 9 1214
100 1 10 1213
100 2 3 1207
100 2 4 1201
100 2 5 1244
100 2 6 1255
100 2 7 1230
100 2 8 1207
100 2 9 1167
100 2 10 1210
100 3 3 1227
100 3 4 1211
100 3 5 1269
100 3 6 1270
100 3 7 1229
100 3 8 1248
100 3 9 1222
100 3 10 1224
100 4 3 1214
100 4 4 1284
100 4 5 1244
100 4 6 1252
100 4 7 1197
100 4 8 1229
100 4 9 1194
100 4 10 1220
100 5 3 1215
100 5 4 1240
100 5 5 1230
100 5 6 1227
100 5 7 1191
100 5 8 1222
100 5 9 1244
100 5 10 1238
100 6 3 1192
100 6 4 1207
100 6 5 1273
100 6 6 1233
100 6 7 1224
100 6 8 1216
100 6 9 1199
100 6 10 1259
100 7 3 1199
100 7 4 1242
100 7 5 1216
100 7 6 1276
100 7 7 1227
100 7 8 1246
100 7 9 1223
100 7 10 1266
100 8 3 1237
100 8 4 1241
100 8 5 1232
100 8 6 1258
100 8 7 1214
100 8 8 1257
100 8 9 1226
100 8 10 1203
100 9 3 1264
100 9 4 1205
100 9 5 1253
100 9 6 1168
100 9 7 1236
100 9 8 1214
100 9 9 1261
100 9 10 1251
