60 0 0 354
60 0 1 431
60 0 2 437
60 1 0 391
60 1 1 471
60 1 2 433
60 2 0 433
60 2 1 440
60 2 2 403
60 3 0 423
60 3 1 446
60 3 2 454
60 4 0 359
60 4 1 438
60 4 2 424
60 5 0 440
60 5 1 447
60 5 2 416
60 6 0 430
60 6 1 444
60 6 2 349
60 7 0 444
60 7 1 402
60 7 2 443
60 8 0 455
60 8 1 432
60 8 2 449
60 9 0 444
60 9 1 434
60 9 2 466
80 0 0 762
80 0 1 671
80 0 2 772
80 1 0 785
80 1 1 773
80 1 2 734
80 2 0 775
80 2 1 812
80 2 2 780
80 3 0 789
80 3 1 782
80 3 2 779
80 4 0 793
80 4 1 810
80 4 2 791
80 5 0 773
80 5 1 773
80 5 2 791
80 6 0 747
80 6 1 795
80 6 2 754
80 7 0 830
80 7 1 790
80 7 2 777
80 8 0 747
80 8 1 797
80 8 2 775
80 9 0 747
80 9 1 788
80 9 2 713
100 0 0 1033
100 0 1 1269
100 0 2 1244
100 1 0 1202
100 1 1 1302
100 1 2 1245
100 2 0 1227
100 2 1 1243
100 2 2 1028
100 3 0 1158
100 3 1 1046
100 3 2 953
100 4 0 1244
100 4 1 1224
100 4 2 1102
100 5 0 1251
100 5 1 1216
100 5 2 1220
100 6 0 1196
100 6 1 1208
100 6 2 1136
100 7 0 1178
100 7 1 1233
100 7 2 1212
100 8 0 1218
100 8 1 1231
100 8 2 1202
100 9 0 1208
100 9 1 1238
100 9 2 1236
60 0 3 428
60 0 4 424
60 0 5 439
60 0 6 446
60 0 7 428
60 0 8 451
60 0 9 421
60 0 10 423
60 1 3 425
60 1 4 351
60 1 5 440
60 1 6 452
60 1 7 420
60 1 8 409
60 1 9 424
60 1 10 386
60 2 3 466
60 2 4 377
60 2 5 424
60 2 6 447
60 2 7 432
60 2 8 425
60 2 9 451
60 2 10 440
60 3 3 427
60 3 4 430
60 3 5 442
60 3 6 427
60 3 7 442
60 3 8 396
60 3 9 432
60 3 10 428
60 4 3 433
60 4 4 422
60 4 5 439
60 4 6 423
60 4 7 409
60 4 8 453
60 4 9 363
60 4 10 426
60 5 3 409
60 5 4 421
60 5 5 438
60 5 6 449
60 5 7 433
60 5 8 431
60 5 9 462
60 5 10 452
60 6 3 434
60 6 4 374
60 6 5 427
60 6 6 412
60 6 7 442
60 6 8 433
60 6 9 437
60 6 10 441
60 7 3 389
60 7 4 420
60 7 5 385
60 7 6 383
60 7 7 384
60 7 8 398
60 7 9 407
60 7 10 338
60 8 3 430
60 8 4 448
60 8 5 434
60 8 6 401
60 8 7 437
60 8 8 385
60 8 9 402
60 8 10 437
60 9 3 457
60 9 4 450
60 9 5 422
60 9 6 410
60 9 7 439
60 9 8 436
60 9 9 430
60 9 10 444
80 0 3 770
80 0 4 786
80 0 5 747
80 0 6 778
80 0 7 793
80 0 8 788
80 0 9 812
80 0 10 699
80 1 3 790
80 1 4 767
80 1 5 698
80 1 6 795
80 1 7 756
80 1 8 784
80 1 9 810
80 1 10 807
80 2 3 754
80 2 4 775
80 2 5 781
80 2 6 786
80 2 7 814
80 2 8 778
80 2 9 777
80 2 10 757
80 3 3 792
80 3 4 736
80 3 5 797
80 3 6 709
80 3 7 742
80 3 8 756
80 3 9 766
80 3 10 782
80 4 3 789
80 4 4 767
80 4 5 710
80 4 6 761
80 4 7 820
80 4 8 794
80 4 9 793
80 4 10 779
80 5 3 779
80 5 4 759
80 5 5 726
80 5 6 801
80 5 7 785
80 5 8 754
80 5 9 780
80 5 10 752
80 6 3 751
80 6 4 761
80 6 5 795
80 6 6 769
80 6 7 809
80 6 8 791
80 6 9 785
80 6 10 727
80 7 3 755
80 7 4 798
80 7 5 800
80 7 6 733
80 7 7 786
80 7 8 783
80 7 9 784
80 7 10 772
80 8 3 720
80 8 4 786
80 8 5 686
80 8 6 739
80 8 7 731
80 8 8 800
80 8 9 773
80 8 10 792
80 9 3 773
80 9 4 771
80 9 5 750
80 9 6 773
80 9 7 757
80 9 8 772
80 9 9 780
80 9 10 781
100 0 3 1231
100 0 4 1225
100 0 5 1159
100 0 6 1183
100 0 7 1244
100 0 8 1217
100 0 9 1241
100 0 10 1199
100 1 3 1189
100 1 4 1232
100 1 5 1188
100 1 6 1243
100 1 7 1209
100 1 8 1222
100 1 9 1039
100 1 10 1239
100 2 3 1134
100 2 4 1141
100 2 5 1077
100 2 6 1229
100 2 7 1227
100 2 8 1250
100 2 9 1232
100 2 10 1208
100 3 3 1237
100 3 4 1248
100 3 5 1077
100 3 6 1180
100 3 7 1233
100 3 8 1218
100 3 9 1228
100 3 10 1192
100 4 3 1235
100 4 4 1254
100 4 5 1210
100 4 6 1179
100 4 7 1235
100 4 8 1202
100 4 9 1208
100 4 10 1273
100 5 3 1182
100 5 4 1261
100 5 5 1226
100 5 6 1168
100 5 7 1234
100 5 8 1224
100 5 9 1211
100 5 10 1233
100 6 3 1230
100 6 4 1247
100 6 5 1255
100 6 6 1209
100 6 7 1187
100 6 8 1244
100 6 9 1232
100 6 10 1211
100 7 3 1226
100 7 4 1212
100 7 5 1226
100 7 6 1279
100 7 7 1212
100 7 8 1259
100 7 9 1241
100 7 10 1255
100 8 3 1170
100 8 4 1147
100 8 5 1190
100 8 6 1077
100 8 7 1239
100 8 8 1192
100 8 9 1091
100 8 10 1228
100 9 3 1236
100 9 4 1210
100 9 5 1212
100 9 6 1260
100 9 7 1228
100 9 8 1229
100 9 9 1229
100 9 10 1208
