60 0 0 439
60 0 1 478
60 0 2 447
60 1 0 439
60 1 1 430
60 1 2 397
60 2 0 442
60 2 1 439
60 2 2 377
60 3 0 443
60 3 1 459
60 3 2 465
60 4 0 435
60 4 1 420
60 4 2 436
60 5 0 452
60 5 1 434
60 5 2 461
60 6 0 418
60 6 1 457
60 6 2 426
60 7 0 446
60 7 1 401
60 7 2 447
60 8 0 426
60 8 1 444
60 8 2 426
60 9 0 442
60 9 1 411
60 9 2 451
80 0 0 822
80 0 1 788
80 0 2 735
80 1 0 789
80 1 1 769
80 1 2 794
80 2 0 764
80 2 1 790
80 2 2 781
80 3 0 789
80 3 1 786
80 3 2 695
80 4 0 798
80 4 1 754
80 4 2 793
80 5 0 781
80 5 1 797
80 5 2 792
80 6 0 751
80 6 1 743
80 6 2 798
80 7 0 661
80 7 1 792
80 7 2 794
80 8 0 780
80 8 1 804
80 8 2 763
80 9 0 805
80 9 1 762
80 9 2 689
100 0 0 1174
100 0 1 1270
100 0 2 1265
100 1 0 1237
100 1 1 1197
100 1 2 1241
100 2 0 1235
100 2 1 1096
100 2 2 1235
100 3 0 1211
100 3 1 1252
100 3 2 1182
100 4 0 1213
100 4 1 1267
100 4 2 1237
100 5 0 1259
100 5 1 1245
100 5 2 1147
100 6 0 1204
100 6 1 1252
100 6 2 1229
100 7 0 1128
100 7 1 1216
100 7 2 1246
100 8 0 1249
100 8 1 1152
100 8 2 1246
100 9 0 1243
100 9 1 1063
100 9 2 1266
60 0 3 455
60 0 4 435
60 0 5 422
60 0 6 423
60 0 7 414
60 0 8 450
60 0 9 424
60 0 10 467
60 1 3 432
60 1 4 406
60 1 5 449
60 1 6 454
60 1 7 457
60 1 8 443
60 1 9 431
60 1 10 437
60 2 3 422
60 2 4 443
60 2 5 435
60 2 6 418
60 2 7 435
60 2 8 438
60 2 9 457
60 2 10 428
60 3 3 401
60 3 4 415
60 3 5 460
60 3 6 461
60 3 7 445
60 3 8 441
60 3 9 443
60 3 10 439
60 4 3 449
60 4 4 403
60 4 5 409
60 4 6 445
60 4 7 449
60 4 8 458
60 4 9 433
60 4 10 401
60 5 3 406
60 5 4 420
60 5 5 447
60 5 6 440
60 5 7 419
60 5 8 443
60 5 9 431
60 5 10 422
60 6 3 400
60 6 4 408
60 6 5 431
60 6 6 447
60 6 7 433
60 6 8 424
60 6 9 450
60 6 10 400
60 7 3 425
60 7 4 438
60 7 5 388
60 7 6 450
60 7 7 397
60 7 8 449
60 7 9 433
60 7 10 457
60 8 3 457
60 8 4 448
60 8 5 459
60 8 6 450
60 8 7 439
60 8 8 443
60 8 9 400
60 8 10 405
60 9 3 457
60 9 4 439
60 9 5 452
60 9 6 422
60 9 7 435
60 9 8 460
60 9 9 418
60 9 10 439
80 0 3 738
80 0 4 800
80 0 5 798
80 0 6 740
80 0 7 745
80 0 8 770
80 0 9 760
80 0 10 761
80 1 3 779
80 1 4 801
80 1 5 812
80 1 6 790
80 1 7 759
80 1 8 813
80 1 9 772
80 1 10 761
80 2 3 794
80 2 4 762
80 2 5 756
80 2 6 807
80 2 7 761
80 2 8 801
80 2 9 781
80 2 10 777
80 3 3 790
80 3 4 800
80 3 5 763
80 3 6 798
80 3 7 787
80 3 8 793
80 3 9 714
80 3 10 784
80 4 3 785
80 4 4 819
80 4 5 802
80 4 6 776
80 4 7 779
80 4 8 763
80 4 9 741
80 4 10 779
80 5 3 772
80 5 4 783
80 5 5 787
80 5 6 759
80 5 7 811
80 5 8 715
80 5 9 737
80 5 10 760
80 6 3 771
80 6 4 790
80 6 5 808
80 6 6 795
80 6 7 777
80 6 8 804
80 6 9 790
80 6 10 811
80 7 3 809
80 7 4 821
80 7 5 793
80 7 6 789
80 7 7 715
80 7 8 775
80 7 9 796
80 7 10 706
80 8 3 797
80 8 4 778
80 8 5 727
80 8 6 791
80 8 7 760
80 8 8 777
80 8 9 797
80 8 10 787
80 9 3 776
80 9 4 810
80 9 5 799
80 9 6 786
80 9 7 736
80 9 8 793
80 9 9 785
80 9 10 774
100 0 3 1228
100 0 4 1269
100 0 5 1154
100 0 6 1187
100 0 7 1222
100 0 8 1240
100 0 9 1222
100 0 10 1231
100 1 3 1161
100 1 4 1228
100 1 5 1226
100 1 6 1239
100 1 7 1239
100 1 8 1243
100 1 9 1242
100 1 10 1196
100 2 3 1165
100 2 4 1138
100 2 5 1119
100 2 6 1251
100 2 7 1231
100 2 8 1200
100 2 9 1238
100 2 10 1234
100 3 3 1162
100 3 4 1248
100 3 5 1234
100 3 6 1216
100 3 7 1188
100 3 8 1232
100 3 9 1221
100 3 10 1219
100 4 3 1216
100 4 4 1194
100 4 5 1227
100 4 6 1220
100 4 7 1247
100 4 8 1198
100 4 9 1212
100 4 10 1237
100 5 3 1208
100 5 4 1127
100 5 5 1251
100 5 6 1233
100 5 7 1222
100 5 8 1266
100 5 9 1176
100 5 10 1233
100 6 3 1258
100 6 4 1233
100 6 5 1232
100 6 6 1257
100 6 7 1129
100 6 8 1182
100 6 9 1209
100 6 10 1184
100 7 3 1248
100 7 4 1201
100 7 5 1204
100 7 6 1178
100 7 7 1275
100 7 8 1250
100 7 9 1158
100 7 10 1225
100 8 3 1175
100 8 4 1230
100 8 5 1243
100 8 6 1204
100 8 7 1226
100 8 8 1185
100 8 9 1238
100 8 10 1233
100 9 3 1244
100 9 4 1238
100 9 5 1216
100 9 6 1218
100 9 7 1255
100 9 8 1118
100 9 9 1216
100 9 10 1240
