60 0 0 456
60 0 1 124
60 0 2 65
60 0 3 277
60 0 4 121
60 0 5 60
60 0 6 121
60 0 7 121
60 0 8 331
60 0 9 121
60 1 0 121
60 1 1 64
60 1 2 308
60 1 3 339
60 1 4 59
60 1 5 162
60 1 6 89
60 1 7 208
60 1 8 162
60 1 9 121
60 2 0 330
60 2 1 88
60 2 2 88
60 2 3 88
60 2 4 88
60 2 5 440
60 2 6 88
60 2 7 30
60 2 8 88
60 2 9 88
60 3 0 161
60 3 1 445
60 3 2 436
60 3 3 327
60 3 4 408
60 3 5 438
60 3 6 332
60 3 7 135
60 3 8 442
60 3 9 161
60 4 0 88
60 4 1 114
60 4 2 88
60 4 3 254
60 4 4 88
60 4 5 413
60 4 6 88
60 4 7 88
60 4 8 114
60 4 9 114
60 5 0 183
60 5 1 183
60 5 2 163
60 5 3 188
60 5 4 131
60 5 5 90
60 5 6 287
60 5 7 90
60 5 8 118
60 5 9 63
60 6 0 444
60 6 1 242
60 6 2 358
60 6 3 140
60 6 4 62
60 6 5 62
60 6 6 88
60 6 7 88
60 6 8 62
60 6 9 62
60 7 0 257
60 7 1 199
60 7 2 202
60 7 3 88
60 7 4 88
60 7 5 118
60 7 6 118
60 7 7 88
60 7 8 88
60 7 9 118
60 8 0 360
60 8 1 189
60 8 2 89
60 8 3 305
60 8 4 89
60 8 5 89
60 8 6 56
60 8 7 89
60 8 8 35
60 8 9 95
60 9 0 85
60 9 1 119
60 9 2 117
60 9 3 142
60 9 4 142
60 9 5 94
60 9 6 66
60 9 7 93
60 9 8 87
60 9 9 236
80 0 0 119
80 0 1 303
80 0 2 79
80 0 3 79
80 0 4 79
80 0 5 386
80 0 6 754
80 0 7 38
80 0 8 330
80 0 9 468
80 1 0 483
80 1 1 104
80 1 2 138
80 1 3 104
80 1 4 508
80 1 5 784
80 1 6 218
80 1 7 432
80 1 8 791
80 1 9 138
80 2 0 761
80 2 1 120
80 2 2 748
80 2 3 635
80 2 4 165
80 2 5 120
80 2 6 282
80 2 7 352
80 2 8 120
80 2 9 466
80 3 0 157
80 3 1 351
80 3 2 532
80 3 3 690
80 3 4 186
80 3 5 784
80 3 6 430
80 3 7 157
80 3 8 318
80 3 9 212
80 4 0 181
80 4 1 771
80 4 2 195
80 4 3 121
80 4 4 256
80 4 5 181
80 4 6 190
80 4 7 174
80 4 8 283
80 4 9 230
80 5 0 282
80 5 1 451
80 5 2 109
80 5 3 222
80 5 4 398
80 5 5 147
80 5 6 669
80 5 7 104
80 5 8 119
80 5 9 181
80 6 0 461
80 6 1 165
80 6 2 204
80 6 3 260
80 6 4 777
80 6 5 737
80 6 6 482
80 6 7 126
80 6 8 749
80 6 9 204
80 7 0 189
80 7 1 122
80 7 2 743
80 7 3 155
80 7 4 701
80 7 5 701
80 7 6 76
80 7 7 189
80 7 8 81
80 7 9 120
80 8 0 284
80 8 1 459
80 8 2 80
80 8 3 80
80 8 4 139
80 8 5 80
80 8 6 80
80 8 7 355
80 8 8 80
80 8 9 111
80 9 0 747
80 9 1 98
80 9 2 221
80 9 3 257
80 9 4 136
80 9 5 423
80 9 6 136
80 9 7 255
80 9 8 742
80 9 9 391
100 0 0 137
100 0 1 969
100 0 2 724
100 0 3 814
100 0 4 638
100 0 5 137
100 0 6 363
100 0 7 558
100 0 8 1091
100 0 9 409
100 1 0 235
100 1 1 465
100 1 2 227
100 1 3 399
100 1 4 227
100 1 5 228
100 1 6 646
100 1 7 238
100 1 8 270
100 1 9 196
100 2 0 198
100 2 1 198
100 2 2 1211
100 2 3 152
100 2 4 152
100 2 5 152
100 2 6 275
100 2 7 152
100 2 8 152
100 2 9 152
100 3 0 141
100 3 1 1136
100 3 2 193
100 3 3 236
100 3 4 193
100 3 5 141
100 3 6 186
100 3 7 141
100 3 8 236
100 3 9 141
100 4 0 1245
100 4 1 196
100 4 2 241
100 4 3 356
100 4 4 239
100 4 5 193
100 4 6 241
100 4 7 241
100 4 8 241
100 4 9 752
100 5 0 582
100 5 1 165
100 5 2 1174
100 5 3 207
100 5 4 165
100 5 5 169
100 5 6 165
100 5 7 169
100 5 8 684
100 5 9 860
100 6 0 100
100 6 1 547
100 6 2 181
100 6 3 848
100 6 4 1225
100 6 5 745
100 6 6 393
100 6 7 277
100 6 8 547
100 6 9 181
100 7 0 917
100 7 1 98
100 7 2 1110
100 7 3 1002
100 7 4 204
100 7 5 154
100 7 6 420
100 7 7 916
100 7 8 154
100 7 9 635
100 8 0 538
100 8 1 293
100 8 2 390
100 8 3 1209
100 8 4 948
100 8 5 392
100 8 6 390
100 8 7 396
100 8 8 152
100 8 9 390
100 9 0 190
100 9 1 287
100 9 2 144
100 9 3 338
100 9 4 773
100 9 5 281
100 9 6 190
100 9 7 195
100 9 8 241
100 9 9 186
