60 0 0 436
60 0 1 459
60 0 2 352
60 1 0 450
60 1 1 441
60 1 2 442
60 2 0 405
60 2 1 442
60 2 2 409
60 3 0 435
60 3 1 458
60 3 2 442
60 4 0 435
60 4 1 433
60 4 2 400
60 5 0 438
60 5 1 416
60 5 2 442
60 6 0 436
60 6 1 448
60 6 2 405
60 7 0 434
60 7 1 464
60 7 2 457
60 8 0 435
60 8 1 461
60 8 2 424
60 9 0 445
60 9 1 435
60 9 2 463
80 0 0 795
80 0 1 764
80 0 2 791
80 1 0 717
80 1 1 756
80 1 2 814
80 2 0 746
80 2 1 782
80 2 2 798
80 3 0 805
80 3 1 774
80 3 2 782
80 4 0 789
80 4 1 788
80 4 2 784
80 5 0 707
80 5 1 779
80 5 2 779
80 6 0 790
80 6 1 817
80 6 2 769
80 7 0 775
80 7 1 725
80 7 2 789
80 8 0 770
80 8 1 750
80 8 2 728
80 9 0 811
80 9 1 764
80 9 2 775
100 0 0 1194
100 0 1 1229
100 0 2 1207
100 1 0 1242
100 1 1 1175
100 1 2 1257
100 2 0 1233
100 2 1 1243
100 2 2 1254
100 3 0 1214
100 3 1 1278
100 3 2 1221
100 4 0 1236
100 4 1 1251
100 4 2 1250
100 5 0 1069
100 5 1 1242
100 5 2 1243
100 6 0 1267
100 6 1 1207
100 6 2 1268
100 7 0 1225
100 7 1 1243
100 7 2 1171
100 8 0 1208
100 8 1 1254
100 8 2 1258
100 9 0 1191
100 9 1 1219
100 9 2 1186
60 0 3 441
60 0 4 431
60 0 5 434
60 0 6 448
60 0 7 449
60 0 8 450
60 0 9 439
60 0 10 417
60 1 3 448
60 1 4 456
60 1 5 454
60 1 6 368
60 1 7 424
60 1 8 388
60 1 9 455
60 1 10 449
60 2 3 417
60 2 4 457
60 2 5 406
60 2 6 454
60 2 7 431
60 2 8 446
60 2 9 432
60 2 10 445
60 3 3 379
60 3 4 450
60 3 5 436
60 3 6 448
60 3 7 445
60 3 8 431
60 3 9 435
60 3 10 449
60 4 3 437
60 4 4 433
60 4 5 439
60 4 6 424
60 4 7 426
60 4 8 428
60 4 9 410
60 4 10 425
60 5 3 441
60 5 4 404
60 5 5 435
60 5 6 443
60 5 7 456
60 5 8 431
60 5 9 438
60 5 10 431
60 6 3 458
60 6 4 436
60 6 5 436
60 6 6 437
60 6 7 454
60 6 8 429
60 6 9 438
60 6 10 461
60 7 3 443
60 7 4 414
60 7 5 415
60 7 6 346
60 7 7 461
60 7 8 429
60 7 9 446
60 7 10 423
60 8 3 448
60 8 4 437
60 8 5 435
60 8 6 383
60 8 7 429
60 8 8 412
60 8 9 445
60 8 10 406
60 9 3 451
60 9 4 459
60 9 5 450
60 9 6 428
60 9 7 425
60 9 8 410
60 9 9 450
60 9 10 460
80 0 3 785
80 0 4 746
80 0 5 721
80 0 6 736
80 0 7 781
80 0 8 781
80 0 9 772
80 0 10 770
80 1 3 792
80 1 4 773
80 1 5 807
80 1 6 777
80 1 7 762
80 1 8 815
80 1 9 793
80 1 10 757
80 2 3 808
80 2 4 776
80 2 5 732
80 2 6 781
80 2 7 765
80 2 8 781
80 2 9 740
80 2 10 757
80 3 3 785
80 3 4 767
80 3 5 798
80 3 6 803
80 3 7 783
80 3 8 776
80 3 9 716
80 3 10 807
80 4 3 744
80 4 4 794
80 4 5 747
80 4 6 753
80 4 7 767
80 4 8 759
80 4 9 808
80 4 10 784
80 5 3 764
80 5 4 742
80 5 5 773
80 5 6 727
80 5 7 795
80 5 8 795
80 5 9 775
80 5 10 789
80 6 3 784
80 6 4 751
80 6 5 773
80 6 6 769
80 6 7 692
80 6 8 642
80 6 9 779
80 6 10 772
80 7 3 748
80 7 4 749
80 7 5 792
80 7 6 769
80 7 7 763
80 7 8 715
80 7 9 773
80 7 10 784
80 8 3 747
80 8 4 779
80 8 5 760
80 8 6 767
80 8 7 792
80 8 8 802
80 8 9 785
80 8 10 799
80 9 3 802
80 9 4 780
80 9 5 751
80 9 6 771
80 9 7 750
80 9 8 799
80 9 9 811
80 9 10 835
100 0 3 1221
100 0 4 1188
100 0 5 1180
100 0 6 1262
100 0 7 1215
100 0 8 1268
100 0 9 1225
100 0 10 1214
100 1 3 1243
100 1 4 1224
100 1 5 1246
100 1 6 1223
100 1 7 1215
100 1 8 1203
100 1 9 1204
100 1 10 1201
100 2 3 1216
100 2 4 1227
100 2 5 1216
100 2 6 1194
100 2 7 1251
100 2 8 1176
100 2 9 1213
100 2 10 1229
100 3 3 1228
100 3 4 1230
100 3 5 1206
100 3 6 1227
100 3 7 1243
100 3 8 1257
100 3 9 1205
100 3 10 1226
100 4 3 1223
100 4 4 1207
100 4 5 1201
100 4 6 1267
100 4 7 1284
100 4 8 1247
100 4 9 1256
100 4 10 1197
100 5 3 1253
100 5 4 1233
100 5 5 1187
100 5 6 1265
100 5 7 1210
100 5 8 1184
100 5 9 1214
100 5 10 1220
100 6 3 1249
100 6 4 1267
100 6 5 1224
100 6 6 1233
100 6 7 1260
100 6 8 1145
100 6 9 1043
100 6 10 1239
100 7 3 1221
100 7 4 1276
100 7 5 1244
100 7 6 1135
100 7 7 1287
100 7 8 1248
100 7 9 1261
100 7 10 1243
100 8 3 1250
100 8 4 1237
100 8 5 1259
100 8 6 1136
100 8 7 1246
100 8 8 1241
100 8 9 1245
100 8 10 1245
100 9 3 1243
100 9 4 1247
100 9 5 1254
100 9 6 1175
100 9 7 1189
100 9 8 1246
100 9 9 1220
100 9 10 1187
