60 0 0 394
60 0 1 450
60 0 2 431
60 1 0 460
60 1 1 421
60 1 2 448
60 2 0 395
60 2 1 433
60 2 2 399
60 3 0 386
60 3 1 455
60 3 2 442
60 4 0 383
60 4 1 444
60 4 2 453
60 5 0 438
60 5 1 444
60 5 2 460
60 6 0 418
60 6 1 445
60 6 2 376
60 7 0 425
60 7 1 431
60 7 2 453
60 8 0 441
60 8 1 443
60 8 2 440
60 9 0 417
60 9 1 431
60 9 2 453
80 0 0 775
80 0 1 786
80 0 2 792
80 1 0 801
80 1 1 811
80 1 2 661
80 2 0 730
80 2 1 780
80 2 2 711
80 3 0 782
80 3 1 781
80 3 2 733
80 4 0 764
80 4 1 778
80 4 2 754
80 5 0 735
80 5 1 774
80 5 2 782
80 6 0 742
80 6 1 777
80 6 2 800
80 7 0 768
80 7 1 780
80 7 2 748
80 8 0 774
80 8 1 815
80 8 2 803
80 9 0 790
80 9 1 769
80 9 2 793
100 0 0 1243
100 0 1 1189
100 0 2 1192
100 1 0 1249
100 1 1 1182
100 1 2 1262
100 2 0 1033
100 2 1 1250
100 2 2 1172
100 3 0 1206
100 3 1 1211
100 3 2 1090
100 4 0 1126
100 4 1 1244
100 4 2 1198
100 5 0 1195
100 5 1 1219
100 5 2 1241
100 6 0 1223
100 6 1 1213
100 6 2 1224
100 7 0 1254
100 7 1 1232
100 7 2 1215
100 8 0 1239
100 8 1 1242
100 8 2 1207
100 9 0 959
100 9 1 1232
100 9 2 1203
60 0 3 412
60 0 4 457
60 0 5 447
60 0 6 443
60 0 7 460
60 0 8 402
60 0 9 440
60 0 10 449
60 1 3 411
60 1 4 438
60 1 5 413
60 1 6 417
60 1 7 396
60 1 8 435
60 1 9 442
60 1 10 442
60 2 3 437
60 2 4 446
60 2 5 430
60 2 6 438
60 2 7 381
60 2 8 406
60 2 9 424
60 2 10 442
60 3 3 418
60 3 4 426
60 3 5 368
60 3 6 429
60 3 7 442
60 3 8 438
60 3 9 413
60 3 10 440
60 4 3 433
60 4 4 438
60 4 5 442
60 4 6 428
60 4 7 429
60 4 8 422
60 4 9 388
60 4 10 435
60 5 3 445
60 5 4 311
60 5 5 440
60 5 6 436
60 5 7 420
60 5 8 424
60 5 9 374
60 5 10 437
60 6 3 443
60 6 4 452
60 6 5 465
60 6 6 415
60 6 7 436
60 6 8 390
60 6 9 443
60 6 10 437
60 7 3 443
60 7 4 421
60 7 5 449
60 7 6 419
60 7 7 428
60 7 8 450
60 7 9 432
60 7 10 434
60 8 3 452
60 8 4 424
60 8 5 391
60 8 6 421
60 8 7 456
60 8 8 435
60 8 9 462
60 8 10 461
60 9 3 442
60 9 4 432
60 9 5 465
60 9 6 432
60 9 7 429
60 9 8 443
60 9 9 433
60 9 10 446
80 0 3 786
80 0 4 796
80 0 5 760
80 0 6 765
80 0 7 764
80 0 8 781
80 0 9 766
80 0 10 790
80 1 3 775
80 1 4 799
80 1 5 804
80 1 6 785
80 1 7 805
80 1 8 797
80 1 9 758
80 1 10 780
80 2 3 741
80 2 4 811
80 2 5 782
80 2 6 787
80 2 7 792
80 2 8 782
80 2 9 772
80 2 10 779
80 3 3 710
80 3 4 797
80 3 5 770
80 3 6 774
80 3 7 779
80 3 8 760
80 3 9 669
80 3 10 800
80 4 3 815
80 4 4 789
80 4 5 740
80 4 6 744
80 4 7 783
80 4 8 764
80 4 9 796
80 4 10 774
80 5 3 787
80 5 4 736
80 5 5 779
80 5 6 760
80 5 7 819
80 5 8 787
80 5 9 777
80 5 10 798
80 6 3 793
80 6 4 823
80 6 5 710
80 6 6 774
80 6 7 705
80 6 8 766
80 6 9 764
80 6 10 721
80 7 3 800
80 7 4 796
80 7 5 801
80 7 6 783
80 7 7 805
80 7 8 811
80 7 9 756
80 7 10 781
80 8 3 680
80 8 4 791
80 8 5 780
80 8 6 748
80 8 7 784
80 8 8 763
80 8 9 758
80 8 10 787
80 9 3 785
80 9 4 819
80 9 5 682
80 9 6 804
80 9 7 755
80 9 8 807
80 9 9 796
80 9 10 788
100 0 3 1210
100 0 4 1205
100 0 5 1196
100 0 6 1249
100 0 7 1222
100 0 8 1145
100 0 9 1251
100 0 10 1222
100 1 3 1229
100 1 4 1223
100 1 5 1234
100 1 6 1221
100 1 7 1226
100 1 8 1255
100 1 9 1222
100 1 10 1209
100 2 3 1236
100 2 4 1242
100 2 5 1098
100 2 6 1230
100 2 7 1248
100 2 8 1245
100 2 9 1219
100 2 10 1207
100 3 3 1194
100 3 4 1236
100 3 5 1261
100 3 6 1214
100 3 7 1256
100 3 8 1230
100 3 9 1245
100 3 10 1260
100 4 3 1238
100 4 4 1233
100 4 5 1139
100 4 6 1244
100 4 7 1185
100 4 8 1193
100 4 9 1227
100 4 10 1236
100 5 3 1234
100 5 4 1202
100 5 5 1265
100 5 6 1242
100 5 7 1212
100 5 8 1175
100 5 9 1165
100 5 10 1234
100 6 3 1260
100 6 4 1247
100 6 5 1203
100 6 6 1242
100 6 7 1235
100 6 8 1267
100 6 9 1211
100 6 10 1201
100 7 3 1207
100 7 4 1239
100 7 5 1252
100 7 6 1202
100 7 7 1256
100 7 8 1249
100 7 9 1209
100 7 10 1255
100 8 3 1217
100 8 4 1214
100 8 5 1203
100 8 6 1244
100 8 7 1176
100 8 8 1203
100 8 9 1204
100 8 10 1235
100 9 3 1181
100 9 4 1232
100 9 5 1259
100 9 6 1225
100 9 7 1125
100 9 8 1223
100 9 9 1249
100 9 10 1214
