60 0 0 454
60 0 1 425
60 0 2 440
60 1 0 449
60 1 1 460
60 1 2 447
60 2 0 449
60 2 1 338
60 2 2 474
60 3 0 438
60 3 1 428
60 3 2 437
60 4 0 448
60 4 1 440
60 4 2 392
60 5 0 442
60 5 1 472
60 5 2 443
60 6 0 440
60 6 1 442
60 6 2 337
60 7 0 474
60 7 1 427
60 7 2 429
60 8 0 445
60 8 1 436
60 8 2 431
60 9 0 432
60 9 1 451
60 9 2 454
80 0 0 742
80 0 1 793
80 0 2 772
80 1 0 821
80 1 1 831
80 1 2 741
80 2 0 809
80 2 1 791
80 2 2 762
80 3 0 707
80 3 1 800
80 3 2 789
80 4 0 789
80 4 1 759
80 4 2 797
80 5 0 784
80 5 1 792
80 5 2 709
80 6 0 781
80 6 1 775
80 6 2 795
80 7 0 777
80 7 1 738
80 7 2 784
80 8 0 751
80 8 1 782
80 8 2 792
80 9 0 808
80 9 1 787
80 9 2 799
100 0 0 1235
100 0 1 1239
100 0 2 1211
100 1 0 1203
100 1 1 1213
100 1 2 1239
100 2 0 1218
100 2 1 1221
100 2 2 1081
100 3 0 1277
100 3 1 1250
100 3 2 1259
100 4 0 1242
100 4 1 1247
100 4 2 1159
100 5 0 1224
100 5 1 1167
100 5 2 1135
100 6 0 1200
100 6 1 1274
100 6 2 1128
100 7 0 1252
100 7 1 1249
100 7 2 1240
100 8 0 1252
100 8 1 1228
100 8 2 1237
100 9 0 1225
100 9 1 1188
100 9 2 1237
60 0 3 448
60 0 4 439
60 0 5 462
60 0 6 430
60 0 7 461
60 0 8 427
60 0 9 441
60 0 10 451
60 1 3 460
60 1 4 413
60 1 5 466
60 1 6 436
60 1 7 434
60 1 8 444
60 1 9 455
60 1 10 408
60 2 3 450
60 2 4 450
60 2 5 441
60 2 6 454
60 2 7 448
60 2 8 445
60 2 9 436
60 2 10 447
60 3 3 444
60 3 4 446
60 3 5 444
60 3 6 437
60 3 7 450
60 3 8 274
60 3 9 439
60 3 10 454
60 4 3 440
60 4 4 466
60 4 5 443
60 4 6 404
60 4 7 447
60 4 8 444
60 4 9 437
60 4 10 466
60 5 3 447
60 5 4 434
60 5 5 427
60 5 6 427
60 5 7 452
60 5 8 460
60 5 9 441
60 5 10 403
60 6 3 449
60 6 4 444
60 6 5 436
60 6 6 456
60 6 7 438
60 6 8 385
60 6 9 453
60 6 10 448
60 7 3 442
60 7 4 442
60 7 5 427
60 7 6 438
60 7 7 451
60 7 8 426
60 7 9 404
60 7 10 445
60 8 3 453
60 8 4 436
60 8 5 440
60 8 6 450
60 8 7 449
60 8 8 451
60 8 9 435
60 8 10 432
60 9 3 448
60 9 4 458
60 9 5 462
60 9 6 465
60 9 7 430
60 9 8 441
60 9 9 427
60 9 10 423
80 0 3 695
80 0 4 796
80 0 5 771
80 0 6 756
80 0 7 800
80 0 8 811
80 0 9 730
80 0 10 789
80 1 3 800
80 1 4 787
80 1 5 781
80 1 6 801
80 1 7 785
80 1 8 799
80 1 9 807
80 1 10 785
80 2 3 809
80 2 4 766
80 2 5 767
80 2 6 730
80 2 7 785
80 2 8 768
80 2 9 814
80 2 10 790
80 3 3 732
80 3 4 788
80 3 5 795
80 3 6 751
80 3 7 790
80 3 8 788
80 3 9 788
80 3 10 786
80 4 3 797
80 4 4 724
80 4 5 780
80 4 6 768
80 4 7 798
80 4 8 800
80 4 9 775
80 4 10 769
80 5 3 805
80 5 4 745
80 5 5 811
80 5 6 779
80 5 7 779
80 5 8 813
80 5 9 797
80 5 10 762
80 6 3 681
80 6 4 785
80 6 5 791
80 6 6 812
80 6 7 778
80 6 8 803
80 6 9 792
80 6 10 777
80 7 3 793
80 7 4 779
80 7 5 784
80 7 6 769
80 7 7 729
80 7 8 788
80 7 9 793
80 7 10 821
80 8 3 794
80 8 4 778
80 8 5 752
80 8 6 791
80 8 7 758
80 8 8 771
80 8 9 790
80 8 10 788
80 9 3 773
80 9 4 782
80 9 5 806
80 9 6 795
80 9 7 773
80 9 8 783
80 9 9 784
80 9 10 815
100 0 3 1215
100 0 4 1210
100 0 5 1241
100 0 6 1190
100 0 7 1233
100 0 8 1244
100 0 9 1236
100 0 10 1233
100 1 3 1217
100 1 4 1184
100 1 5 1248
100 1 6 1231
100 1 7 1189
100 1 8 1265
100 1 9 1224
100 1 10 1185
100 2 3 1236
100 2 4 1227
100 2 5 1228
100 2 6 1173
100 2 7 1246
100 2 8 1247
100 2 9 1214
100 2 10 1194
100 3 3 1244
100 3 4 1187
100 3 5 1204
100 3 6 1224
100 3 7 1237
100 3 8 1241
100 3 9 1230
100 3 10 1239
100 4 3 1238
100 4 4 1237
100 4 5 1219
100 4 6 1223
100 4 7 1255
100 4 8 1261
100 4 9 1244
100 4 10 1249
100 5 3 1228
100 5 4 1234
100 5 5 1234
100 5 6 1184
100 5 7 1246
100 5 8 1231
100 5 9 1241
100 5 10 1275
100 6 3 1246
100 6 4 1243
100 6 5 1208
100 6 6 1133
100 6 7 1202
100 6 8 1249
100 6 9 1201
100 6 10 1226
100 7 3 1258
100 7 4 1196
100 7 5 1226
100 7 6 1236
100 7 7 1257
100 7 8 1256
100 7 9 1190
100 7 10 1255
100 8 3 1217
100 8 4 1241
100 8 5 1212
100 8 6 1251
100 8 7 1282
100 8 8 1224
100 8 9 1267
100 8 10 1224
100 9 3 1156
100 9 4 1229
100 9 5 1163
100 9 6 1258
100 9 7 1235
100 9 8 1249
100 9 9 1159
100 9 10 1229
