60 0 0 439
60 0 1 452
60 0 2 408
60 1 0 427
60 1 1 422
60 1 2 436
60 2 0 445
60 2 1 448
60 2 2 453
60 3 0 417
60 3 1 426
60 3 2 440
60 4 0 427
60 4 1 456
60 4 2 445
60 5 0 450
60 5 1 443
60 5 2 452
60 6 0 427
60 6 1 451
60 6 2 403
60 7 0 444
60 7 1 447
60 7 2 429
60 8 0 426
60 8 1 423
60 8 2 458
60 9 0 422
60 9 1 447
60 9 2 436
80 0 0 795
80 0 1 813
80 0 2 768
80 1 0 808
80 1 1 770
80 1 2 798
80 2 0 789
80 2 1 768
80 2 2 793
80 3 0 766
80 3 1 749
80 3 2 793
80 4 0 786
80 4 1 778
80 4 2 822
80 5 0 800
80 5 1 813
80 5 2 788
80 6 0 670
80 6 1 745
80 6 2 774
80 7 0 804
80 7 1 807
80 7 2 766
80 8 0 799
80 8 1 766
80 8 2 721
80 9 0 748
80 9 1 774
80 9 2 764
100 0 0 1232
100 0 1 1227
100 0 2 1232
100 1 0 1263
100 1 1 1239
100 1 2 1233
100 2 0 1216
100 2 1 1261
100 2 2 1183
100 3 0 1260
100 3 1 1210
100 3 2 1244
100 4 0 1260
100 4 1 1242
100 4 2 1242
100 5 0 1246
100 5 1 1191
100 5 2 1234
100 6 0 1175
100 6 1 1237
100 6 2 1225
100 7 0 1036
100 7 1 1242
100 7 2 1233
100 8 0 1240
100 8 1 1164
100 8 2 1201
100 9 0 1213
100 9 1 1242
100 9 2 1253
60 0 3 439
60 0 4 453
60 0 5 407
60 0 6 443
60 0 7 443
60 0 8 449
60 0 9 441
60 0 10 455
60 1 3 436
60 1 4 422
60 1 5 443
60 1 6 406
60 1 7 374
60 1 8 427
60 1 9 459
60 1 10 439
60 2 3 463
60 2 4 456
60 2 5 384
60 2 6 428
60 2 7 440
60 2 8 435
60 2 9 440
60 2 10 413
60 3 3 430
60 3 4 442
60 3 5 402
60 3 6 448
60 3 7 421
60 3 8 427
60 3 9 431
60 3 10 444
60 4 3 452
60 4 4 444
60 4 5 399
60 4 6 442
60 4 7 463
60 4 8 437
60 4 9 459
60 4 10 422
60 5 3 448
60 5 4 441
60 5 5 444
60 5 6 430
60 5 7 443
60 5 8 439
60 5 9 435
60 5 10 386
60 6 3 424
60 6 4 420
60 6 5 371
60 6 6 449
60 6 7 453
60 6 8 440
60 6 9 440
60 6 10 450
60 7 3 442
60 7 4 415
60 7 5 419
60 7 6 454
60 7 7 427
60 7 8 395
60 7 9 414
60 7 10 458
60 8 3 429
60 8 4 428
60 8 5 445
60 8 6 391
60 8 7 454
60 8 8 427
60 8 9 448
60 8 10 444
60 9 3 426
60 9 4 446
60 9 5 439
60 9 6 448
60 9 7 362
60 9 8 452
60 9 9 456
60 9 10 441
80 0 3 791
80 0 4 721
80 0 5 645
80 0 6 800
80 0 7 798
80 0 8 782
80 0 9 662
80 0 10 790
80 1 3 785
80 1 4 798
80 1 5 751
80 1 6 803
80 1 7 780
80 1 8 804
80 1 9 792
80 1 10 769
80 2 3 774
80 2 4 796
80 2 5 786
80 2 6 772
80 2 7 783
80 2 8 799
80 2 9 793
80 2 10 787
80 3 3 808
80 3 4 783
80 3 5 787
80 3 6 778
80 3 7 810
80 3 8 773
80 3 9 768
80 3 10 767
80 4 3 787
80 4 4 775
80 4 5 811
80 4 6 794
80 4 7 785
80 4 8 791
80 4 9 803
80 4 10 797
80 5 3 808
80 5 4 767
80 5 5 790
80 5 6 765
80 5 7 756
80 5 8 764
80 5 9 794
80 5 10 772
80 6 3 800
80 6 4 798
80 6 5 767
80 6 6 784
80 6 7 803
80 6 8 788
80 6 9 817
80 6 10 799
80 7 3 782
80 7 4 824
80 7 5 820
80 7 6 757
80 7 7 778
80 7 8 816
80 7 9 772
80 7 10 655
80 8 3 762
80 8 4 782
80 8 5 763
80 8 6 719
80 8 7 762
80 8 8 800
80 8 9 803
80 8 10 746
80 9 3 681
80 9 4 791
80 9 5 710
80 9 6 782
80 9 7 793
80 9 8 780
80 9 9 796
80 9 10 768
100 0 3 1234
100 0 4 1219
100 0 5 1252
100 0 6 1231
100 0 7 1250
100 0 8 1235
100 0 9 1241
100 0 10 1252
100 1 3 1207
100 1 4 1238
100 1 5 1252
100 1 6 1199
100 1 7 1026
100 1 8 1232
100 1 9 1236
100 1 10 1252
100 2 3 1133
100 2 4 1167
100 2 5 1231
100 2 6 1114
100 2 7 1240
100 2 8 1220
100 2 9 1248
100 2 10 1217
100 3 3 1200
100 3 4 1271
100 3 5 1246
100 3 6 1154
100 3 7 1225
100 3 8 1264
100 3 9 1234
100 3 10 1159
100 4 3 1275
100 4 4 1188
100 4 5 1221
100 4 6 1232
100 4 7 1189
100 4 8 1239
100 4 9 1249
100 4 10 1195
100 5 3 1243
100 5 4 1248
100 5 5 1170
100 5 6 1223
100 5 7 1233
100 5 8 1250
100 5 9 1221
100 5 10 1213
100 6 3 1286
100 6 4 1227
100 6 5 1244
100 6 6 1247
100 6 7 1252
100 6 8 1178
100 6 9 1277
100 6 10 1128
100 7 3 1246
100 7 4 1260
100 7 5 1251
100 7 6 1186
100 7 7 1197
100 7 8 1228
100 7 9 1230
100 7 10 1258
100 8 3 1197
100 8 4 1224
100 8 5 1219
100 8 6 1122
100 8 7 1250
100 8 8 1234
100 8 9 1234
100 8 10 1240
100 9 3 1250
100 9 4 1248
100 9 5 1255
100 9 6 1231
100 9 7 1259
100 9 8 1213
100 9 9 1252
100 9 10 1221
