60 0 0 462
60 0 1 436
60 0 2 438
60 1 0 440
60 1 1 429
60 1 2 425
60 2 0 401
60 2 1 431
60 2 2 415
60 3 0 452
60 3 1 399
60 3 2 422
60 4 0 406
60 4 1 436
60 4 2 433
60 5 0 370
60 5 1 454
60 5 2 439
60 6 0 444
60 6 1 427
60 6 2 447
60 7 0 427
60 7 1 434
60 7 2 430
60 8 0 446
60 8 1 435
60 8 2 446
60 9 0 446
60 9 1 437
60 9 2 459
80 0 0 665
80 0 1 829
80 0 2 761
80 1 0 782
80 1 1 747
80 1 2 807
80 2 0 790
80 2 1 778
80 2 2 773
80 3 0 782
80 3 1 812
80 3 2 782
80 4 0 782
80 4 1 775
80 4 2 822
80 5 0 782
80 5 1 790
80 5 2 710
80 6 0 785
80 6 1 757
80 6 2 792
80 7 0 795
80 7 1 787
80 7 2 802
80 8 0 766
80 8 1 788
80 8 2 782
80 9 0 800
80 9 1 772
80 9 2 766
100 0 0 1229
100 0 1 1227
100 0 2 1180
100 1 0 1238
100 1 1 1221
100 1 2 1236
100 2 0 1234
100 2 1 1193
100 2 2 1236
100 3 0 1244
100 3 1 1201
100 3 2 1203
100 4 0 1242
100 4 1 1149
100 4 2 1228
100 5 0 1226
100 5 1 1275
100 5 2 1225
100 6 0 1222
100 6 1 1224
100 6 2 1206
100 7 0 1110
100 7 1 1250
100 7 2 1229
100 8 0 1205
100 8 1 1231
100 8 2 1201
100 9 0 1257
100 9 1 1235
100 9 2 1242
60 0 3 446
60 0 4 431
60 0 5 447
60 0 6 450
60 0 7 426
60 0 8 443
60 0 9 432
60 0 10 395
60 1 3 451
60 1 4 433
60 1 5 446
60 1 6 449
60 1 7 454
60 1 8 437
60 1 9 430
60 1 10 400
60 2 3 461
60 2 4 415
60 2 5 442
60 2 6 428
60 2 7 444
60 2 8 430
60 2 9 427
60 2 10 447
60 3 3 428
60 3 4 447
60 3 5 446
60 3 6 418
60 3 7 438
60 3 8 412
60 3 9 427
60 3 10 444
60 4 3 391
60 4 4 426
60 4 5 422
60 4 6 464
60 4 7 427
60 4 8 439
60 4 9 438
60 4 10 398
60 5 3 400
60 5 4 465
60 5 5 444
60 5 6 451
60 5 7 430
60 5 8 419
60 5 9 450
60 5 10 447
60 6 3 435
60 6 4 447
60 6 5 426
60 6 6 458
60 6 7 427
60 6 8 460
60 6 9 436
60 6 10 424
60 7 3 438
60 7 4 430
60 7 5 459
60 7 6 421
60 7 7 440
60 7 8 428
60 7 9 446
60 7 10 384
60 8 3 427
60 8 4 453
60 8 5 463
60 8 6 445
60 8 7 426
60 8 8 429
60 8 9 418
60 8 10 454
60 9 3 459
60 9 4 430
60 9 5 441
60 9 6 452
60 9 7 445
60 9 8 420
60 9 9 441
60 9 10 451
80 0 3 774
80 0 4 789
80 0 5 748
80 0 6 774
80 0 7 778
80 0 8 812
80 0 9 804
80 0 10 640
80 1 3 809
80 1 4 750
80 1 5 740
80 1 6 788
80 1 7 798
80 1 8 775
80 1 9 792
80 1 10 771
80 2 3 774
80 2 4 788
80 2 5 779
80 2 6 789
80 2 7 810
80 2 8 802
80 2 9 770
80 2 10 785
80 3 3 770
80 3 4 788
80 3 5 795
80 3 6 764
80 3 7 795
80 3 8 795
80 3 9 821
80 3 10 784
80 4 3 817
80 4 4 793
80 4 5 801
80 4 6 711
80 4 7 764
80 4 8 816
80 4 9 742
80 4 10 775
80 5 3 816
80 5 4 804
80 5 5 791
80 5 6 826
80 5 7 748
80 5 8 832
80 5 9 807
80 5 10 788
80 6 3 762
80 6 4 790
80 6 5 770
80 6 6 781
80 6 7 765
80 6 8 774
80 6 9 772
80 6 10 794
80 7 3 723
80 7 4 782
80 7 5 786
80 7 6 788
80 7 7 782
80 7 8 790
80 7 9 793
80 7 10 830
80 8 3 787
80 8 4 764
80 8 5 805
80 8 6 757
80 8 7 812
80 8 8 794
80 8 9 767
80 8 10 788
80 9 3 799
80 9 4 765
80 9 5 737
80 9 6 774
80 9 7 789
80 9 8 812
80 9 9 759
80 9 10 765
100 0 3 1206
100 0 4 1220
100 0 5 1215
100 0 6 1214
100 0 7 1221
100 0 8 1236
100 0 9 1228
100 0 10 1179
100 1 3 1230
100 1 4 1245
100 1 5 1243
100 1 6 1209
100 1 7 1262
100 1 8 1244
100 1 9 1215
100 1 10 1232
100 2 3 1217
100 2 4 1234
100 2 5 1250
100 2 6 1161
100 2 7 1248
100 2 8 1276
100 2 9 1236
100 2 10 1241
100 3 3 1237
100 3 4 1174
100 3 5 1217
100 3 6 1241
100 3 7 1250
100 3 8 1248
100 3 9 1200
100 3 10 1197
100 4 3 1259
100 4 4 1247
100 4 5 1209
100 4 6 1185
100 4 7 1252
100 4 8 1263
100 4 9 1241
100 4 10 1230
100 5 3 1237
100 5 4 1256
100 5 5 1279
100 5 6 1227
100 5 7 1226
100 5 8 1242
100 5 9 1199
100 5 10 1257
100 6 3 1239
100 6 4 1223
100 6 5 1247
100 6 6 1218
100 6 7 1249
100 6 8 1201
100 6 9 1240
100 6 10 1225
100 7 3 1260
100 7 4 1227
100 7 5 1234
100 7 6 1237
100 7 7 1102
100 7 8 1270
100 7 9 1196
100 7 10 1110
100 8 3 1091
100 8 4 1239
100 8 5 1215
100 8 6 1121
100 8 7 1221
100 8 8 1223
100 8 9 1271
100 8 10 1187
100 9 3 1237
100 9 4 1233
100 9 5 1265
100 9 6 1203
100 9 7 1248
100 9 8 1191
100 9 9 1257
100 9 10 1241
