60 0 0 423
60 0 1 445
60 0 2 441
60 1 0 449
60 1 1 459
60 1 2 392
60 2 0 440
60 2 1 423
60 2 2 442
60 3 0 459
60 3 1 453
60 3 2 424
60 4 0 378
60 4 1 460
60 4 2 387
60 5 0 423
60 5 1 449
60 5 2 439
60 6 0 451
60 6 1 425
60 6 2 445
60 7 0 457
60 7 1 416
60 7 2 404
60 8 0 427
60 8 1 423
60 8 2 420
60 9 0 440
60 9 1 448
60 9 2 440
80 0 0 779
80 0 1 806
80 0 2 758
80 1 0 805
80 1 1 765
80 1 2 768
80 2 0 793
80 2 1 816
80 2 2 808
80 3 0 796
80 3 1 724
80 3 2 763
80 4 0 770
80 4 1 787
80 4 2 767
80 5 0 766
80 5 1 790
80 5 2 765
80 6 0 777
80 6 1 775
80 6 2 811
80 7 0 802
80 7 1 805
80 7 2 701
80 8 0 803
80 8 1 794
80 8 2 781
80 9 0 792
80 9 1 797
80 9 2 782
100 0 0 1246
100 0 1 1229
100 0 2 1157
100 1 0 1213
100 1 1 1257
100 1 2 1171
100 2 0 1246
100 2 1 1218
100 2 2 1235
100 3 0 1270
100 3 1 1183
100 3 2 1240
100 4 0 1241
100 4 1 1263
100 4 2 1236
100 5 0 1192
100 5 1 1260
100 5 2 1237
100 6 0 1258
100 6 1 1252
100 6 2 1203
100 7 0 1248
100 7 1 1216
100 7 2 1236
100 8 0 1239
100 8 1 1210
100 8 2 1229
100 9 0 1189
100 9 1 1139
100 9 2 1238
60 0 3 431
60 0 4 458
60 0 5 435
60 0 6 423
60 0 7 425
60 0 8 425
60 0 9 406
60 0 10 375
60 1 3 444
60 1 4 430
60 1 5 394
60 1 6 440
60 1 7 365
60 1 8 434
60 1 9 466
60 1 10 436
60 2 3 424
60 2 4 442
60 2 5 458
60 2 6 432
60 2 7 438
60 2 8 458
60 2 9 432
60 2 10 452
60 3 3 456
60 3 4 431
60 3 5 426
60 3 6 465
60 3 7 438
60 3 8 420
60 3 9 436
60 3 10 422
60 4 3 435
60 4 4 419
60 4 5 439
60 4 6 402
60 4 7 431
60 4 8 458
60 4 9 451
60 4 10 432
60 5 3 428
60 5 4 427
60 5 5 459
60 5 6 440
60 5 7 443
60 5 8 442
60 5 9 455
60 5 10 424
60 6 3 455
60 6 4 443
60 6 5 429
60 6 6 449
60 6 7 425
60 6 8 437
60 6 9 434
60 6 10 422
60 7 3 400
60 7 4 436
60 7 5 438
60 7 6 429
60 7 7 446
60 7 8 448
60 7 9 451
60 7 10 432
60 8 3 460
60 8 4 431
60 8 5 436
60 8 6 419
60 8 7 426
60 8 8 446
60 8 9 442
60 8 10 456
60 9 3 433
60 9 4 443
60 9 5 365
60 9 6 399
60 9 7 438
60 9 8 422
60 9 9 443
60 9 10 414
80 0 3 766
80 0 4 761
80 0 5 698
80 0 6 779
80 0 7 803
80 0 8 769
80 0 9 789
80 0 10 764
80 1 3 719
80 1 4 800
80 1 5 777
80 1 6 783
80 1 7 812
80 1 8 801
80 1 9 766
80 1 10 792
80 2 3 798
80 2 4 787
80 2 5 775
80 2 6 752
80 2 7 780
80 2 8 710
80 2 9 790
80 2 10 803
80 3 3 769
80 3 4 786
80 3 5 783
80 3 6 778
80 3 7 812
80 3 8 793
80 3 9 758
80 3 10 778
80 4 3 737
80 4 4 775
80 4 5 783
80 4 6 773
80 4 7 781
80 4 8 809
80 4 9 632
80 4 10 760
80 5 3 699
80 5 4 786
80 5 5 776
80 5 6 795
80 5 7 791
80 5 8 779
80 5 9 773
80 5 10 783
80 6 3 797
80 6 4 784
80 6 5 804
80 6 6 789
80 6 7 766
80 6 8 785
80 6 9 599
80 6 10 784
80 7 3 798
80 7 4 744
80 7 5 797
80 7 6 769
80 7 7 814
80 7 8 791
80 7 9 803
80 7 10 780
80 8 3 764
80 8 4 797
80 8 5 775
80 8 6 798
80 8 7 782
80 8 8 794
80 8 9 804
80 8 10 786
80 9 3 796
80 9 4 788
80 9 5 785
80 9 6 791
80 9 7 792
80 9 8 729
80 9 9 792
80 9 10 814
100 0 3 1235
100 0 4 1218
100 0 5 1221
100 0 6 1252
100 0 7 1219
100 0 8 1165
100 0 9 1215
100 0 10 1263
100 1 3 1269
100 1 4 1211
100 1 5 1219
100 1 6 1240
100 1 7 1240
100 1 8 1149
100 1 9 1133
100 1 10 1261
100 2 3 1238
100 2 4 1200
100 2 5 1222
100 2 6 1162
100 2 7 1225
100 2 8 1217
100 2 9 1264
100 2 10 1216
100 3 3 1225
100 3 4 1264
100 3 5 1231
100 3 6 1238
100 3 7 1261
100 3 8 1228
100 3 9 1230
100 3 10 1191
100 4 3 1221
100 4 4 1222
100 4 5 1214
100 4 6 1224
100 4 7 1234
100 4 8 1251
100 4 9 1252
100 4 10 1003
100 5 3 1271
100 5 4 1255
100 5 5 1229
100 5 6 1280
100 5 7 1218
100 5 8 1215
100 5 9 1247
100 5 10 1107
100 6 3 1149
100 6 4 1165
100 6 5 1255
100 6 6 1246
100 6 7 1250
100 6 8 1257
100 6 9 1280
100 6 10 1256
100 7 3 1204
100 7 4 1220
100 7 5 1210
100 7 6 1218
100 7 7 1236
100 7 8 1236
100 7 9 1230
100 7 10 1213
100 8 3 1175
100 8 4 1250
100 8 5 1118
100 8 6 1180
100 8 7 1204
100 8 8 1241
100 8 9 1133
100 8 10 1229
100 9 3 1255
100 9 4 1221
100 9 5 1243
100 9 6 1242
100 9 7 1252
100 9 8 1169
100 9 9 1176
100 9 10 1202
