60 0 0 412
60 0 1 456
60 0 2 407
60 1 0 420
60 1 1 435
60 1 2 448
60 2 0 455
60 2 1 441
60 2 2 422
60 3 0 425
60 3 1 433
60 3 2 439
60 4 0 444
60 4 1 413
60 4 2 443
60 5 0 436
60 5 1 452
60 5 2 391
60 6 0 445
60 6 1 425
60 6 2 428
60 7 0 450
60 7 1 442
60 7 2 412
60 8 0 438
60 8 1 440
60 8 2 380
60 9 0 450
60 9 1 451
60 9 2 452
80 0 0 753
80 0 1 765
80 0 2 771
80 1 0 802
80 1 1 783
80 1 2 678
80 2 0 809
80 2 1 804
80 2 2 737
80 3 0 784
80 3 1 683
80 3 2 781
80 4 0 804
80 4 1 821
80 4 2 809
80 5 0 780
80 5 1 767
80 5 2 800
80 6 0 770
80 6 1 808
80 6 2 769
80 7 0 801
80 7 1 716
80 7 2 704
80 8 0 789
80 8 1 782
80 8 2 785
80 9 0 779
80 9 1 796
80 9 2 787
100 0 0 1241
100 0 1 1240
100 0 2 1211
100 1 0 1243
100 1 1 1266
100 1 2 1228
100 2 0 1245
100 2 1 1234
100 2 2 1220
100 3 0 1157
100 3 1 1251
100 3 2 1240
100 4 0 1275
100 4 1 1223
100 4 2 1259
100 5 0 1203
100 5 1 1231
100 5 2 1132
100 6 0 1208
100 6 1 1161
100 6 2 1211
100 7 0 1225
100 7 1 1265
100 7 2 1254
100 8 0 1241
100 8 1 1240
100 8 2 1219
100 9 0 1247
100 9 1 1238
100 9 2 1227
60 0 3 451
60 0 4 432
60 0 5 461
60 0 6 442
60 0 7 442
60 0 8 418
60 0 9 418
60 0 10 441
60 1 3 426
60 1 4 446
60 1 5 438
60 1 6 430
60 1 7 438
60 1 8 456
60 1 9 451
60 1 10 429
60 2 3 447
60 2 4 441
60 2 5 438
60 2 6 451
60 2 7 416
60 2 8 454
60 2 9 454
60 2 10 412
60 3 3 434
60 3 4 462
60 3 5 448
60 3 6 455
60 3 7 445
60 3 8 435
60 3 9 446
60 3 10 419
60 4 3 436
60 4 4 453
60 4 5 427
60 4 6 432
60 4 7 447
60 4 8 452
60 4 9 450
60 4 10 433
60 5 3 431
60 5 4 443
60 5 5 441
60 5 6 424
60 5 7 461
60 5 8 442
60 5 9 399
60 5 10 449
60 6 3 438
60 6 4 470
60 6 5 462
60 6 6 446
60 6 7 430
60 6 8 432
60 6 9 450
60 6 10 423
60 7 3 429
60 7 4 319
60 7 5 445
60 7 6 451
60 7 7 396
60 7 8 449
60 7 9 442
60 7 10 432
60 8 3 447
60 8 4 438
60 8 5 452
60 8 6 426
60 8 7 406
60 8 8 436
60 8 9 411
60 8 10 443
60 9 3 413
60 9 4 449
60 9 5 433
60 9 6 411
60 9 7 459
60 9 8 470
60 9 9 447
60 9 10 440
80 0 3 775
80 0 4 773
80 0 5 703
80 0 6 778
80 0 7 779
80 0 8 750
80 0 9 781
80 0 10 716
80 1 3 782
80 1 4 732
80 1 5 791
80 1 6 777
80 1 7 797
80 1 8 775
80 1 9 811
80 1 10 788
80 2 3 800
80 2 4 780
80 2 5 780
80 2 6 789
80 2 7 785
80 2 8 824
80 2 9 805
80 2 10 783
80 3 3 825
80 3 4 735
80 3 5 801
80 3 6 811
80 3 7 804
80 3 8 791
80 3 9 789
80 3 10 794
80 4 3 778
80 4 4 773
80 4 5 787
80 4 6 779
80 4 7 774
80 4 8 763
80 4 9 782
80 4 10 695
80 5 3 800
80 5 4 719
80 5 5 785
80 5 6 756
80 5 7 795
80 5 8 800
80 5 9 772
80 5 10 758
80 6 3 797
80 6 4 820
80 6 5 803
80 6 6 773
80 6 7 803
80 6 8 806
80 6 9 792
80 6 10 767
80 7 3 808
80 7 4 764
80 7 5 799
80 7 6 783
80 7 7 773
80 7 8 800
80 7 9 756
80 7 10 762
80 8 3 777
80 8 4 802
80 8 5 710
80 8 6 790
80 8 7 762
80 8 8 810
80 8 9 768
80 8 10 768
80 9 3 806
80 9 4 751
80 9 5 798
80 9 6 777
80 9 7 800
80 9 8 797
80 9 9 788
80 9 10 795
100 0 3 1243
100 0 4 1286
100 0 5 1256
100 0 6 1216
100 0 7 1197
100 0 8 1237
100 0 9 1246
100 0 10 1244
100 1 3 1242
100 1 4 1256
100 1 5 1284
100 1 6 1228
100 1 7 1246
100 1 8 1232
100 1 9 1161
100 1 10 1236
100 2 3 1212
100 2 4 1196
100 2 5 1230
100 2 6 1231
100 2 7 1232
100 2 8 1229
100 2 9 1185
100 2 10 1245
100 3 3 1228
100 3 4 1222
100 3 5 1234
100 3 6 1219
100 3 7 1189
100 3 8 1213
100 3 9 1249
100 3 10 1229
100 4 3 1242
100 4 4 1269
100 4 5 1219
100 4 6 1234
100 4 7 1184
100 4 8 1217
100 4 9 1221
100 4 10 1231
100 5 3 1239
100 5 4 1241
100 5 5 1233
100 5 6 1241
100 5 7 1238
100 5 8 1245
100 5 9 1179
100 5 10 1177
100 6 3 1236
100 6 4 1211
100 6 5 1235
100 6 6 1233
100 6 7 1239
100 6 8 1222
100 6 9 1234
100 6 10 1272
100 7 3 1266
100 7 4 1188
100 7 5 1241
100 7 6 1194
100 7 7 1196
100 7 8 1280
100 7 9 1239
100 7 10 1210
100 8 3 1207
100 8 4 1202
100 8 5 1230
100 8 6 1189
100 8 7 1221
100 8 8 1207
100 8 9 1187
100 8 10 1249
100 9 3 1246
100 9 4 1161
100 9 5 1208
100 9 6 1216
100 9 7 1196
100 9 8 1243
100 9 9 1233
100 9 10 1231
