60 0 0 190
60 0 1 253
60 0 2 65
60 0 3 450
60 0 4 94
60 0 5 295
60 0 6 94
60 0 7 94
60 0 8 247
60 0 9 120
60 1 0 338
60 1 1 117
60 1 2 431
60 1 3 427
60 1 4 239
60 1 5 89
60 1 6 140
60 1 7 164
60 1 8 167
60 1 9 121
60 2 0 322
60 2 1 88
60 2 2 118
60 2 3 118
60 2 4 118
60 2 5 118
60 2 6 118
60 2 7 118
60 2 8 118
60 2 9 118
60 3 0 285
60 3 1 136
60 3 2 106
60 3 3 106
60 3 4 437
60 3 5 134
60 3 6 229
60 3 7 223
60 3 8 106
60 3 9 270
60 4 0 88
60 4 1 114
60 4 2 88
60 4 3 135
60 4 4 88
60 4 5 114
60 4 6 114
60 4 7 114
60 4 8 114
60 4 9 88
60 5 0 204
60 5 1 375
60 5 2 316
60 5 3 150
60 5 4 375
60 5 5 156
60 5 6 335
60 5 7 156
60 5 8 235
60 5 9 424
60 6 0 398
60 6 1 130
60 6 2 378
60 6 3 187
60 6 4 62
60 6 5 62
60 6 6 88
60 6 7 62
60 6 8 62
60 6 9 62
60 7 0 179
60 7 1 439
60 7 2 191
60 7 3 88
60 7 4 88
60 7 5 118
60 7 6 88
60 7 7 88
60 7 8 88
60 7 9 88
60 8 0 95
60 8 1 156
60 8 2 179
60 8 3 112
60 8 4 179
60 8 5 143
60 8 6 56
60 8 7 228
60 8 8 123
60 8 9 123
60 9 0 117
60 9 1 119
60 9 2 142
60 9 3 142
60 9 4 118
60 9 5 94
60 9 6 119
60 9 7 66
60 9 8 87
60 9 9 314
80 0 0 140
80 0 1 330
80 0 2 140
80 0 3 180
80 0 4 79
80 0 5 796
80 0 6 113
80 0 7 180
80 0 8 391
80 0 9 526
80 1 0 779
80 1 1 183
80 1 2 138
80 1 3 104
80 1 4 709
80 1 5 786
80 1 6 116
80 1 7 182
80 1 8 183
80 1 9 138
80 2 0 193
80 2 1 289
80 2 2 763
80 2 3 186
80 2 4 165
80 2 5 186
80 2 6 198
80 2 7 444
80 2 8 257
80 2 9 760
80 3 0 225
80 3 1 185
80 3 2 768
80 3 3 157
80 3 4 186
80 3 5 150
80 3 6 772
80 3 7 225
80 3 8 218
80 3 9 142
80 4 0 152
80 4 1 191
80 4 2 255
80 4 3 119
80 4 4 191
80 4 5 217
80 4 6 314
80 4 7 146
80 4 8 223
80 4 9 354
80 5 0 792
80 5 1 212
80 5 2 508
80 5 3 274
80 5 4 183
80 5 5 217
80 5 6 142
80 5 7 148
80 5 8 217
80 5 9 183
80 6 0 377
80 6 1 165
80 6 2 226
80 6 3 525
80 6 4 199
80 6 5 741
80 6 6 160
80 6 7 199
80 6 8 716
80 6 9 226
80 7 0 155
80 7 1 243
80 7 2 195
80 7 3 342
80 7 4 141
80 7 5 549
80 7 6 581
80 7 7 155
80 7 8 209
80 7 9 120
80 8 0 353
80 8 1 457
80 8 2 173
80 8 3 142
80 8 4 261
80 8 5 173
80 8 6 142
80 8 7 382
80 8 8 80
80 8 9 80
80 9 0 549
80 9 1 134
80 9 2 583
80 9 3 790
80 9 4 172
80 9 5 679
80 9 6 771
80 9 7 611
80 9 8 496
80 9 9 567
100 0 0 571
100 0 1 319
100 0 2 544
100 0 3 184
100 0 4 1056
100 0 5 184
100 0 6 600
100 0 7 1191
100 0 8 671
100 0 9 868
100 1 0 235
100 1 1 1067
100 1 2 280
100 1 3 707
100 1 4 280
100 1 5 318
100 1 6 963
100 1 7 280
100 1 8 984
100 1 9 480
100 2 0 152
100 2 1 152
100 2 2 956
100 2 3 152
100 2 4 237
100 2 5 191
100 2 6 152
100 2 7 191
100 2 8 314
100 2 9 191
100 3 0 141
100 3 1 1034
100 3 2 409
100 3 3 282
100 3 4 1120
100 3 5 141
100 3 6 282
100 3 7 187
100 3 8 282
100 3 9 187
100 4 0 1002
100 4 1 828
100 4 2 323
100 4 3 1167
100 4 4 196
100 4 5 232
100 4 6 280
100 4 7 280
100 4 8 280
100 4 9 1162
100 5 0 1235
100 5 1 294
100 5 2 1188
100 5 3 113
100 5 4 294
100 5 5 300
100 5 6 294
100 5 7 300
100 5 8 921
100 5 9 348
100 6 0 100
100 6 1 654
100 6 2 1241
100 6 3 504
100 6 4 1228
100 6 5 825
100 6 6 181
100 6 7 467
100 6 8 1144
100 6 9 1225
100 7 0 1159
100 7 1 98
100 7 2 704
100 7 3 200
100 7 4 250
100 7 5 200
100 7 6 1221
100 7 7 250
100 7 8 200
100 7 9 338
100 8 0 1167
100 8 1 762
100 8 2 257
100 8 3 1192
100 8 4 211
100 8 5 1120
100 8 6 1095
100 8 7 469
100 8 8 211
100 8 9 211
100 9 0 271
100 9 1 378
100 9 2 322
100 9 3 462
100 9 4 785
100 9 5 367
100 9 6 322
100 9 7 462
100 9 8 418
100 9 9 331
