60 0 0 449
60 0 1 434
60 0 2 434
60 1 0 393
60 1 1 369
60 1 2 433
60 2 0 444
60 2 1 428
60 2 2 422
60 3 0 441
60 3 1 438
60 3 2 434
60 4 0 452
60 4 1 448
60 4 2 393
60 5 0 412
60 5 1 453
60 5 2 474
60 6 0 452
60 6 1 453
60 6 2 447
60 7 0 438
60 7 1 456
60 7 2 432
60 8 0 440
60 8 1 450
60 8 2 427
60 9 0 453
60 9 1 410
60 9 2 457
80 0 0 794
80 0 1 764
80 0 2 777
80 1 0 701
80 1 1 797
80 1 2 812
80 2 0 721
80 2 1 789
80 2 2 782
80 3 0 780
80 3 1 803
80 3 2 790
80 4 0 798
80 4 1 755
80 4 2 768
80 5 0 794
80 5 1 787
80 5 2 774
80 6 0 790
80 6 1 787
80 6 2 799
80 7 0 790
80 7 1 792
80 7 2 793
80 8 0 791
80 8 1 771
80 8 2 836
80 9 0 776
80 9 1 770
80 9 2 811
100 0 0 1224
100 0 1 1246
100 0 2 1218
100 1 0 1237
100 1 1 1240
100 1 2 1185
100 2 0 1222
100 2 1 1231
100 2 2 1148
100 3 0 1223
100 3 1 1253
100 3 2 1224
100 4 0 1214
100 4 1 1240
100 4 2 1191
100 5 0 1214
100 5 1 1188
100 5 2 1207
100 6 0 1247
100 6 1 1177
100 6 2 1186
100 7 0 1232
100 7 1 1231
100 7 2 1229
100 8 0 1222
100 8 1 1209
100 8 2 1259
100 9 0 1240
100 9 1 1204
100 9 2 1241
60 0 3 423
60 0 4 428
60 0 5 430
60 0 6 429
60 0 7 447
60 0 8 456
60 0 9 462
60 0 10 423
60 1 3 440
60 1 4 414
60 1 5 422
60 1 6 402
60 1 7 443
60 1 8 407
60 1 9 432
60 1 10 434
60 2 3 428
60 2 4 453
60 2 5 427
60 2 6 425
60 2 7 446
60 2 8 418
60 2 9 457
60 2 10 410
60 3 3 443
60 3 4 454
60 3 5 444
60 3 6 413
60 3 7 424
60 3 8 423
60 3 9 374
60 3 10 431
60 4 3 429
60 4 4 432
60 4 5 433
60 4 6 462
60 4 7 451
60 4 8 447
60 4 9 436
60 4 10 412
60 5 3 428
60 5 4 436
60 5 5 458
60 5 6 413
60 5 7 459
60 5 8 435
60 5 9 417
60 5 10 434
60 6 3 444
60 6 4 402
60 6 5 422
60 6 6 432
60 6 7 453
60 6 8 433
60 6 9 461
60 6 10 441
60 7 3 429
60 7 4 444
60 7 5 440
60 7 6 433
60 7 7 419
60 7 8 439
60 7 9 426
60 7 10 425
60 8 3 435
60 8 4 462
60 8 5 421
60 8 6 450
60 8 7 468
60 8 8 443
60 8 9 434
60 8 10 447
60 9 3 459
60 9 4 458
60 9 5 454
60 9 6 427
60 9 7 419
60 9 8 442
60 9 9 455
60 9 10 435
80 0 3 736
80 0 4 785
80 0 5 789
80 0 6 754
80 0 7 782
80 0 8 775
80 0 9 800
80 0 10 803
80 1 3 804
80 1 4 787
80 1 5 777
80 1 6 655
80 1 7 775
80 1 8 777
80 1 9 775
80 1 10 811
80 2 3 808
80 2 4 803
80 2 5 654
80 2 6 793
80 2 7 803
80 2 8 780
80 2 9 730
80 2 10 768
80 3 3 696
80 3 4 769
80 3 5 795
80 3 6 740
80 3 7 801
80 3 8 773
80 3 9 819
80 3 10 788
80 4 3 791
80 4 4 788
80 4 5 755
80 4 6 742
80 4 7 778
80 4 8 760
80 4 9 786
80 4 10 796
80 5 3 809
80 5 4 772
80 5 5 797
80 5 6 745
80 5 7 768
80 5 8 774
80 5 9 787
80 5 10 798
80 6 3 790
80 6 4 814
80 6 5 721
80 6 6 779
80 6 7 776
80 6 8 782
80 6 9 781
80 6 10 819
80 7 3 724
80 7 4 730
80 7 5 784
80 7 6 791
80 7 7 755
80 7 8 753
80 7 9 788
80 7 10 756
80 8 3 776
80 8 4 823
80 8 5 827
80 8 6 769
80 8 7 779
80 8 8 785
80 8 9 782
80 8 10 782
80 9 3 734
80 9 4 802
80 9 5 788
80 9 6 796
80 9 7 810
80 9 8 804
80 9 9 766
80 9 10 819
100 0 3 1214
100 0 4 1251
100 0 5 1255
100 0 6 1247
100 0 7 1306
100 0 8 1239
100 0 9 1228
100 0 10 1201
100 1 3 1233
100 1 4 1214
100 1 5 1221
100 1 6 1238
100 1 7 1215
100 1 8 1273
100 1 9 1231
100 1 10 1218
100 2 3 1265
100 2 4 1204
100 2 5 1226
100 2 6 1257
100 2 7 1257
100 2 8 1229
100 2 9 1210
100 2 10 1254
100 3 3 1215
100 3 4 1250
100 3 5 1211
100 3 6 1239
100 3 7 1234
100 3 8 1214
100 3 9 1201
100 3 10 1119
100 4 3 1233
100 4 4 1229
100 4 5 1242
100 4 6 1219
100 4 7 1215
100 4 8 1234
100 4 9 1154
100 4 10 1219
100 5 3 1122
100 5 4 1208
100 5 5 1138
100 5 6 1249
100 5 7 1216
100 5 8 1161
100 5 9 1110
100 5 10 1216
100 6 3 1259
100 6 4 1238
100 6 5 1196
100 6 6 1263
100 6 7 1186
100 6 8 1270
100 6 9 1249
100 6 10 1205
100 7 3 1180
100 7 4 1263
100 7 5 1187
100 7 6 1250
100 7 7 1254
100 7 8 1227
100 7 9 1247
100 7 10 1240
100 8 3 1238
100 8 4 1225
100 8 5 1238
100 8 6 1224
100 8 7 1228
100 8 8 1164
100 8 9 1240
100 8 10 1243
100 9 3 1236
100 9 4 1248
100 9 5 1199
100 9 6 1236
100 9 7 1206
100 9 8 1135
100 9 9 1227
100 9 10 1238
