60 0 0 454
60 0 1 432
60 0 2 457
60 1 0 418
60 1 1 455
60 1 2 432
60 2 0 447
60 2 1 425
60 2 2 435
60 3 0 435
60 3 1 464
60 3 2 425
60 4 0 364
60 4 1 460
60 4 2 441
60 5 0 463
60 5 1 410
60 5 2 439
60 6 0 450
60 6 1 445
60 6 2 413
60 7 0 421
60 7 1 416
60 7 2 462
60 8 0 435
60 8 1 426
60 8 2 410
60 9 0 469
60 9 1 431
60 9 2 431
80 0 0 771
80 0 1 786
80 0 2 779
80 1 0 777
80 1 1 787
80 1 2 779
80 2 0 767
80 2 1 741
80 2 2 774
80 3 0 737
80 3 1 799
80 3 2 781
80 4 0 771
80 4 1 782
80 4 2 787
80 5 0 781
80 5 1 818
80 5 2 809
80 6 0 782
80 6 1 797
80 6 2 718
80 7 0 775
80 7 1 770
80 7 2 806
80 8 0 754
80 8 1 804
80 8 2 757
80 9 0 672
80 9 1 678
80 9 2 794
100 0 0 1283
100 0 1 1062
100 0 2 1218
100 1 0 1227
100 1 1 1206
100 1 2 1234
100 2 0 1256
100 2 1 1258
100 2 2 1254
100 3 0 1236
100 3 1 1203
100 3 2 1215
100 4 0 1238
100 4 1 1185
100 4 2 1209
100 5 0 1211
100 5 1 1219
100 5 2 1251
100 6 0 1249
100 6 1 1242
100 6 2 1221
100 7 0 1243
100 7 1 1186
100 7 2 1202
100 8 0 1230
100 8 1 1229
100 8 2 1227
100 9 0 1227
100 9 1 1231
100 9 2 1233
60 0 3 396
60 0 4 433
60 0 5 440
60 0 6 462
60 0 7 446
60 0 8 420
60 0 9 444
60 0 10 419
60 1 3 449
60 1 4 426
60 1 5 456
60 1 6 435
60 1 7 438
60 1 8 433
60 1 9 433
60 1 10 434
60 2 3 417
60 2 4 433
60 2 5 406
60 2 6 459
60 2 7 358
60 2 8 436
60 2 9 427
60 2 10 465
60 3 3 436
60 3 4 431
60 3 5 451
60 3 6 437
60 3 7 381
60 3 8 436
60 3 9 451
60 3 10 424
60 4 3 411
60 4 4 418
60 4 5 407
60 4 6 371
60 4 7 399
60 4 8 455
60 4 9 410
60 4 10 449
60 5 3 444
60 5 4 451
60 5 5 434
60 5 6 450
60 5 7 410
60 5 8 412
60 5 9 435
60 5 10 459
60 6 3 393
60 6 4 442
60 6 5 443
60 6 6 388
60 6 7 432
60 6 8 445
60 6 9 429
60 6 10 415
60 7 3 420
60 7 4 417
60 7 5 433
60 7 6 443
60 7 7 425
60 7 8 440
60 7 9 450
60 7 10 441
60 8 3 436
60 8 4 439
60 8 5 405
60 8 6 452
60 8 7 443
60 8 8 430
60 8 9 452
60 8 10 382
60 9 3 410
60 9 4 422
60 9 5 430
60 9 6 428
60 9 7 447
60 9 8 473
60 9 9 437
60 9 10 433
80 0 3 795
80 0 4 763
80 0 5 770
80 0 6 791
80 0 7 778
80 0 8 733
80 0 9 776
80 0 10 809
80 1 3 777
80 1 4 813
80 1 5 813
80 1 6 785
80 1 7 792
80 1 8 809
80 1 9 743
80 1 10 797
80 2 3 744
80 2 4 766
80 2 5 793
80 2 6 779
80 2 7 803
80 2 8 759
80 2 9 754
80 2 10 796
80 3 3 772
80 3 4 750
80 3 5 785
80 3 6 756
80 3 7 761
80 3 8 802
80 3 9 788
80 3 10 775
80 4 3 553
80 4 4 806
80 4 5 759
80 4 6 793
80 4 7 716
80 4 8 794
80 4 9 756
80 4 10 786
80 5 3 721
80 5 4 751
80 5 5 784
80 5 6 761
80 5 7 721
80 5 8 795
80 5 9 803
80 5 10 800
80 6 3 784
80 6 4 818
80 6 5 796
80 6 6 799
80 6 7 810
80 6 8 805
80 6 9 748
80 6 10 746
80 7 3 774
80 7 4 751
80 7 5 808
80 7 6 790
80 7 7 793
80 7 8 803
80 7 9 778
80 7 10 813
80 8 3 791
80 8 4 760
80 8 5 789
80 8 6 780
80 8 7 802
80 8 8 791
80 8 9 797
80 8 10 775
80 9 3 759
80 9 4 769
80 9 5 774
80 9 6 796
80 9 7 748
80 9 8 796
80 9 9 761
80 9 10 787
100 0 3 1229
100 0 4 1142
100 0 5 1233
100 0 6 1244
100 0 7 1239
100 0 8 1195
100 0 9 1266
100 0 10 1163
100 1 3 1215
100 1 4 1193
100 1 5 1238
100 1 6 1257
100 1 7 1235
100 1 8 1247
100 1 9 1236
100 1 10 1247
100 2 3 1190
100 2 4 1220
100 2 5 1205
100 2 6 1269
100 2 7 1233
100 2 8 1237
100 2 9 1243
100 2 10 1238
100 3 3 1201
100 3 4 1255
100 3 5 1201
100 3 6 1243
100 3 7 1272
100 3 8 989
100 3 9 1271
100 3 10 1245
100 4 3 1203
100 4 4 1222
100 4 5 1256
100 4 6 1221
100 4 7 1253
100 4 8 1204
100 4 9 1239
100 4 10 1260
100 5 3 1096
100 5 4 1217
100 5 5 1249
100 5 6 1180
100 5 7 1234
100 5 8 1107
100 5 9 1190
100 5 10 1226
100 6 3 1277
100 6 4 1251
100 6 5 1172
100 6 6 1212
100 6 7 1269
100 6 8 1241
100 6 9 1106
100 6 10 1234
100 7 3 1236
100 7 4 1211
100 7 5 1231
100 7 6 1227
100 7 7 1201
100 7 8 1256
100 7 9 1204
100 7 10 1253
100 8 3 1206
100 8 4 1250
100 8 5 1252
100 8 6 1223
100 8 7 1193
100 8 8 1247
100 8 9 1230
100 8 10 1253
100 9 3 1190
100 9 4 1217
100 9 5 1230
100 9 6 1232
100 9 7 1193
100 9 8 1221
100 9 9 1236
100 9 10 1236
