60 0 0 250
60 0 1 320
60 0 2 61
60 0 3 65
60 0 4 30
60 0 5 419
60 0 6 30
60 0 7 30
60 0 8 67
60 0 9 30
60 1 0 0
60 1 1 367
60 1 2 94
60 1 3 165
60 1 4 322
60 1 5 62
60 1 6 348
60 1 7 82
60 1 8 32
60 1 9 32
60 2 0 147
60 2 1 0
60 2 2 405
60 2 3 0
60 2 4 436
60 2 5 147
60 2 6 383
60 2 7 193
60 2 8 19
60 2 9 19
60 3 0 0
60 3 1 310
60 3 2 159
60 3 3 138
60 3 4 80
60 3 5 134
60 3 6 134
60 3 7 26
60 3 8 252
60 3 9 0
60 4 0 381
60 4 1 126
60 4 2 419
60 4 3 114
60 4 4 365
60 4 5 114
60 4 6 217
60 4 7 277
60 4 8 292
60 4 9 156
60 5 0 89
60 5 1 89
60 5 2 91
60 5 3 115
60 5 4 316
60 5 5 265
60 5 6 135
60 5 7 265
60 5 8 330
60 5 9 293
60 6 0 240
60 6 1 88
60 6 2 179
60 6 3 428
60 6 4 406
60 6 5 406
60 6 6 390
60 6 7 420
60 6 8 406
60 6 9 406
60 7 0 118
60 7 1 343
60 7 2 272
60 7 3 287
60 7 4 342
60 7 5 342
60 7 6 207
60 7 7 342
60 7 8 287
60 7 9 224
60 8 0 123
60 8 1 123
60 8 2 413
60 8 3 242
60 8 4 413
60 8 5 419
60 8 6 420
60 8 7 413
60 8 8 230
60 8 9 300
60 9 0 345
60 9 1 334
60 9 2 375
60 9 3 341
60 9 4 165
60 9 5 409
60 9 6 315
60 9 7 412
60 9 8 408
60 9 9 82
80 0 0 781
80 0 1 180
80 0 2 568
80 0 3 684
80 0 4 781
80 0 5 209
80 0 6 180
80 0 7 610
80 0 8 79
80 0 9 244
80 1 0 104
80 1 1 744
80 1 2 570
80 1 3 34
80 1 4 252
80 1 5 217
80 1 6 103
80 1 7 104
80 1 8 304
80 1 9 0
80 2 0 352
80 2 1 694
80 2 2 440
80 2 3 458
80 2 4 745
80 2 5 776
80 2 6 466
80 2 7 85
80 2 8 734
80 2 9 185
80 3 0 588
80 3 1 251
80 3 2 249
80 3 3 459
80 3 4 719
80 3 5 437
80 3 6 217
80 3 7 643
80 3 8 153
80 3 9 121
80 4 0 80
80 4 1 317
80 4 2 773
80 4 3 726
80 4 4 70
80 4 5 709
80 4 6 44
80 4 7 725
80 4 8 432
80 4 9 0
80 5 0 252
80 5 1 252
80 5 2 477
80 5 3 112
80 5 4 213
80 5 5 633
80 5 6 272
80 5 7 683
80 5 8 633
80 5 9 468
80 6 0 199
80 6 1 506
80 6 2 85
80 6 3 199
80 6 4 444
80 6 5 326
80 6 6 227
80 6 7 469
80 6 8 361
80 6 9 85
80 7 0 0
80 7 1 743
80 7 2 195
80 7 3 0
80 7 4 315
80 7 5 182
80 7 6 693
80 7 7 0
80 7 8 562
80 7 9 773
80 8 0 80
80 8 1 173
80 8 2 694
80 8 3 540
80 8 4 482
80 8 5 723
80 8 6 558
80 8 7 80
80 8 8 763
80 8 9 735
80 9 0 356
80 9 1 441
80 9 2 102
80 9 3 64
80 9 4 494
80 9 5 173
80 9 6 449
80 9 7 140
80 9 8 386
80 9 9 253
100 0 0 686
100 0 1 586
100 0 2 273
100 0 3 515
100 0 4 272
100 0 5 975
100 0 6 89
100 0 7 272
100 0 8 364
100 0 9 321
100 1 0 871
100 1 1 241
100 1 2 795
100 1 3 960
100 1 4 573
100 1 5 1230
100 1 6 353
100 1 7 748
100 1 8 876
100 1 9 848
100 2 0 91
100 2 1 44
100 2 2 605
100 2 3 917
100 2 4 0
100 2 5 751
100 2 6 0
100 2 7 990
100 2 8 1223
100 2 9 1001
100 3 0 893
100 3 1 368
100 3 2 951
100 3 3 0
100 3 4 870
100 3 5 1027
100 3 6 996
100 3 7 706
100 3 8 48
100 3 9 738
100 4 0 682
100 4 1 818
100 4 2 576
100 4 3 712
100 4 4 219
100 4 5 895
100 4 6 1223
100 4 7 1189
100 4 8 1072
100 4 9 315
100 5 0 646
100 5 1 1244
100 5 2 572
100 5 3 1198
100 5 4 741
100 5 5 1053
100 5 6 1159
100 5 7 1224
100 5 8 246
100 5 9 730
100 6 0 750
100 6 1 325
100 6 2 820
100 6 3 377
100 6 4 547
100 6 5 580
100 6 6 580
100 6 7 181
100 6 8 325
100 6 9 820
100 7 0 310
100 7 1 811
100 7 2 587
100 7 3 619
100 7 4 787
100 7 5 691
100 7 6 200
100 7 7 441
100 7 8 851
100 7 9 338
100 8 0 242
100 8 1 205
100 8 2 257
100 8 3 430
100 8 4 578
100 8 5 157
100 8 6 211
100 8 7 242
100 8 8 789
100 8 9 211
100 9 0 617
100 9 1 0
100 9 2 557
100 9 3 0
100 9 4 285
100 9 5 1244
100 9 6 686
100 9 7 1175
100 9 8 1051
100 9 9 594
