60 0 0 410
60 0 1 450
60 0 2 401
60 1 0 453
60 1 1 459
60 1 2 433
60 2 0 403
60 2 1 442
60 2 2 441
60 3 0 454
60 3 1 432
60 3 2 450
60 4 0 407
60 4 1 361
60 4 2 423
60 5 0 433
60 5 1 426
60 5 2 438
60 6 0 437
60 6 1 435
60 6 2 433
60 7 0 443
60 7 1 424
60 7 2 419
60 8 0 411
60 8 1 427
60 8 2 425
60 9 0 416
60 9 1 443
60 9 2 432
80 0 0 784
80 0 1 782
80 0 2 797
80 1 0 718
80 1 1 789
80 1 2 790
80 2 0 798
80 2 1 788
80 2 2 772
80 3 0 774
80 3 1 789
80 3 2 666
80 4 0 801
80 4 1 788
80 4 2 795
80 5 0 784
80 5 1 740
80 5 2 797
80 6 0 792
80 6 1 774
80 6 2 787
80 7 0 789
80 7 1 810
80 7 2 820
80 8 0 781
80 8 1 787
80 8 2 818
80 9 0 783
80 9 1 805
80 9 2 794
100 0 0 1251
100 0 1 1243
100 0 2 1221
100 1 0 1268
100 1 1 1212
100 1 2 1226
100 2 0 1207
100 2 1 1241
100 2 2 1185
100 3 0 1240
100 3 1 1231
100 3 2 1230
100 4 0 1246
100 4 1 1224
100 4 2 1260
100 5 0 1248
100 5 1 1255
100 5 2 1231
100 6 0 1228
100 6 1 1242
100 6 2 1215
100 7 0 1222
100 7 1 1244
100 7 2 1226
100 8 0 1266
100 8 1 1269
100 8 2 1259
100 9 0 1214
100 9 1 1231
100 9 2 1224
60 0 3 425
60 0 4 447
60 0 5 422
60 0 6 439
60 0 7 440
60 0 8 450
60 0 9 437
60 0 10 440
60 1 3 473
60 1 4 430
60 1 5 404
60 1 6 447
60 1 7 405
60 1 8 454
60 1 9 439
60 1 10 429
60 2 3 450
60 2 4 429
60 2 5 439
60 2 6 454
60 2 7 439
60 2 8 424
60 2 9 456
60 2 10 424
60 3 3 425
60 3 4 421
60 3 5 454
60 3 6 462
60 3 7 440
60 3 8 445
60 3 9 447
60 3 10 414
60 4 3 438
60 4 4 442
60 4 5 420
60 4 6 459
60 4 7 347
60 4 8 438
60 4 9 441
60 4 10 453
60 5 3 435
60 5 4 447
60 5 5 461
60 5 6 444
60 5 7 447
60 5 8 420
60 5 9 439
60 5 10 440
60 6 3 466
60 6 4 470
60 6 5 434
60 6 6 460
60 6 7 440
60 6 8 458
60 6 9 457
60 6 10 448
60 7 3 440
60 7 4 464
60 7 5 430
60 7 6 438
60 7 7 440
60 7 8 441
60 7 9 422
60 7 10 455
60 8 3 447
60 8 4 452
60 8 5 459
60 8 6 455
60 8 7 445
60 8 8 464
60 8 9 456
60 8 10 466
60 9 3 432
60 9 4 449
60 9 5 447
60 9 6 413
60 9 7 404
60 9 8 436
60 9 9 441
60 9 10 417
80 0 3 819
80 0 4 760
80 0 5 795
80 0 6 810
80 0 7 729
80 0 8 797
80 0 9 807
80 0 10 798
80 1 3 762
80 1 4 779
80 1 5 790
80 1 6 731
80 1 7 794
80 1 8 797
80 1 9 741
80 1 10 795
80 2 3 757
80 2 4 814
80 2 5 786
80 2 6 801
80 2 7 805
80 2 8 785
80 2 9 800
80 2 10 782
80 3 3 749
80 3 4 793
80 3 5 799
80 3 6 779
80 3 7 814
80 3 8 778
80 3 9 796
80 3 10 794
80 4 3 758
80 4 4 745
80 4 5 806
80 4 6 774
80 4 7 768
80 4 8 732
80 4 9 769
80 4 10 814
80 5 3 783
80 5 4 717
80 5 5 771
80 5 6 793
80 5 7 778
80 5 8 783
80 5 9 810
80 5 10 798
80 6 3 806
80 6 4 812
80 6 5 758
80 6 6 774
80 6 7 797
80 6 8 796
80 6 9 784
80 6 10 793
80 7 3 789
80 7 4 799
80 7 5 756
80 7 6 796
80 7 7 781
80 7 8 781
80 7 9 739
80 7 10 786
80 8 3 787
80 8 4 792
80 8 5 786
80 8 6 783
80 8 7 799
80 8 8 789
80 8 9 818
80 8 10 793
80 9 3 792
80 9 4 806
80 9 5 783
80 9 6 797
80 9 7 793
80 9 8 799
80 9 9 781
80 9 10 744
100 0 3 1241
100 0 4 1254
100 0 5 1212
100 0 6 1242
100 0 7 1235
100 0 8 1236
100 0 9 1236
100 0 10 1244
100 1 3 1210
100 1 4 1236
100 1 5 1230
100 1 6 1242
100 1 7 1238
100 1 8 1230
100 1 9 1263
100 1 10 1265
100 2 3 1228
100 2 4 1259
100 2 5 1213
100 2 6 1221
100 2 7 1273
100 2 8 1232
100 2 9 1161
100 2 10 1212
100 3 3 1204
100 3 4 1219
100 3 5 1229
100 3 6 1241
100 3 7 1234
100 3 8 1225
100 3 9 1248
100 3 10 1221
100 4 3 1194
100 4 4 1237
100 4 5 1250
100 4 6 1245
100 4 7 1246
100 4 8 1239
100 4 9 1190
100 4 10 1249
100 5 3 1252
100 5 4 1238
100 5 5 1210
100 5 6 1243
100 5 7 1264
100 5 8 1206
100 5 9 1197
100 5 10 1244
100 6 3 1221
100 6 4 1223
100 6 5 1267
100 6 6 1227
100 6 7 1160
100 6 8 1223
100 6 9 1278
100 6 10 1267
100 7 3 1230
100 7 4 1226
100 7 5 1208
100 7 6 1181
100 7 7 1200
100 7 8 1266
100 7 9 1197
100 7 10 1214
100 8 3 1204
100 8 4 1244
100 8 5 1246
100 8 6 1214
100 8 7 1207
100 8 8 1228
100 8 9 1197
100 8 10 1245
100 9 3 1258
100 9 4 1236
100 9 5 1227
100 9 6 1217
100 9 7 1180
100 9 8 1232
100 9 9 1265
100 9 10 1212
