60 0 0 398
60 0 1 434
60 0 2 434
60 1 0 380
60 1 1 449
60 1 2 417
60 2 0 420
60 2 1 439
60 2 2 425
60 3 0 440
60 3 1 435
60 3 2 457
60 4 0 390
60 4 1 443
60 4 2 418
60 5 0 427
60 5 1 441
60 5 2 445
60 6 0 441
60 6 1 431
60 6 2 431
60 7 0 395
60 7 1 430
60 7 2 445
60 8 0 463
60 8 1 446
60 8 2 463
60 9 0 426
60 9 1 438
60 9 2 457
80 0 0 810
80 0 1 782
80 0 2 789
80 1 0 798
80 1 1 793
80 1 2 768
80 2 0 798
80 2 1 767
80 2 2 799
80 3 0 713
80 3 1 771
80 3 2 799
80 4 0 786
80 4 1 780
80 4 2 749
80 5 0 810
80 5 1 784
80 5 2 785
80 6 0 777
80 6 1 813
80 6 2 791
80 7 0 688
80 7 1 821
80 7 2 802
80 8 0 775
80 8 1 784
80 8 2 769
80 9 0 771
80 9 1 779
80 9 2 801
100 0 0 1246
100 0 1 1278
100 0 2 1245
100 1 0 1261
100 1 1 1238
100 1 2 1247
100 2 0 1233
100 2 1 1243
100 2 2 1227
100 3 0 1213
100 3 1 1253
100 3 2 1250
100 4 0 1267
100 4 1 1219
100 4 2 1202
100 5 0 1203
100 5 1 1248
100 5 2 1244
100 6 0 1236
100 6 1 1253
100 6 2 1217
100 7 0 1218
100 7 1 1237
100 7 2 1236
100 8 0 1171
100 8 1 1231
100 8 2 1198
100 9 0 1208
100 9 1 1255
100 9 2 1225
60 0 3 448
60 0 4 465
60 0 5 428
60 0 6 437
60 0 7 449
60 0 8 409
60 0 9 427
60 0 10 452
60 1 3 422
60 1 4 428
60 1 5 440
60 1 6 423
60 1 7 402
60 1 8 437
60 1 9 450
60 1 10 378
60 2 3 447
60 2 4 450
60 2 5 444
60 2 6 333
60 2 7 433
60 2 8 403
60 2 9 459
60 2 10 456
60 3 3 436
60 3 4 435
60 3 5 443
60 3 6 444
60 3 7 412
60 3 8 457
60 3 9 398
60 3 10 451
60 4 3 440
60 4 4 441
60 4 5 447
60 4 6 397
60 4 7 459
60 4 8 432
60 4 9 446
60 4 10 432
60 5 3 453
60 5 4 430
60 5 5 450
60 5 6 454
60 5 7 414
60 5 8 431
60 5 9 450
60 5 10 440
60 6 3 437
60 6 4 442
60 6 5 450
60 6 6 416
60 6 7 443
60 6 8 428
60 6 9 467
60 6 10 377
60 7 3 449
60 7 4 444
60 7 5 430
60 7 6 461
60 7 7 447
60 7 8 426
60 7 9 414
60 7 10 442
60 8 3 435
60 8 4 437
60 8 5 443
60 8 6 460
60 8 7 425
60 8 8 421
60 8 9 454
60 8 10 447
60 9 3 423
60 9 4 456
60 9 5 454
60 9 6 434
60 9 7 463
60 9 8 452
60 9 9 423
60 9 10 441
80 0 3 795
80 0 4 703
80 0 5 798
80 0 6 800
80 0 7 794
80 0 8 774
80 0 9 795
80 0 10 762
80 1 3 795
80 1 4 751
80 1 5 804
80 1 6 764
80 1 7 796
80 1 8 803
80 1 9 786
80 1 10 813
80 2 3 791
80 2 4 759
80 2 5 808
80 2 6 758
80 2 7 799
80 2 8 790
80 2 9 818
80 2 10 783
80 3 3 794
80 3 4 694
80 3 5 811
80 3 6 744
80 3 7 760
80 3 8 805
80 3 9 775
80 3 10 800
80 4 3 791
80 4 4 780
80 4 5 815
80 4 6 789
80 4 7 806
80 4 8 812
80 4 9 796
80 4 10 801
80 5 3 772
80 5 4 799
80 5 5 765
80 5 6 699
80 5 7 768
80 5 8 786
80 5 9 791
80 5 10 791
80 6 3 769
80 6 4 759
80 6 5 785
80 6 6 802
80 6 7 807
80 6 8 781
80 6 9 785
80 6 10 774
80 7 3 762
80 7 4 780
80 7 5 702
80 7 6 784
80 7 7 750
80 7 8 780
80 7 9 779
80 7 10 757
80 8 3 807
80 8 4 794
80 8 5 723
80 8 6 753
80 8 7 815
80 8 8 779
80 8 9 780
80 8 10 792
80 9 3 798
80 9 4 809
80 9 5 797
80 9 6 769
80 9 7 785
80 9 8 791
80 9 9 775
80 9 10 753
100 0 3 1247
100 0 4 1233
100 0 5 1199
100 0 6 1186
100 0 7 1215
100 0 8 1237
100 0 9 1246
100 0 10 1242
100 1 3 1268
100 1 4 1269
100 1 5 1237
100 1 6 1202
100 1 7 1190
100 1 8 1217
100 1 9 1213
100 1 10 1213
100 2 3 1243
100 2 4 1266
100 2 5 1237
100 2 6 1236
100 2 7 1241
100 2 8 1251
100 2 9 1193
100 2 10 1249
100 3 3 1175
100 3 4 1136
100 3 5 1247
100 3 6 1241
100 3 7 1167
100 3 8 1238
100 3 9 1141
100 3 10 1236
100 4 3 1223
100 4 4 1259
100 4 5 1129
100 4 6 1182
100 4 7 1201
100 4 8 1222
100 4 9 1241
100 4 10 1255
100 5 3 1231
100 5 4 1203
100 5 5 1217
100 5 6 1260
100 5 7 1227
100 5 8 1266
100 5 9 1242
100 5 10 1229
100 6 3 1203
100 6 4 1203
100 6 5 1251
100 6 6 1200
100 6 7 1253
100 6 8 1235
100 6 9 1182
100 6 10 1258
100 7 3 1229
100 7 4 1240
100 7 5 1235
100 7 6 1235
100 7 7 1230
100 7 8 1230
100 7 9 1153
100 7 10 1189
100 8 3 1213
100 8 4 1211
100 8 5 1241
100 8 6 1238
100 8 7 1223
100 8 8 1221
100 8 9 1229
100 8 10 1248
100 9 3 1220
100 9 4 1255
100 9 5 1195
100 9 6 1256
100 9 7 1250
100 9 8 1245
100 9 9 1237
100 9 10 1244
