60 0 0 436
60 0 1 452
60 0 2 384
60 1 0 425
60 1 1 449
60 1 2 349
60 2 0 395
60 2 1 436
60 2 2 420
60 3 0 427
60 3 1 452
60 3 2 444
60 4 0 437
60 4 1 431
60 4 2 442
60 5 0 446
60 5 1 406
60 5 2 454
60 6 0 363
60 6 1 404
60 6 2 445
60 7 0 441
60 7 1 405
60 7 2 429
60 8 0 444
60 8 1 455
60 8 2 447
60 9 0 452
60 9 1 391
60 9 2 382
80 0 0 785
80 0 1 775
80 0 2 737
80 1 0 598
80 1 1 756
80 1 2 799
80 2 0 763
80 2 1 785
80 2 2 763
80 3 0 750
80 3 1 804
80 3 2 663
80 4 0 737
80 4 1 791
80 4 2 681
80 5 0 774
80 5 1 780
80 5 2 706
80 6 0 798
80 6 1 770
80 6 2 770
80 7 0 737
80 7 1 778
80 7 2 832
80 8 0 789
80 8 1 760
80 8 2 788
80 9 0 768
80 9 1 762
80 9 2 778
100 0 0 1272
100 0 1 1213
100 0 2 1251
100 1 0 1259
100 1 1 1237
100 1 2 1200
100 2 0 1125
100 2 1 1234
100 2 2 1242
100 3 0 1161
100 3 1 1248
100 3 2 1238
100 4 0 1229
100 4 1 1226
100 4 2 1211
100 5 0 1180
100 5 1 1167
100 5 2 1166
100 6 0 1243
100 6 1 1156
100 6 2 1251
100 7 0 1228
100 7 1 1214
100 7 2 1167
100 8 0 1263
100 8 1 1231
100 8 2 1202
100 9 0 1136
100 9 1 1264
100 9 2 1184
60 0 3 379
60 0 4 407
60 0 5 446
60 0 6 442
60 0 7 407
60 0 8 385
60 0 9 406
60 0 10 435
60 1 3 444
60 1 4 338
60 1 5 448
60 1 6 407
60 1 7 455
60 1 8 447
60 1 9 433
60 1 10 454
60 2 3 408
60 2 4 391
60 2 5 365
60 2 6 427
60 2 7 417
60 2 8 442
60 2 9 437
60 2 10 448
60 3 3 432
60 3 4 442
60 3 5 440
60 3 6 428
60 3 7 384
60 3 8 357
60 3 9 362
60 3 10 446
60 4 3 428
60 4 4 427
60 4 5 438
60 4 6 424
60 4 7 411
60 4 8 388
60 4 9 423
60 4 10 466
60 5 3 456
60 5 4 435
60 5 5 446
60 5 6 401
60 5 7 448
60 5 8 399
60 5 9 435
60 5 10 446
60 6 3 441
60 6 4 430
60 6 5 410
60 6 6 454
60 6 7 416
60 6 8 430
60 6 9 437
60 6 10 430
60 7 3 434
60 7 4 442
60 7 5 448
60 7 6 464
60 7 7 437
60 7 8 425
60 7 9 460
60 7 10 443
60 8 3 448
60 8 4 394
60 8 5 430
60 8 6 400
60 8 7 359
60 8 8 428
60 8 9 432
60 8 10 433
60 9 3 460
60 9 4 439
60 9 5 434
60 9 6 467
60 9 7 418
60 9 8 442
60 9 9 402
60 9 10 457
80 0 3 794
80 0 4 821
80 0 5 770
80 0 6 759
80 0 7 771
80 0 8 769
80 0 9 785
80 0 10 808
80 1 3 770
80 1 4 730
80 1 5 773
80 1 6 801
80 1 7 769
80 1 8 785
80 1 9 786
80 1 10 783
80 2 3 769
80 2 4 738
80 2 5 751
80 2 6 789
80 2 7 798
80 2 8 781
80 2 9 723
80 2 10 790
80 3 3 760
80 3 4 761
80 3 5 751
80 3 6 806
80 3 7 768
80 3 8 787
80 3 9 747
80 3 10 763
80 4 3 774
80 4 4 730
80 4 5 804
80 4 6 744
80 4 7 683
80 4 8 779
80 4 9 774
80 4 10 783
80 5 3 797
80 5 4 786
80 5 5 777
80 5 6 808
80 5 7 802
80 5 8 766
80 5 9 709
80 5 10 739
80 6 3 795
80 6 4 780
80 6 5 731
80 6 6 784
80 6 7 799
80 6 8 740
80 6 9 785
80 6 10 741
80 7 3 798
80 7 4 793
80 7 5 776
80 7 6 786
80 7 7 689
80 7 8 793
80 7 9 775
80 7 10 792
80 8 3 754
80 8 4 734
80 8 5 811
80 8 6 779
80 8 7 765
80 8 8 803
80 8 9 767
80 8 10 774
80 9 3 784
80 9 4 801
80 9 5 769
80 9 6 762
80 9 7 752
80 9 8 727
80 9 9 794
80 9 10 808
100 0 3 1214
100 0 4 1213
100 0 5 1076
100 0 6 1230
100 0 7 1225
100 0 8 1218
100 0 9 1250
100 0 10 1260
100 1 3 1153
100 1 4 1186
100 1 5 1239
100 1 6 1257
100 1 7 1088
100 1 8 1256
100 1 9 1227
100 1 10 1249
100 2 3 1233
100 2 4 1142
100 2 5 1196
100 2 6 1230
100 2 7 1273
100 2 8 1241
100 2 9 1261
100 2 10 1224
100 3 3 1193
100 3 4 911
100 3 5 1246
100 3 6 1171
100 3 7 1230
100 3 8 1212
100 3 9 1236
100 3 10 1194
100 4 3 1274
100 4 4 1217
100 4 5 1224
100 4 6 1203
100 4 7 1209
100 4 8 1219
100 4 9 1131
100 4 10 1250
100 5 3 1224
100 5 4 1252
100 5 5 1236
100 5 6 1169
100 5 7 1184
100 5 8 1148
100 5 9 1193
100 5 10 1253
100 6 3 1249
100 6 4 1198
100 6 5 1210
100 6 6 1221
100 6 7 1012
100 6 8 1126
100 6 9 1231
100 6 10 1190
100 7 3 1155
100 7 4 1208
100 7 5 1187
100 7 6 1192
100 7 7 1218
100 7 8 1221
100 7 9 1219
100 7 10 1246
100 8 3 1283
100 8 4 1154
100 8 5 1187
100 8 6 1225
100 8 7 1196
100 8 8 1177
100 8 9 1221
100 8 10 1207
100 9 3 1179
100 9 4 1240
100 9 5 1236
100 9 6 1254
100 9 7 1223
100 9 8 1063
100 9 9 1219
100 9 10 1201
