60 0 0 423
60 0 1 461
60 0 2 467
60 1 0 438
60 1 1 451
60 1 2 430
60 2 0 427
60 2 1 461
60 2 2 438
60 3 0 450
60 3 1 477
60 3 2 362
60 4 0 435
60 4 1 431
60 4 2 398
60 5 0 451
60 5 1 450
60 5 2 459
60 6 0 444
60 6 1 429
60 6 2 448
60 7 0 419
60 7 1 457
60 7 2 459
60 8 0 408
60 8 1 441
60 8 2 410
60 9 0 443
60 9 1 424
60 9 2 424
80 0 0 724
80 0 1 779
80 0 2 754
80 1 0 787
80 1 1 734
80 1 2 774
80 2 0 776
80 2 1 723
80 2 2 744
80 3 0 798
80 3 1 782
80 3 2 821
80 4 0 813
80 4 1 683
80 4 2 761
80 5 0 785
80 5 1 758
80 5 2 811
80 6 0 789
80 6 1 775
80 6 2 770
80 7 0 799
80 7 1 784
80 7 2 770
80 8 0 693
80 8 1 797
80 8 2 717
80 9 0 776
80 9 1 789
80 9 2 803
100 0 0 1081
100 0 1 1228
100 0 2 1209
100 1 0 1246
100 1 1 1244
100 1 2 1248
100 2 0 1221
100 2 1 1209
100 2 2 1224
100 3 0 1226
100 3 1 1235
100 3 2 1241
100 4 0 1197
100 4 1 1250
100 4 2 1202
100 5 0 1226
100 5 1 1262
100 5 2 1242
100 6 0 1193
100 6 1 1222
100 6 2 1207
100 7 0 1258
100 7 1 1227
100 7 2 1259
100 8 0 1215
100 8 1 1212
100 8 2 1262
100 9 0 1238
100 9 1 1254
100 9 2 1262
60 0 3 416
60 0 4 431
60 0 5 418
60 0 6 397
60 0 7 451
60 0 8 392
60 0 9 432
60 0 10 421
60 1 3 396
60 1 4 453
60 1 5 444
60 1 6 417
60 1 7 444
60 1 8 433
60 1 9 445
60 1 10 414
60 2 3 425
60 2 4 447
60 2 5 448
60 2 6 380
60 2 7 443
60 2 8 425
60 2 9 365
60 2 10 461
60 3 3 464
60 3 4 461
60 3 5 446
60 3 6 422
60 3 7 429
60 3 8 442
60 3 9 438
60 3 10 421
60 4 3 420
60 4 4 452
60 4 5 444
60 4 6 461
60 4 7 428
60 4 8 449
60 4 9 441
60 4 10 457
60 5 3 427
60 5 4 443
60 5 5 432
60 5 6 432
60 5 7 440
60 5 8 434
60 5 9 378
60 5 10 344
60 6 3 462
60 6 4 449
60 6 5 428
60 6 6 425
60 6 7 431
60 6 8 440
60 6 9 437
60 6 10 463
60 7 3 443
60 7 4 415
60 7 5 447
60 7 6 443
60 7 7 453
60 7 8 436
60 7 9 430
60 7 10 412
60 8 3 464
60 8 4 445
60 8 5 446
60 8 6 446
60 8 7 445
60 8 8 404
60 8 9 424
60 8 10 448
60 9 3 455
60 9 4 460
60 9 5 450
60 9 6 428
60 9 7 427
60 9 8 449
60 9 9 441
60 9 10 449
80 0 3 770
80 0 4 795
80 0 5 804
80 0 6 775
80 0 7 782
80 0 8 764
80 0 9 738
80 0 10 763
80 1 3 784
80 1 4 816
80 1 5 812
80 1 6 798
80 1 7 789
80 1 8 810
80 1 9 775
80 1 10 794
80 2 3 800
80 2 4 775
80 2 5 785
80 2 6 794
80 2 7 808
80 2 8 765
80 2 9 796
80 2 10 787
80 3 3 790
80 3 4 741
80 3 5 788
80 3 6 812
80 3 7 798
80 3 8 738
80 3 9 803
80 3 10 824
80 4 3 711
80 4 4 726
80 4 5 814
80 4 6 745
80 4 7 780
80 4 8 780
80 4 9 778
80 4 10 789
80 5 3 797
80 5 4 744
80 5 5 776
80 5 6 807
80 5 7 783
80 5 8 779
80 5 9 776
80 5 10 787
80 6 3 811
80 6 4 726
80 6 5 712
80 6 6 797
80 6 7 792
80 6 8 786
80 6 9 790
80 6 10 798
80 7 3 810
80 7 4 745
80 7 5 779
80 7 6 824
80 7 7 773
80 7 8 808
80 7 9 761
80 7 10 794
80 8 3 693
80 8 4 813
80 8 5 798
80 8 6 770
80 8 7 806
80 8 8 782
80 8 9 802
80 8 10 760
80 9 3 783
80 9 4 814
80 9 5 788
80 9 6 764
80 9 7 782
80 9 8 798
80 9 9 763
80 9 10 806
100 0 3 1205
100 0 4 1279
100 0 5 1220
100 0 6 1243
100 0 7 1218
100 0 8 1200
100 0 9 1233
100 0 10 1248
100 1 3 1218
100 1 4 1244
100 1 5 1235
100 1 6 1268
100 1 7 1212
100 1 8 1259
100 1 9 1251
100 1 10 1234
100 2 3 1235
100 2 4 1172
100 2 5 1257
100 2 6 1241
100 2 7 1240
100 2 8 1202
100 2 9 1272
100 2 10 1222
100 3 3 1242
100 3 4 1252
100 3 5 1230
100 3 6 1265
100 3 7 1243
100 3 8 1217
100 3 9 1219
100 3 10 1182
100 4 3 1228
100 4 4 1160
100 4 5 1201
100 4 6 1229
100 4 7 1173
100 4 8 1217
100 4 9 1234
100 4 10 1233
100 5 3 1244
100 5 4 1215
100 5 5 1194
100 5 6 1218
100 5 7 1248
100 5 8 1264
100 5 9 1250
100 5 10 1254
100 6 3 1247
100 6 4 1224
100 6 5 1232
100 6 6 1179
100 6 7 1227
100 6 8 1240
100 6 9 1227
100 6 10 1263
100 7 3 1244
100 7 4 1249
100 7 5 1216
100 7 6 1158
100 7 7 1220
100 7 8 1216
100 7 9 1237
100 7 10 1231
100 8 3 1285
100 8 4 1224
100 8 5 1239
100 8 6 1233
100 8 7 1235
100 8 8 1232
100 8 9 1235
100 8 10 1243
100 9 3 1195
100 9 4 1210
100 9 5 1261
100 9 6 1223
100 9 7 1250
100 9 8 1223
100 9 9 1190
100 9 10 1255
