60 0 0 448
60 0 1 445
60 0 2 441
60 1 0 456
60 1 1 449
60 1 2 410
60 2 0 445
60 2 1 432
60 2 2 445
60 3 0 409
60 3 1 446
60 3 2 442
60 4 0 431
60 4 1 439
60 4 2 452
60 5 0 376
60 5 1 450
60 5 2 449
60 6 0 436
60 6 1 445
60 6 2 453
60 7 0 427
60 7 1 431
60 7 2 450
60 8 0 454
60 8 1 447
60 8 2 448
60 9 0 437
60 9 1 448
60 9 2 441
80 0 0 792
80 0 1 778
80 0 2 666
80 1 0 803
80 1 1 790
80 1 2 796
80 2 0 800
80 2 1 769
80 2 2 798
80 3 0 801
80 3 1 789
80 3 2 792
80 4 0 791
80 4 1 784
80 4 2 766
80 5 0 787
80 5 1 756
80 5 2 763
80 6 0 785
80 6 1 804
80 6 2 793
80 7 0 786
80 7 1 806
80 7 2 786
80 8 0 765
80 8 1 798
80 8 2 809
80 9 0 760
80 9 1 793
80 9 2 784
100 0 0 1250
100 0 1 1223
100 0 2 1234
100 1 0 1213
100 1 1 1222
100 1 2 1215
100 2 0 1228
100 2 1 1198
100 2 2 1210
100 3 0 1262
100 3 1 1243
100 3 2 1256
100 4 0 1231
100 4 1 1207
100 4 2 1247
100 5 0 1220
100 5 1 1265
100 5 2 1248
100 6 0 1243
100 6 1 1223
100 6 2 1197
100 7 0 1180
100 7 1 1153
100 7 2 1209
100 8 0 1197
100 8 1 1227
100 8 2 1181
100 9 0 1192
100 9 1 1246
100 9 2 1239
60 0 3 442
60 0 4 338
60 0 5 457
60 0 6 431
60 0 7 454
60 0 8 448
60 0 9 442
60 0 10 377
60 1 3 410
60 1 4 450
60 1 5 440
60 1 6 438
60 1 7 440
60 1 8 433
60 1 9 453
60 1 10 451
60 2 3 445
60 2 4 430
60 2 5 442
60 2 6 439
60 2 7 434
60 2 8 436
60 2 9 462
60 2 10 444
60 3 3 456
60 3 4 425
60 3 5 442
60 3 6 457
60 3 7 422
60 3 8 455
60 3 9 433
60 3 10 416
60 4 3 452
60 4 4 439
60 4 5 423
60 4 6 468
60 4 7 448
60 4 8 406
60 4 9 305
60 4 10 447
60 5 3 404
60 5 4 436
60 5 5 438
60 5 6 442
60 5 7 426
60 5 8 453
60 5 9 450
60 5 10 453
60 6 3 438
60 6 4 450
60 6 5 430
60 6 6 394
60 6 7 422
60 6 8 448
60 6 9 447
60 6 10 448
60 7 3 435
60 7 4 440
60 7 5 425
60 7 6 455
60 7 7 454
60 7 8 424
60 7 9 459
60 7 10 458
60 8 3 431
60 8 4 431
60 8 5 439
60 8 6 424
60 8 7 437
60 8 8 362
60 8 9 389
60 8 10 455
60 9 3 428
60 9 4 463
60 9 5 448
60 9 6 447
60 9 7 430
60 9 8 437
60 9 9 431
60 9 10 440
80 0 3 773
80 0 4 786
80 0 5 793
80 0 6 784
80 0 7 788
80 0 8 792
80 0 9 783
80 0 10 779
80 1 3 783
80 1 4 770
80 1 5 770
80 1 6 814
80 1 7 802
80 1 8 791
80 1 9 787
80 1 10 812
80 2 3 712
80 2 4 809
80 2 5 772
80 2 6 762
80 2 7 808
80 2 8 774
80 2 9 765
80 2 10 748
80 3 3 758
80 3 4 809
80 3 5 795
80 3 6 790
80 3 7 807
80 3 8 777
80 3 9 784
80 3 10 807
80 4 3 801
80 4 4 782
80 4 5 777
80 4 6 786
80 4 7 783
80 4 8 782
80 4 9 794
80 4 10 798
80 5 3 743
80 5 4 796
80 5 5 807
80 5 6 788
80 5 7 764
80 5 8 740
80 5 9 757
80 5 10 713
80 6 3 785
80 6 4 775
80 6 5 771
80 6 6 764
80 6 7 817
80 6 8 797
80 6 9 787
80 6 10 794
80 7 3 719
80 7 4 810
80 7 5 813
80 7 6 802
80 7 7 754
80 7 8 782
80 7 9 771
80 7 10 793
80 8 3 790
80 8 4 789
80 8 5 784
80 8 6 760
80 8 7 784
80 8 8 807
80 8 9 797
80 8 10 720
80 9 3 797
80 9 4 736
80 9 5 823
80 9 6 733
80 9 7 763
80 9 8 785
80 9 9 793
80 9 10 789
100 0 3 1213
100 0 4 1240
100 0 5 1208
100 0 6 1227
100 0 7 1231
100 0 8 1240
100 0 9 1224
100 0 10 1170
100 1 3 1232
100 1 4 1274
100 1 5 1254
100 1 6 1214
100 1 7 1286
100 1 8 1278
100 1 9 1211
100 1 10 1272
100 2 3 1227
100 2 4 1143
100 2 5 1018
100 2 6 1222
100 2 7 1221
100 2 8 1217
100 2 9 1207
100 2 10 1156
100 3 3 1227
100 3 4 1263
100 3 5 1166
100 3 6 1267
100 3 7 1252
100 3 8 1237
100 3 9 1248
100 3 10 1196
100 4 3 1219
100 4 4 1217
100 4 5 1242
100 4 6 1252
100 4 7 1256
100 4 8 1224
100 4 9 1266
100 4 10 1133
100 5 3 1250
100 5 4 1222
100 5 5 1222
100 5 6 1208
100 5 7 1254
100 5 8 1219
100 5 9 1259
100 5 10 1216
100 6 3 1237
100 6 4 1196
100 6 5 1154
100 6 6 1176
100 6 7 1233
100 6 8 1210
100 6 9 1192
100 6 10 1097
100 7 3 1206
100 7 4 1253
100 7 5 1196
100 7 6 1246
100 7 7 1227
100 7 8 1226
100 7 9 1266
100 7 10 1248
100 8 3 1236
100 8 4 1218
100 8 5 1230
100 8 6 1248
100 8 7 1250
100 8 8 1236
100 8 9 1238
100 8 10 1226
100 9 3 1260
100 9 4 1221
100 9 5 1225
100 9 6 1213
100 9 7 1238
100 9 8 1223
100 9 9 1233
100 9 10 1086
