60 0 0 432
60 0 1 440
60 0 2 436
60 1 0 450
60 1 1 440
60 1 2 442
60 2 0 416
60 2 1 433
60 2 2 344
60 3 0 406
60 3 1 455
60 3 2 440
60 4 0 442
60 4 1 399
60 4 2 447
60 5 0 444
60 5 1 427
60 5 2 454
60 6 0 447
60 6 1 417
60 6 2 421
60 7 0 445
60 7 1 447
60 7 2 464
60 8 0 442
60 8 1 458
60 8 2 407
60 9 0 450
60 9 1 450
60 9 2 455
80 0 0 774
80 0 1 694
80 0 2 780
80 1 0 794
80 1 1 815
80 1 2 753
80 2 0 792
80 2 1 811
80 2 2 764
80 3 0 794
80 3 1 813
80 3 2 816
80 4 0 789
80 4 1 737
80 4 2 798
80 5 0 783
80 5 1 767
80 5 2 744
80 6 0 781
80 6 1 759
80 6 2 786
80 7 0 774
80 7 1 743
80 7 2 798
80 8 0 722
80 8 1 820
80 8 2 798
80 9 0 768
80 9 1 784
80 9 2 787
100 0 0 1257
100 0 1 1256
100 0 2 1247
100 1 0 1247
100 1 1 1213
100 1 2 1269
100 2 0 1211
100 2 1 1213
100 2 2 1221
100 3 0 1201
100 3 1 1232
100 3 2 1211
100 4 0 1244
100 4 1 1243
100 4 2 1165
100 5 0 1233
100 5 1 1241
100 5 2 1167
100 6 0 1137
100 6 1 1257
100 6 2 1257
100 7 0 1198
100 7 1 1266
100 7 2 1250
100 8 0 1238
100 8 1 1116
100 8 2 1190
100 9 0 1201
100 9 1 1226
100 9 2 1249
60 0 3 441
60 0 4 428
60 0 5 457
60 0 6 448
60 0 7 438
60 0 8 445
60 0 9 404
60 0 10 455
60 1 3 441
60 1 4 427
60 1 5 435
60 1 6 411
60 1 7 421
60 1 8 435
60 1 9 455
60 1 10 441
60 2 3 320
60 2 4 445
60 2 5 437
60 2 6 415
60 2 7 426
60 2 8 428
60 2 9 436
60 2 10 398
60 3 3 442
60 3 4 448
60 3 5 442
60 3 6 425
60 3 7 434
60 3 8 431
60 3 9 427
60 3 10 437
60 4 3 460
60 4 4 427
60 4 5 413
60 4 6 429
60 4 7 450
60 4 8 437
60 4 9 417
60 4 10 449
60 5 3 442
60 5 4 414
60 5 5 440
60 5 6 400
60 5 7 451
60 5 8 426
60 5 9 458
60 5 10 464
60 6 3 448
60 6 4 435
60 6 5 403
60 6 6 444
60 6 7 438
60 6 8 446
60 6 9 444
60 6 10 448
60 7 3 438
60 7 4 438
60 7 5 411
60 7 6 430
60 7 7 432
60 7 8 430
60 7 9 432
60 7 10 433
60 8 3 444
60 8 4 449
60 8 5 430
60 8 6 430
60 8 7 424
60 8 8 457
60 8 9 421
60 8 10 435
60 9 3 431
60 9 4 412
60 9 5 434
60 9 6 449
60 9 7 432
60 9 8 426
60 9 9 421
60 9 10 451
80 0 3 759
80 0 4 737
80 0 5 803
80 0 6 760
80 0 7 782
80 0 8 807
80 0 9 792
80 0 10 792
80 1 3 788
80 1 4 801
80 1 5 801
80 1 6 797
80 1 7 784
80 1 8 762
80 1 9 782
80 1 10 800
80 2 3 750
80 2 4 763
80 2 5 767
80 2 6 756
80 2 7 746
80 2 8 721
80 2 9 782
80 2 10 746
80 3 3 793
80 3 4 781
80 3 5 817
80 3 6 711
80 3 7 771
80 3 8 782
80 3 9 790
80 3 10 792
80 4 3 818
80 4 4 812
80 4 5 814
80 4 6 786
80 4 7 776
80 4 8 783
80 4 9 790
80 4 10 774
80 5 3 810
80 5 4 776
80 5 5 776
80 5 6 786
80 5 7 775
80 5 8 801
80 5 9 776
80 5 10 786
80 6 3 759
80 6 4 804
80 6 5 808
80 6 6 779
80 6 7 774
80 6 8 814
80 6 9 807
80 6 10 791
80 7 3 778
80 7 4 804
80 7 5 782
80 7 6 776
80 7 7 818
80 7 8 785
80 7 9 831
80 7 10 774
80 8 3 682
80 8 4 799
80 8 5 746
80 8 6 776
80 8 7 750
80 8 8 731
80 8 9 781
80 8 10 789
80 9 3 772
80 9 4 722
80 9 5 787
80 9 6 800
80 9 7 779
80 9 8 818
80 9 9 726
80 9 10 789
100 0 3 1215
100 0 4 1098
100 0 5 1217
100 0 6 1224
100 0 7 1246
100 0 8 1227
100 0 9 1263
100 0 10 1263
100 1 3 1229
100 1 4 1242
100 1 5 1249
100 1 6 1243
100 1 7 1239
100 1 8 1236
100 1 9 1250
100 1 10 1209
100 2 3 1247
100 2 4 1248
100 2 5 1216
100 2 6 1226
100 2 7 1207
100 2 8 1231
100 2 9 1227
100 2 10 1232
100 3 3 1226
100 3 4 1235
100 3 5 1201
100 3 6 1217
100 3 7 1217
100 3 8 1198
100 3 9 1213
100 3 10 1237
100 4 3 1241
100 4 4 1275
100 4 5 1219
100 4 6 1237
100 4 7 1254
100 4 8 1281
100 4 9 1244
100 4 10 1256
100 5 3 1272
100 5 4 1213
100 5 5 1193
100 5 6 1241
100 5 7 1263
100 5 8 1215
100 5 9 1249
100 5 10 1238
100 6 3 1226
100 6 4 1241
100 6 5 1247
100 6 6 1237
100 6 7 1249
100 6 8 1245
100 6 9 1199
100 6 10 1242
100 7 3 1203
100 7 4 1179
100 7 5 1226
100 7 6 1259
100 7 7 1256
100 7 8 1110
100 7 9 1250
100 7 10 1254
100 8 3 1248
100 8 4 1210
100 8 5 1213
100 8 6 1245
100 8 7 1229
100 8 8 1239
100 8 9 1222
100 8 10 1222
100 9 3 1246
100 9 4 1243
100 9 5 1233
100 9 6 1230
100 9 7 1218
100 9 8 1275
100 9 9 1227
100 9 10 1205
