60 0 0 464
60 0 1 423
60 0 2 419
60 1 0 446
60 1 1 442
60 1 2 437
60 2 0 442
60 2 1 429
60 2 2 434
60 3 0 437
60 3 1 445
60 3 2 438
60 4 0 438
60 4 1 439
60 4 2 405
60 5 0 448
60 5 1 467
60 5 2 415
60 6 0 438
60 6 1 350
60 6 2 429
60 7 0 404
60 7 1 423
60 7 2 442
60 8 0 428
60 8 1 405
60 8 2 458
60 9 0 439
60 9 1 420
60 9 2 432
80 0 0 742
80 0 1 786
80 0 2 703
80 1 0 647
80 1 1 780
80 1 2 773
80 2 0 775
80 2 1 762
80 2 2 685
80 3 0 797
80 3 1 780
80 3 2 789
80 4 0 793
80 4 1 765
80 4 2 710
80 5 0 791
80 5 1 817
80 5 2 794
80 6 0 765
80 6 1 784
80 6 2 776
80 7 0 792
80 7 1 670
80 7 2 765
80 8 0 791
80 8 1 728
80 8 2 769
80 9 0 762
80 9 1 810
80 9 2 793
100 0 0 1161
100 0 1 1191
100 0 2 1244
100 1 0 1242
100 1 1 1255
100 1 2 1271
100 2 0 1233
100 2 1 1126
100 2 2 1231
100 3 0 1105
100 3 1 1160
100 3 2 1193
100 4 0 911
100 4 1 1241
100 4 2 1238
100 5 0 1189
100 5 1 1224
100 5 2 1221
100 6 0 1213
100 6 1 1228
100 6 2 1226
100 7 0 1224
100 7 1 1221
100 7 2 1252
100 8 0 1241
100 8 1 1137
100 8 2 1231
100 9 0 1241
100 9 1 1257
100 9 2 1237
60 0 3 444
60 0 4 335
60 0 5 351
60 0 6 424
60 0 7 433
60 0 8 402
60 0 9 455
60 0 10 410
60 1 3 418
60 1 4 408
60 1 5 421
60 1 6 452
60 1 7 432
60 1 8 441
60 1 9 437
60 1 10 385
60 2 3 417
60 2 4 434
60 2 5 423
60 2 6 412
60 2 7 409
60 2 8 440
60 2 9 432
60 2 10 419
60 3 3 444
60 3 4 395
60 3 5 427
60 3 6 441
60 3 7 426
60 3 8 450
60 3 9 443
60 3 10 435
60 4 3 437
60 4 4 442
60 4 5 448
60 4 6 415
60 4 7 405
60 4 8 431
60 4 9 442
60 4 10 419
60 5 3 421
60 5 4 350
60 5 5 412
60 5 6 431
60 5 7 428
60 5 8 438
60 5 9 410
60 5 10 448
60 6 3 402
60 6 4 393
60 6 5 295
60 6 6 444
60 6 7 437
60 6 8 402
60 6 9 427
60 6 10 414
60 7 3 444
60 7 4 445
60 7 5 431
60 7 6 446
60 7 7 392
60 7 8 424
60 7 9 431
60 7 10 404
60 8 3 428
60 8 4 441
60 8 5 403
60 8 6 403
60 8 7 434
60 8 8 443
60 8 9 451
60 8 10 412
60 9 3 414
60 9 4 437
60 9 5 443
60 9 6 429
60 9 7 452
60 9 8 424
60 9 9 447
60 9 10 437
80 0 3 770
80 0 4 788
80 0 5 778
80 0 6 756
80 0 7 782
80 0 8 774
80 0 9 783
80 0 10 796
80 1 3 748
80 1 4 706
80 1 5 729
80 1 6 800
80 1 7 795
80 1 8 800
80 1 9 783
80 1 10 744
80 2 3 780
80 2 4 802
80 2 5 787
80 2 6 776
80 2 7 728
80 2 8 764
80 2 9 770
80 2 10 785
80 3 3 739
80 3 4 777
80 3 5 787
80 3 6 718
80 3 7 788
80 3 8 733
80 3 9 806
80 3 10 782
80 4 3 761
80 4 4 784
80 4 5 770
80 4 6 728
80 4 7 759
80 4 8 778
80 4 9 680
80 4 10 775
80 5 3 738
80 5 4 728
80 5 5 801
80 5 6 799
80 5 7 786
80 5 8 772
80 5 9 796
80 5 10 783
80 6 3 799
80 6 4 791
80 6 5 786
80 6 6 786
80 6 7 735
80 6 8 757
80 6 9 759
80 6 10 787
80 7 3 787
80 7 4 806
80 7 5 793
80 7 6 774
80 7 7 706
80 7 8 732
80 7 9 756
80 7 10 741
80 8 3 712
80 8 4 750
80 8 5 743
80 8 6 793
80 8 7 769
80 8 8 820
80 8 9 773
80 8 10 705
80 9 3 783
80 9 4 670
80 9 5 775
80 9 6 800
80 9 7 763
80 9 8 754
80 9 9 810
80 9 10 784
100 0 3 1101
100 0 4 1245
100 0 5 1229
100 0 6 1193
100 0 7 1213
100 0 8 1231
100 0 9 1243
100 0 10 1146
100 1 3 1136
100 1 4 1176
100 1 5 1197
100 1 6 1216
100 1 7 1231
100 1 8 1217
100 1 9 1243
100 1 10 1221
100 2 3 1232
100 2 4 1236
100 2 5 1243
100 2 6 1230
100 2 7 1108
100 2 8 1253
100 2 9 1218
100 2 10 1196
100 3 3 1261
100 3 4 1245
100 3 5 1246
100 3 6 1158
100 3 7 1246
100 3 8 1171
100 3 9 1244
100 3 10 1201
100 4 3 1234
100 4 4 1217
100 4 5 1206
100 4 6 1204
100 4 7 1202
100 4 8 1225
100 4 9 1249
100 4 10 1230
100 5 3 1224
100 5 4 1209
100 5 5 1245
100 5 6 1220
100 5 7 1242
100 5 8 1201
100 5 9 1196
100 5 10 1258
100 6 3 1229
100 6 4 1207
100 6 5 1233
100 6 6 1174
100 6 7 1154
100 6 8 1246
100 6 9 1192
100 6 10 1217
100 7 3 1156
100 7 4 1224
100 7 5 1088
100 7 6 1222
100 7 7 1209
100 7 8 1254
100 7 9 1260
100 7 10 1220
100 8 3 1246
100 8 4 1249
100 8 5 1258
100 8 6 1239
100 8 7 1230
100 8 8 1242
100 8 9 1179
100 8 10 1233
100 9 3 1237
100 9 4 1238
100 9 5 1205
100 9 6 1075
100 9 7 1123
100 9 8 1233
100 9 9 1258
100 9 10 1183
