60 0 0 442
60 0 1 425
60 0 2 436
60 1 0 443
60 1 1 441
60 1 2 424
60 2 0 452
60 2 1 434
60 2 2 453
60 3 0 445
60 3 1 447
60 3 2 443
60 4 0 453
60 4 1 458
60 4 2 457
60 5 0 443
60 5 1 426
60 5 2 405
60 6 0 422
60 6 1 441
60 6 2 417
60 7 0 449
60 7 1 417
60 7 2 445
60 8 0 437
60 8 1 464
60 8 2 442
60 9 0 409
60 9 1 457
60 9 2 447
80 0 0 742
80 0 1 755
80 0 2 786
80 1 0 782
80 1 1 788
80 1 2 779
80 2 0 784
80 2 1 742
80 2 2 793
80 3 0 795
80 3 1 812
80 3 2 787
80 4 0 767
80 4 1 799
80 4 2 795
80 5 0 748
80 5 1 812
80 5 2 772
80 6 0 791
80 6 1 795
80 6 2 774
80 7 0 761
80 7 1 765
80 7 2 794
80 8 0 768
80 8 1 808
80 8 2 795
80 9 0 776
80 9 1 776
80 9 2 772
100 0 0 1231
100 0 1 1213
100 0 2 1186
100 1 0 1216
100 1 1 1235
100 1 2 1250
100 2 0 1203
100 2 1 1255
100 2 2 1262
100 3 0 1205
100 3 1 1233
100 3 2 1185
100 4 0 1226
100 4 1 1232
100 4 2 1253
100 5 0 1243
100 5 1 1196
100 5 2 1243
100 6 0 1261
100 6 1 1216
100 6 2 1197
100 7 0 1245
100 7 1 1250
100 7 2 1142
100 8 0 1225
100 8 1 1194
100 8 2 1262
100 9 0 1213
100 9 1 1230
100 9 2 1215
60 0 3 439
60 0 4 412
60 0 5 431
60 0 6 443
60 0 7 453
60 0 8 459
60 0 9 445
60 0 10 428
60 1 3 402
60 1 4 436
60 1 5 429
60 1 6 449
60 1 7 420
60 1 8 445
60 1 9 420
60 1 10 439
60 2 3 443
60 2 4 403
60 2 5 441
60 2 6 430
60 2 7 363
60 2 8 428
60 2 9 376
60 2 10 405
60 3 3 436
60 3 4 415
60 3 5 449
60 3 6 451
60 3 7 426
60 3 8 437
60 3 9 434
60 3 10 404
60 4 3 451
60 4 4 460
60 4 5 394
60 4 6 407
60 4 7 451
60 4 8 448
60 4 9 408
60 4 10 424
60 5 3 461
60 5 4 427
60 5 5 411
60 5 6 447
60 5 7 389
60 5 8 418
60 5 9 400
60 5 10 458
60 6 3 420
60 6 4 448
60 6 5 382
60 6 6 418
60 6 7 456
60 6 8 450
60 6 9 388
60 6 10 442
60 7 3 454
60 7 4 437
60 7 5 447
60 7 6 430
60 7 7 464
60 7 8 422
60 7 9 437
60 7 10 436
60 8 3 431
60 8 4 473
60 8 5 439
60 8 6 452
60 8 7 447
60 8 8 402
60 8 9 464
60 8 10 437
60 9 3 447
60 9 4 454
60 9 5 448
60 9 6 436
60 9 7 450
60 9 8 447
60 9 9 421
60 9 10 455
80 0 3 787
80 0 4 782
80 0 5 767
80 0 6 798
80 0 7 773
80 0 8 744
80 0 9 785
80 0 10 804
80 1 3 758
80 1 4 785
80 1 5 770
80 1 6 751
80 1 7 813
80 1 8 793
80 1 9 771
80 1 10 804
80 2 3 766
80 2 4 797
80 2 5 803
80 2 6 822
80 2 7 809
80 2 8 786
80 2 9 794
80 2 10 765
80 3 3 796
80 3 4 811
80 3 5 771
80 3 6 821
80 3 7 757
80 3 8 795
80 3 9 792
80 3 10 819
80 4 3 794
80 4 4 789
80 4 5 779
80 4 6 767
80 4 7 788
80 4 8 783
80 4 9 794
80 4 10 803
80 5 3 811
80 5 4 787
80 5 5 744
80 5 6 799
80 5 7 677
80 5 8 788
80 5 9 746
80 5 10 780
80 6 3 793
80 6 4 734
80 6 5 792
80 6 6 783
80 6 7 805
80 6 8 782
80 6 9 783
80 6 10 818
80 7 3 780
80 7 4 783
80 7 5 789
80 7 6 771
80 7 7 803
80 7 8 795
80 7 9 790
80 7 10 764
80 8 3 784
80 8 4 801
80 8 5 802
80 8 6 794
80 8 7 752
80 8 8 812
80 8 9 789
80 8 10 817
80 9 3 787
80 9 4 814
80 9 5 818
80 9 6 790
80 9 7 754
80 9 8 797
80 9 9 812
80 9 10 789
100 0 3 1177
100 0 4 1213
100 0 5 1246
100 0 6 1240
100 0 7 1206
100 0 8 1191
100 0 9 1212
100 0 10 1222
100 1 3 1203
100 1 4 1231
100 1 5 1257
100 1 6 1241
100 1 7 1182
100 1 8 1237
100 1 9 1214
100 1 10 1225
100 2 3 1257
100 2 4 1265
100 2 5 1122
100 2 6 1226
100 2 7 1243
100 2 8 1054
100 2 9 1206
100 2 10 1210
100 3 3 1199
100 3 4 1193
100 3 5 1053
100 3 6 1276
100 3 7 1225
100 3 8 1247
100 3 9 1181
100 3 10 1223
100 4 3 1221
100 4 4 1220
100 4 5 1215
100 4 6 1227
100 4 7 1186
100 4 8 1220
100 4 9 1267
100 4 10 1200
100 5 3 1231
100 5 4 1234
100 5 5 1119
100 5 6 1255
100 5 7 1226
100 5 8 1239
100 5 9 1192
100 5 10 1209
100 6 3 1120
100 6 4 1249
100 6 5 1244
100 6 6 1201
100 6 7 1207
100 6 8 1179
100 6 9 1201
100 6 10 1247
100 7 3 1231
100 7 4 1245
100 7 5 1201
100 7 6 1212
100 7 7 1216
100 7 8 1225
100 7 9 1169
100 7 10 1268
100 8 3 1212
100 8 4 1215
100 8 5 1208
100 8 6 1233
100 8 7 1251
100 8 8 1193
100 8 9 1229
100 8 10 1116
100 9 3 1236
100 9 4 1272
100 9 5 1258
100 9 6 1254
100 9 7 1205
100 9 8 1221
100 9 9 1235
100 9 10 1209
