60 0 0 446
60 0 1 420
60 0 2 465
60 1 0 456
60 1 1 458
60 1 2 447
60 2 0 375
60 2 1 445
60 2 2 443
60 3 0 444
60 3 1 448
60 3 2 448
60 4 0 443
60 4 1 440
60 4 2 428
60 5 0 454
60 5 1 427
60 5 2 451
60 6 0 424
60 6 1 423
60 6 2 437
60 7 0 437
60 7 1 410
60 7 2 439
60 8 0 429
60 8 1 405
60 8 2 447
60 9 0 407
60 9 1 434
60 9 2 427
80 0 0 773
80 0 1 814
80 0 2 738
80 1 0 702
80 1 1 783
80 1 2 770
80 2 0 797
80 2 1 775
80 2 2 756
80 3 0 764
80 3 1 799
80 3 2 751
80 4 0 789
80 4 1 815
80 4 2 809
80 5 0 793
80 5 1 796
80 5 2 759
80 6 0 769
80 6 1 762
80 6 2 766
80 7 0 798
80 7 1 766
80 7 2 790
80 8 0 783
80 8 1 780
80 8 2 754
80 9 0 785
80 9 1 775
80 9 2 728
100 0 0 1183
100 0 1 1228
100 0 2 1239
100 1 0 1230
100 1 1 1277
100 1 2 1248
100 2 0 1193
100 2 1 1261
100 2 2 1276
100 3 0 1235
100 3 1 1209
100 3 2 1233
100 4 0 1211
100 4 1 1150
100 4 2 1195
100 5 0 1226
100 5 1 1224
100 5 2 1206
100 6 0 1206
100 6 1 1222
100 6 2 1241
100 7 0 1190
100 7 1 1227
100 7 2 1207
100 8 0 1206
100 8 1 1243
100 8 2 1117
100 9 0 1222
100 9 1 1241
100 9 2 1228
60 0 3 436
60 0 4 415
60 0 5 440
60 0 6 433
60 0 7 447
60 0 8 420
60 0 9 404
60 0 10 457
60 1 3 445
60 1 4 442
60 1 5 399
60 1 6 457
60 1 7 469
60 1 8 448
60 1 9 464
60 1 10 438
60 2 3 354
60 2 4 384
60 2 5 417
60 2 6 417
60 2 7 444
60 2 8 456
60 2 9 426
60 2 10 452
60 3 3 331
60 3 4 461
60 3 5 465
60 3 6 434
60 3 7 418
60 3 8 445
60 3 9 424
60 3 10 381
60 4 3 456
60 4 4 419
60 4 5 439
60 4 6 435
60 4 7 426
60 4 8 407
60 4 9 440
60 4 10 403
60 5 3 426
60 5 4 434
60 5 5 435
60 5 6 405
60 5 7 431
60 5 8 431
60 5 9 428
60 5 10 423
60 6 3 441
60 6 4 423
60 6 5 451
60 6 6 455
60 6 7 434
60 6 8 433
60 6 9 445
60 6 10 444
60 7 3 439
60 7 4 448
60 7 5 426
60 7 6 450
60 7 7 437
60 7 8 453
60 7 9 393
60 7 10 429
60 8 3 444
60 8 4 409
60 8 5 414
60 8 6 393
60 8 7 455
60 8 8 430
60 8 9 434
60 8 10 449
60 9 3 443
60 9 4 442
60 9 5 433
60 9 6 447
60 9 7 458
60 9 8 448
60 9 9 460
60 9 10 419
80 0 3 780
80 0 4 780
80 0 5 804
80 0 6 785
80 0 7 790
80 0 8 753
80 0 9 804
80 0 10 762
80 1 3 806
80 1 4 787
80 1 5 799
80 1 6 774
80 1 7 803
80 1 8 719
80 1 9 795
80 1 10 791
80 2 3 823
80 2 4 758
80 2 5 814
80 2 6 676
80 2 7 742
80 2 8 744
80 2 9 799
80 2 10 763
80 3 3 715
80 3 4 755
80 3 5 779
80 3 6 796
80 3 7 812
80 3 8 789
80 3 9 789
80 3 10 769
80 4 3 775
80 4 4 773
80 4 5 698
80 4 6 807
80 4 7 775
80 4 8 809
80 4 9 766
80 4 10 814
80 5 3 795
80 5 4 782
80 5 5 744
80 5 6 788
80 5 7 784
80 5 8 785
80 5 9 778
80 5 10 787
80 6 3 774
80 6 4 800
80 6 5 807
80 6 6 810
80 6 7 785
80 6 8 799
80 6 9 749
80 6 10 804
80 7 3 772
80 7 4 792
80 7 5 690
80 7 6 772
80 7 7 818
80 7 8 806
80 7 9 811
80 7 10 792
80 8 3 807
80 8 4 747
80 8 5 788
80 8 6 747
80 8 7 720
80 8 8 768
80 8 9 779
80 8 10 776
80 9 3 785
80 9 4 803
80 9 5 766
80 9 6 784
80 9 7 791
80 9 8 777
80 9 9 799
80 9 10 771
100 0 3 1182
100 0 4 1221
100 0 5 1206
100 0 6 1216
100 0 7 1210
100 0 8 1218
100 0 9 1222
100 0 10 1206
100 1 3 1232
100 1 4 1276
100 1 5 1203
100 1 6 1248
100 1 7 1257
100 1 8 1208
100 1 9 1225
100 1 10 1184
100 2 3 1235
100 2 4 1225
100 2 5 1180
100 2 6 1263
100 2 7 1220
100 2 8 1091
100 2 9 1236
100 2 10 1247
100 3 3 1195
100 3 4 1222
100 3 5 1228
100 3 6 1227
100 3 7 1232
100 3 8 1234
100 3 9 1252
100 3 10 1062
100 4 3 1147
100 4 4 1214
100 4 5 1249
100 4 6 1101
100 4 7 1188
100 4 8 1240
100 4 9 1191
100 4 10 1261
100 5 3 1219
100 5 4 1186
100 5 5 1250
100 5 6 1219
100 5 7 1260
100 5 8 1197
100 5 9 1204
100 5 10 1240
100 6 3 1250
100 6 4 1223
100 6 5 1218
100 6 6 1225
100 6 7 1237
100 6 8 1239
100 6 9 1184
100 6 10 1246
100 7 3 1238
100 7 4 1236
100 7 5 1235
100 7 6 1253
100 7 7 1223
100 7 8 1204
100 7 9 1227
100 7 10 1110
100 8 3 1226
100 8 4 1154
100 8 5 1238
100 8 6 1233
100 8 7 1112
100 8 8 1189
100 8 9 1146
100 8 10 1173
100 9 3 1205
100 9 4 1259
100 9 5 1230
100 9 6 1238
100 9 7 1174
100 9 8 1233
100 9 9 1206
100 9 10 1209
