60 0 0 420
60 0 1 456
60 0 2 414
60 1 0 420
60 1 1 442
60 1 2 437
60 2 0 422
60 2 1 368
60 2 2 413
60 3 0 402
60 3 1 444
60 3 2 437
60 4 0 464
60 4 1 393
60 4 2 434
60 5 0 449
60 5 1 446
60 5 2 455
60 6 0 437
60 6 1 434
60 6 2 467
60 7 0 448
60 7 1 422
60 7 2 428
60 8 0 429
60 8 1 457
60 8 2 438
60 9 0 446
60 9 1 446
60 9 2 463
80 0 0 777
80 0 1 813
80 0 2 806
80 1 0 733
80 1 1 767
80 1 2 774
80 2 0 767
80 2 1 771
80 2 2 802
80 3 0 786
80 3 1 784
80 3 2 778
80 4 0 767
80 4 1 797
80 4 2 807
80 5 0 807
80 5 1 779
80 5 2 730
80 6 0 809
80 6 1 762
80 6 2 725
80 7 0 792
80 7 1 772
80 7 2 756
80 8 0 769
80 8 1 787
80 8 2 781
80 9 0 795
80 9 1 714
80 9 2 778
100 0 0 1200
100 0 1 1227
100 0 2 1236
100 1 0 1224
100 1 1 1148
100 1 2 1199
100 2 0 1195
100 2 1 1175
100 2 2 1197
100 3 0 1201
100 3 1 1249
100 3 2 1246
100 4 0 1264
100 4 1 1248
100 4 2 1266
100 5 0 1251
100 5 1 1207
100 5 2 1240
100 6 0 1243
100 6 1 1186
100 6 2 1142
100 7 0 1245
100 7 1 1228
100 7 2 1242
100 8 0 1243
100 8 1 1213
100 8 2 1241
100 9 0 1256
100 9 1 1208
100 9 2 1233
60 0 3 434
60 0 4 432
60 0 5 427
60 0 6 426
60 0 7 427
60 0 8 448
60 0 9 433
60 0 10 438
60 1 3 432
60 1 4 398
60 1 5 428
60 1 6 443
60 1 7 417
60 1 8 451
60 1 9 436
60 1 10 414
60 2 3 449
60 2 4 447
60 2 5 428
60 2 6 450
60 2 7 472
60 2 8 449
60 2 9 438
60 2 10 434
60 3 3 411
60 3 4 443
60 3 5 450
60 3 6 431
60 3 7 423
60 3 8 444
60 3 9 440
60 3 10 394
60 4 3 415
60 4 4 430
60 4 5 436
60 4 6 441
60 4 7 376
60 4 8 436
60 4 9 413
60 4 10 448
60 5 3 458
60 5 4 464
60 5 5 423
60 5 6 422
60 5 7 441
60 5 8 454
60 5 9 439
60 5 10 443
60 6 3 431
60 6 4 455
60 6 5 420
60 6 6 449
60 6 7 436
60 6 8 415
60 6 9 450
60 6 10 460
60 7 3 419
60 7 4 434
60 7 5 444
60 7 6 406
60 7 7 452
60 7 8 410
60 7 9 429
60 7 10 435
60 8 3 434
60 8 4 351
60 8 5 431
60 8 6 460
60 8 7 457
60 8 8 438
60 8 9 380
60 8 10 418
60 9 3 453
60 9 4 417
60 9 5 450
60 9 6 435
60 9 7 430
60 9 8 361
60 9 9 425
60 9 10 467
80 0 3 761
80 0 4 774
80 0 5 759
80 0 6 752
80 0 7 799
80 0 8 767
80 0 9 794
80 0 10 715
80 1 3 737
80 1 4 802
80 1 5 778
80 1 6 640
80 1 7 801
80 1 8 672
80 1 9 769
80 1 10 784
80 2 3 778
80 2 4 806
80 2 5 746
80 2 6 726
80 2 7 820
80 2 8 766
80 2 9 736
80 2 10 788
80 3 3 815
80 3 4 763
80 3 5 736
80 3 6 794
80 3 7 816
80 3 8 761
80 3 9 794
80 3 10 799
80 4 3 759
80 4 4 785
80 4 5 759
80 4 6 801
80 4 7 790
80 4 8 775
80 4 9 743
80 4 10 765
80 5 3 764
80 5 4 706
80 5 5 743
80 5 6 781
80 5 7 797
80 5 8 816
80 5 9 775
80 5 10 781
80 6 3 817
80 6 4 722
80 6 5 735
80 6 6 757
80 6 7 779
80 6 8 813
80 6 9 777
80 6 10 822
80 7 3 783
80 7 4 782
80 7 5 790
80 7 6 785
80 7 7 730
80 7 8 814
80 7 9 789
80 7 10 777
80 8 3 796
80 8 4 773
80 8 5 801
80 8 6 813
80 8 7 804
80 8 8 782
80 8 9 761
80 8 10 770
80 9 3 808
80 9 4 801
80 9 5 757
80 9 6 812
80 9 7 822
80 9 8 809
80 9 9 743
80 9 10 807
100 0 3 1174
100 0 4 1207
100 0 5 1279
100 0 6 1161
100 0 7 1228
100 0 8 1247
100 0 9 1236
100 0 10 1249
100 1 3 1172
100 1 4 1248
100 1 5 1223
100 1 6 1252
100 1 7 1163
100 1 8 1236
100 1 9 1238
100 1 10 1276
100 2 3 1242
100 2 4 1183
100 2 5 1227
100 2 6 1218
100 2 7 1208
100 2 8 1210
100 2 9 1225
100 2 10 1141
100 3 3 1246
100 3 4 1239
100 3 5 1230
100 3 6 1279
100 3 7 1197
100 3 8 1252
100 3 9 1206
100 3 10 1250
100 4 3 1178
100 4 4 1236
100 4 5 1252
100 4 6 1235
100 4 7 1243
100 4 8 1237
100 4 9 1257
100 4 10 1244
100 5 3 1221
100 5 4 1223
100 5 5 1217
100 5 6 1242
100 5 7 1197
100 5 8 1188
100 5 9 1236
100 5 10 1227
100 6 3 1238
100 6 4 1246
100 6 5 1233
100 6 6 1227
100 6 7 1240
100 6 8 1156
100 6 9 1267
100 6 10 1201
100 7 3 1202
100 7 4 1179
100 7 5 1087
100 7 6 1226
100 7 7 1191
100 7 8 1213
100 7 9 1235
100 7 10 1278
100 8 3 1176
100 8 4 1278
100 8 5 1204
100 8 6 1242
100 8 7 1230
100 8 8 1223
100 8 9 1233
100 8 10 1203
100 9 3 1190
100 9 4 1211
100 9 5 1189
100 9 6 1212
100 9 7 1249
100 9 8 1221
100 9 9 1232
100 9 10 1255
