60 0 0 442
60 0 1 407
60 0 2 368
60 1 0 441
60 1 1 337
60 1 2 411
60 2 0 459
60 2 1 455
60 2 2 437
60 3 0 444
60 3 1 445
60 3 2 415
60 4 0 436
60 4 1 332
60 4 2 453
60 5 0 416
60 5 1 414
60 5 2 445
60 6 0 456
60 6 1 435
60 6 2 458
60 7 0 410
60 7 1 461
60 7 2 390
60 8 0 436
60 8 1 437
60 8 2 453
60 9 0 445
60 9 1 451
60 9 2 443
80 0 0 783
80 0 1 757
80 0 2 767
80 1 0 789
80 1 1 807
80 1 2 777
80 2 0 793
80 2 1 762
80 2 2 788
80 3 0 799
80 3 1 774
80 3 2 790
80 4 0 807
80 4 1 798
80 4 2 729
80 5 0 777
80 5 1 786
80 5 2 770
80 6 0 775
80 6 1 765
80 6 2 799
80 7 0 736
80 7 1 792
80 7 2 792
80 8 0 797
80 8 1 788
80 8 2 785
80 9 0 782
80 9 1 792
80 9 2 723
100 0 0 1202
100 0 1 1179
100 0 2 1161
100 1 0 1252
100 1 1 1228
100 1 2 1246
100 2 0 1218
100 2 1 1207
100 2 2 1177
100 3 0 1236
100 3 1 1220
100 3 2 1236
100 4 0 1219
100 4 1 1194
100 4 2 1167
100 5 0 1218
100 5 1 1120
100 5 2 1222
100 6 0 1234
100 6 1 1259
100 6 2 1261
100 7 0 1241
100 7 1 1196
100 7 2 1254
100 8 0 1214
100 8 1 1194
100 8 2 1258
100 9 0 1176
100 9 1 1236
100 9 2 1207
60 0 3 454
60 0 4 425
60 0 5 436
60 0 6 439
60 0 7 428
60 0 8 419
60 0 9 397
60 0 10 423
60 1 3 404
60 1 4 402
60 1 5 455
60 1 6 437
60 1 7 430
60 1 8 463
60 1 9 428
60 1 10 444
60 2 3 454
60 2 4 444
60 2 5 426
60 2 6 433
60 2 7 451
60 2 8 425
60 2 9 404
60 2 10 382
60 3 3 430
60 3 4 438
60 3 5 423
60 3 6 449
60 3 7 436
60 3 8 467
60 3 9 428
60 3 10 429
60 4 3 422
60 4 4 434
60 4 5 448
60 4 6 452
60 4 7 411
60 4 8 426
60 4 9 439
60 4 10 443
60 5 3 433
60 5 4 448
60 5 5 433
60 5 6 452
60 5 7 437
60 5 8 448
60 5 9 384
60 5 10 419
60 6 3 452
60 6 4 447
60 6 5 420
60 6 6 436
60 6 7 422
60 6 8 408
60 6 9 382
60 6 10 434
60 7 3 448
60 7 4 433
60 7 5 412
60 7 6 431
60 7 7 446
60 7 8 431
60 7 9 451
60 7 10 441
60 8 3 450
60 8 4 453
60 8 5 397
60 8 6 429
60 8 7 455
60 8 8 433
60 8 9 445
60 8 10 450
60 9 3 413
60 9 4 430
60 9 5 435
60 9 6 474
60 9 7 440
60 9 8 417
60 9 9 436
60 9 10 484
80 0 3 756
80 0 4 786
80 0 5 781
80 0 6 774
80 0 7 774
80 0 8 772
80 0 9 758
80 0 10 792
80 1 3 800
80 1 4 755
80 1 5 719
80 1 6 815
80 1 7 787
80 1 8 772
80 1 9 764
80 1 10 773
80 2 3 780
80 2 4 767
80 2 5 775
80 2 6 696
80 2 7 792
80 2 8 800
80 2 9 678
80 2 10 760
80 3 3 776
80 3 4 798
80 3 5 732
80 3 6 785
80 3 7 779
80 3 8 800
80 3 9 755
80 3 10 789
80 4 3 789
80 4 4 805
80 4 5 819
80 4 6 773
80 4 7 771
80 4 8 747
80 4 9 740
80 4 10 778
80 5 3 791
80 5 4 788
80 5 5 750
80 5 6 779
80 5 7 796
80 5 8 748
80 5 9 783
80 5 10 790
80 6 3 759
80 6 4 752
80 6 5 794
80 6 6 774
80 6 7 810
80 6 8 782
80 6 9 759
80 6 10 786
80 7 3 801
80 7 4 781
80 7 5 784
80 7 6 782
80 7 7 790
80 7 8 791
80 7 9 772
80 7 10 584
80 8 3 736
80 8 4 771
80 8 5 772
80 8 6 786
80 8 7 766
80 8 8 805
80 8 9 778
80 8 10 763
80 9 3 743
80 9 4 796
80 9 5 780
80 9 6 815
80 9 7 796
80 9 8 757
80 9 9 799
80 9 10 780
100 0 3 1249
100 0 4 1248
100 0 5 1237
100 0 6 1245
100 0 7 1210
100 0 8 1203
100 0 9 1146
100 0 10 1233
100 1 3 1260
100 1 4 1152
100 1 5 1284
100 1 6 1256
100 1 7 1211
100 1 8 1231
100 1 9 1216
100 1 10 1250
100 2 3 1248
100 2 4 1269
100 2 5 1255
100 2 6 1157
100 2 7 1189
100 2 8 1205
100 2 9 1263
100 2 10 1247
100 3 3 1278
100 3 4 1232
100 3 5 1252
100 3 6 1241
100 3 7 1231
100 3 8 1219
100 3 9 1209
100 3 10 1216
100 4 3 1244
100 4 4 1242
100 4 5 1228
100 4 6 1228
100 4 7 1231
100 4 8 1231
100 4 9 1252
100 4 10 1238
100 5 3 1258
100 5 4 1188
100 5 5 1259
100 5 6 1221
100 5 7 1243
100 5 8 1232
100 5 9 1226
100 5 10 1201
100 6 3 1276
100 6 4 1202
100 6 5 1225
100 6 6 1189
100 6 7 1234
100 6 8 1260
100 6 9 1189
100 6 10 1215
100 7 3 1160
100 7 4 1159
100 7 5 1229
100 7 6 1227
100 7 7 1142
100 7 8 1232
100 7 9 1254
100 7 10 1210
100 8 3 1175
100 8 4 1227
100 8 5 1243
100 8 6 1217
100 8 7 1226
100 8 8 1125
100 8 9 1151
100 8 10 1238
100 9 3 1239
100 9 4 1226
100 9 5 1017
100 9 6 1197
100 9 7 1231
100 9 8 1251
100 9 9 1173
100 9 10 1200
