60 0 0 380
60 0 1 428
60 0 2 412
60 1 0 442
60 1 1 430
60 1 2 431
60 2 0 446
60 2 1 438
60 2 2 429
60 3 0 434
60 3 1 439
60 3 2 424
60 4 0 348
60 4 1 441
60 4 2 460
60 5 0 398
60 5 1 453
60 5 2 467
60 6 0 461
60 6 1 445
60 6 2 453
60 7 0 439
60 7 1 431
60 7 2 437
60 8 0 431
60 8 1 388
60 8 2 447
60 9 0 441
60 9 1 441
60 9 2 415
80 0 0 769
80 0 1 770
80 0 2 767
80 1 0 806
80 1 1 783
80 1 2 787
80 2 0 813
80 2 1 768
80 2 2 788
80 3 0 761
80 3 1 799
80 3 2 780
80 4 0 787
80 4 1 794
80 4 2 710
80 5 0 788
80 5 1 781
80 5 2 779
80 6 0 723
80 6 1 778
80 6 2 785
80 7 0 786
80 7 1 737
80 7 2 816
80 8 0 779
80 8 1 782
80 8 2 781
80 9 0 780
80 9 1 781
80 9 2 799
100 0 0 1219
100 0 1 1268
100 0 2 1229
100 1 0 1251
100 1 1 1225
100 1 2 1249
100 2 0 1151
100 2 1 1245
100 2 2 1241
100 3 0 1273
100 3 1 1248
100 3 2 1238
100 4 0 1260
100 4 1 1163
100 4 2 1110
100 5 0 1229
100 5 1 1242
100 5 2 1235
100 6 0 1276
100 6 1 1260
100 6 2 1229
100 7 0 1229
100 7 1 1187
100 7 2 1210
100 8 0 1247
100 8 1 1231
100 8 2 1165
100 9 0 1250
100 9 1 1284
100 9 2 1248
60 0 3 423
60 0 4 468
60 0 5 430
60 0 6 363
60 0 7 440
60 0 8 440
60 0 9 403
60 0 10 397
60 1 3 445
60 1 4 426
60 1 5 463
60 1 6 437
60 1 7 429
60 1 8 447
60 1 9 445
60 1 10 445
60 2 3 424
60 2 4 437
60 2 5 446
60 2 6 453
60 2 7 449
60 2 8 437
60 2 9 423
60 2 10 455
60 3 3 443
60 3 4 448
60 3 5 465
60 3 6 403
60 3 7 443
60 3 8 446
60 3 9 421
60 3 10 433
60 4 3 442
60 4 4 419
60 4 5 432
60 4 6 432
60 4 7 459
60 4 8 431
60 4 9 452
60 4 10 435
60 5 3 453
60 5 4 438
60 5 5 428
60 5 6 451
60 5 7 432
60 5 8 409
60 5 9 426
60 5 10 443
60 6 3 450
60 6 4 453
60 6 5 423
60 6 6 446
60 6 7 456
60 6 8 440
60 6 9 424
60 6 10 462
60 7 3 434
60 7 4 439
60 7 5 364
60 7 6 448
60 7 7 449
60 7 8 446
60 7 9 426
60 7 10 436
60 8 3 396
60 8 4 440
60 8 5 439
60 8 6 451
60 8 7 432
60 8 8 454
60 8 9 435
60 8 10 428
60 9 3 417
60 9 4 440
60 9 5 398
60 9 6 409
60 9 7 427
60 9 8 453
60 9 9 447
60 9 10 462
80 0 3 796
80 0 4 721
80 0 5 760
80 0 6 806
80 0 7 786
80 0 8 803
80 0 9 783
80 0 10 779
80 1 3 680
80 1 4 772
80 1 5 788
80 1 6 829
80 1 7 770
80 1 8 779
80 1 9 780
80 1 10 802
80 2 3 686
80 2 4 785
80 2 5 780
80 2 6 785
80 2 7 774
80 2 8 767
80 2 9 789
80 2 10 787
80 3 3 743
80 3 4 784
80 3 5 774
80 3 6 792
80 3 7 786
80 3 8 786
80 3 9 786
80 3 10 745
80 4 3 771
80 4 4 798
80 4 5 775
80 4 6 789
80 4 7 792
80 4 8 807
80 4 9 792
80 4 10 809
80 5 3 761
80 5 4 772
80 5 5 760
80 5 6 769
80 5 7 801
80 5 8 803
80 5 9 812
80 5 10 736
80 6 3 769
80 6 4 783
80 6 5 788
80 6 6 779
80 6 7 764
80 6 8 810
80 6 9 739
80 6 10 800
80 7 3 626
80 7 4 763
80 7 5 771
80 7 6 791
80 7 7 739
80 7 8 797
80 7 9 790
80 7 10 819
80 8 3 738
80 8 4 772
80 8 5 794
80 8 6 773
80 8 7 731
80 8 8 748
80 8 9 765
80 8 10 816
80 9 3 757
80 9 4 785
80 9 5 796
80 9 6 788
80 9 7 789
80 9 8 723
80 9 9 797
80 9 10 746
100 0 3 1193
100 0 4 1254
100 0 5 1240
100 0 6 1256
100 0 7 1209
100 0 8 1238
100 0 9 1221
100 0 10 1190
100 1 3 1264
100 1 4 1233
100 1 5 1217
100 1 6 1246
100 1 7 1229
100 1 8 1231
100 1 9 1263
100 1 10 1249
100 2 3 1257
100 2 4 1189
100 2 5 1189
100 2 6 1239
100 2 7 1202
100 2 8 1223
100 2 9 1254
100 2 10 1244
100 3 3 1198
100 3 4 1174
100 3 5 1258
100 3 6 1258
100 3 7 1218
100 3 8 1233
100 3 9 1255
100 3 10 1176
100 4 3 1168
100 4 4 1229
100 4 5 1248
100 4 6 1258
100 4 7 1279
100 4 8 1162
100 4 9 1241
100 4 10 1254
100 5 3 1230
100 5 4 1223
100 5 5 1241
100 5 6 1230
100 5 7 1227
100 5 8 1186
100 5 9 1197
100 5 10 1208
100 6 3 1232
100 6 4 1236
100 6 5 1248
100 6 6 1209
100 6 7 1191
100 6 8 1248
100 6 9 1258
100 6 10 1253
100 7 3 1255
100 7 4 1240
100 7 5 1228
100 7 6 1223
100 7 7 1220
100 7 8 1205
100 7 9 1223
100 7 10 1209
100 8 3 1255
100 8 4 1233
100 8 5 1230
100 8 6 1234
100 8 7 1236
100 8 8 1218
100 8 9 1248
100 8 10 1255
100 9 3 1249
100 9 4 1262
100 9 5 1228
100 9 6 1257
100 9 7 1245
100 9 8 1269
100 9 9 1198
100 9 10 1211
