60 0 0 456
60 0 1 441
60 0 2 433
60 1 0 437
60 1 1 435
60 1 2 450
60 2 0 440
60 2 1 415
60 2 2 436
60 3 0 421
60 3 1 449
60 3 2 425
60 4 0 386
60 4 1 380
60 4 2 435
60 5 0 449
60 5 1 435
60 5 2 392
60 6 0 447
60 6 1 464
60 6 2 410
60 7 0 457
60 7 1 408
60 7 2 432
60 8 0 462
60 8 1 457
60 8 2 443
60 9 0 398
60 9 1 432
60 9 2 431
80 0 0 752
80 0 1 778
80 0 2 803
80 1 0 787
80 1 1 798
80 1 2 770
80 2 0 753
80 2 1 793
80 2 2 785
80 3 0 753
80 3 1 716
80 3 2 791
80 4 0 775
80 4 1 807
80 4 2 792
80 5 0 752
80 5 1 822
80 5 2 811
80 6 0 776
80 6 1 799
80 6 2 803
80 7 0 764
80 7 1 815
80 7 2 795
80 8 0 801
80 8 1 763
80 8 2 800
80 9 0 774
80 9 1 633
80 9 2 792
100 0 0 1226
100 0 1 1202
100 0 2 1236
100 1 0 1244
100 1 1 1182
100 1 2 1231
100 2 0 1248
100 2 1 1229
100 2 2 1217
100 3 0 1261
100 3 1 1270
100 3 2 1259
100 4 0 1204
100 4 1 1240
100 4 2 1231
100 5 0 1260
100 5 1 1231
100 5 2 1223
100 6 0 1253
100 6 1 1178
100 6 2 1234
100 7 0 1253
100 7 1 1237
100 7 2 1207
100 8 0 1117
100 8 1 1227
100 8 2 1273
100 9 0 1212
100 9 1 1246
100 9 2 1181
60 0 3 422
60 0 4 429
60 0 5 412
60 0 6 364
60 0 7 456
60 0 8 434
60 0 9 432
60 0 10 440
60 1 3 449
60 1 4 409
60 1 5 442
60 1 6 446
60 1 7 448
60 1 8 457
60 1 9 413
60 1 10 306
60 2 3 441
60 2 4 421
60 2 5 396
60 2 6 433
60 2 7 433
60 2 8 445
60 2 9 429
60 2 10 438
60 3 3 452
60 3 4 437
60 3 5 396
60 3 6 447
60 3 7 414
60 3 8 429
60 3 9 393
60 3 10 415
60 4 3 436
60 4 4 437
60 4 5 446
60 4 6 436
60 4 7 453
60 4 8 379
60 4 9 440
60 4 10 431
60 5 3 437
60 5 4 436
60 5 5 440
60 5 6 429
60 5 7 401
60 5 8 454
60 5 9 454
60 5 10 455
60 6 3 444
60 6 4 457
60 6 5 449
60 6 6 438
60 6 7 451
60 6 8 416
60 6 9 430
60 6 10 427
60 7 3 445
60 7 4 436
60 7 5 404
60 7 6 457
60 7 7 405
60 7 8 451
60 7 9 442
60 7 10 447
60 8 3 445
60 8 4 436
60 8 5 450
60 8 6 426
60 8 7 438
60 8 8 427
60 8 9 451
60 8 10 411
60 9 3 462
60 9 4 421
60 9 5 434
60 9 6 439
60 9 7 451
60 9 8 450
60 9 9 375
60 9 10 443
80 0 3 801
80 0 4 775
80 0 5 779
80 0 6 816
80 0 7 781
80 0 8 813
80 0 9 792
80 0 10 672
80 1 3 793
80 1 4 773
80 1 5 807
80 1 6 756
80 1 7 783
80 1 8 785
80 1 9 779
80 1 10 770
80 2 3 775
80 2 4 800
80 2 5 791
80 2 6 756
80 2 7 775
80 2 8 794
80 2 9 813
80 2 10 800
80 3 3 725
80 3 4 754
80 3 5 785
80 3 6 776
80 3 7 789
80 3 8 759
80 3 9 770
80 3 10 782
80 4 3 696
80 4 4 772
80 4 5 771
80 4 6 774
80 4 7 752
80 4 8 797
80 4 9 771
80 4 10 777
80 5 3 790
80 5 4 788
80 5 5 778
80 5 6 781
80 5 7 781
80 5 8 767
80 5 9 788
80 5 10 739
80 6 3 747
80 6 4 791
80 6 5 798
80 6 6 783
80 6 7 804
80 6 8 810
80 6 9 782
80 6 10 761
80 7 3 775
80 7 4 786
80 7 5 792
80 7 6 806
80 7 7 754
80 7 8 795
80 7 9 767
80 7 10 805
80 8 3 777
80 8 4 793
80 8 5 780
80 8 6 815
80 8 7 787
80 8 8 793
80 8 9 780
80 8 10 787
80 9 3 777
80 9 4 784
80 9 5 788
80 9 6 781
80 9 7 794
80 9 8 702
80 9 9 794
80 9 10 804
100 0 3 1218
100 0 4 1265
100 0 5 1230
100 0 6 1239
100 0 7 1222
100 0 8 1218
100 0 9 1242
100 0 10 1181
100 1 3 1209
100 1 4 1212
100 1 5 1241
100 1 6 1263
100 1 7 1229
100 1 8 1232
100 1 9 1215
100 1 10 1182
100 2 3 1169
100 2 4 1127
100 2 5 1256
100 2 6 1250
100 2 7 1232
100 2 8 1275
100 2 9 1192
100 2 10 1192
100 3 3 1285
100 3 4 1261
100 3 5 1240
100 3 6 1247
100 3 7 1242
100 3 8 1176
100 3 9 1270
100 3 10 1189
100 4 3 1262
100 4 4 1228
100 4 5 1230
100 4 6 1248
100 4 7 1259
100 4 8 1248
100 4 9 1232
100 4 10 1241
100 5 3 1237
100 5 4 1239
100 5 5 1232
100 5 6 1250
100 5 7 1139
100 5 8 1240
100 5 9 1220
100 5 10 1220
100 6 3 1226
100 6 4 1242
100 6 5 1259
100 6 6 1259
100 6 7 1241
100 6 8 1082
100 6 9 1191
100 6 10 1251
100 7 3 1128
100 7 4 1255
100 7 5 1227
100 7 6 1248
100 7 7 1241
100 7 8 1249
100 7 9 1213
100 7 10 1261
100 8 3 1230
100 8 4 1236
100 8 5 1234
100 8 6 1244
100 8 7 1251
100 8 8 1203
100 8 9 1197
100 8 10 1223
100 9 3 1247
100 9 4 1216
100 9 5 1231
100 9 6 1144
100 9 7 1252
100 9 8 1213
100 9 9 1226
100 9 10 1235
