60 0 0 59
60 0 1 173
60 0 2 65
60 0 3 413
60 0 4 147
60 0 5 94
60 0 6 147
60 0 7 94
60 0 8 378
60 0 9 147
60 1 0 197
60 1 1 64
60 1 2 433
60 1 3 335
60 1 4 89
60 1 5 157
60 1 6 89
60 1 7 272
60 1 8 183
60 1 9 144
60 2 0 47
60 2 1 118
60 2 2 88
60 2 3 118
60 2 4 88
60 2 5 30
60 2 6 88
60 2 7 58
60 2 8 147
60 2 9 147
60 3 0 161
60 3 1 444
60 3 2 57
60 3 3 85
60 3 4 55
60 3 5 55
60 3 6 332
60 3 7 135
60 3 8 371
60 3 9 183
60 4 0 111
60 4 1 114
60 4 2 88
60 4 3 403
60 4 4 232
60 4 5 63
60 4 6 114
60 4 7 114
60 4 8 114
60 4 9 114
60 5 0 307
60 5 1 264
60 5 2 210
60 5 3 334
60 5 4 276
60 5 5 90
60 5 6 267
60 5 7 90
60 5 8 142
60 5 9 414
60 6 0 378
60 6 1 315
60 6 2 233
60 6 3 113
60 6 4 88
60 6 5 88
60 6 6 247
60 6 7 88
60 6 8 88
60 6 9 88
60 7 0 398
60 7 1 436
60 7 2 143
60 7 3 118
60 7 4 118
60 7 5 88
60 7 6 118
60 7 7 118
60 7 8 118
60 7 9 118
60 8 0 35
60 8 1 217
60 8 2 89
60 8 3 415
60 8 4 115
60 8 5 143
60 8 6 56
60 8 7 89
60 8 8 67
60 8 9 123
60 9 0 85
60 9 1 119
60 9 2 142
60 9 3 142
60 9 4 142
60 9 5 94
60 9 6 66
60 9 7 93
60 9 8 114
60 9 9 355
80 0 0 180
80 0 1 691
80 0 2 79
80 0 3 79
80 0 4 180
80 0 5 779
80 0 6 38
80 0 7 180
80 0 8 754
80 0 9 716
80 1 0 163
80 1 1 104
80 1 2 138
80 1 3 183
80 1 4 164
80 1 5 70
80 1 6 287
80 1 7 774
80 1 8 71
80 1 9 138
80 2 0 332
80 2 1 120
80 2 2 728
80 2 3 787
80 2 4 165
80 2 5 186
80 2 6 751
80 2 7 647
80 2 8 186
80 2 9 777
80 3 0 186
80 3 1 342
80 3 2 557
80 3 3 764
80 3 4 186
80 3 5 748
80 3 6 611
80 3 7 186
80 3 8 348
80 3 9 430
80 4 0 292
80 4 1 115
80 4 2 195
80 4 3 159
80 4 4 260
80 4 5 250
80 4 6 190
80 4 7 174
80 4 8 117
80 4 9 354
80 5 0 526
80 5 1 569
80 5 2 217
80 5 3 252
80 5 4 689
80 5 5 181
80 5 6 727
80 5 7 211
80 5 8 217
80 5 9 727
80 6 0 247
80 6 1 165
80 6 2 357
80 6 3 432
80 6 4 716
80 6 5 594
80 6 6 533
80 6 7 199
80 6 8 618
80 6 9 418
80 7 0 247
80 7 1 122
80 7 2 39
80 7 3 247
80 7 4 37
80 7 5 39
80 7 6 155
80 7 7 208
80 7 8 81
80 7 9 120
80 8 0 690
80 8 1 590
80 8 2 80
80 8 3 601
80 8 4 178
80 8 5 173
80 8 6 109
80 8 7 730
80 8 8 173
80 8 9 142
80 9 0 526
80 9 1 134
80 9 2 384
80 9 3 342
80 9 4 172
80 9 5 767
80 9 6 734
80 9 7 455
80 9 8 576
80 9 9 338
100 0 0 1070
100 0 1 1204
100 0 2 1235
100 0 3 1248
100 0 4 906
100 0 5 232
100 0 6 600
100 0 7 974
100 0 8 988
100 0 9 875
100 1 0 286
100 1 1 609
100 1 2 320
100 1 3 438
100 1 4 320
100 1 5 270
100 1 6 1245
100 1 7 238
100 1 8 398
100 1 9 235
100 2 0 152
100 2 1 198
100 2 2 152
100 2 3 235
100 2 4 314
100 2 5 152
100 2 6 314
100 2 7 152
100 2 8 152
100 2 9 152
100 3 0 141
100 3 1 1189
100 3 2 453
100 3 3 282
100 3 4 957
100 3 5 187
100 3 6 186
100 3 7 235
100 3 8 236
100 3 9 141
100 4 0 397
100 4 1 1022
100 4 2 363
100 4 3 430
100 4 4 280
100 4 5 225
100 4 6 241
100 4 7 241
100 4 8 241
100 4 9 898
100 5 0 1254
100 5 1 294
100 5 2 1186
100 5 3 197
100 5 4 437
100 5 5 169
100 5 6 165
100 5 7 169
100 5 8 1143
100 5 9 412
100 6 0 181
100 6 1 504
100 6 2 181
100 6 3 504
100 6 4 947
100 6 5 1091
100 6 6 1212
100 6 7 581
100 6 8 504
100 6 9 181
100 7 0 917
100 7 1 146
100 7 2 851
100 7 3 1002
100 7 4 727
100 7 5 154
100 7 6 942
100 7 7 966
100 7 8 200
100 7 9 1200
100 8 0 567
100 8 1 605
100 8 2 1036
100 8 3 986
100 8 4 1217
100 8 5 763
100 8 6 833
100 8 7 469
100 8 8 211
100 8 9 1004
100 9 0 190
100 9 1 462
100 9 2 225
100 9 3 462
100 9 4 1247
100 9 5 321
100 9 6 190
100 9 7 275
100 9 8 321
100 9 9 226
