60 0 0 450
60 0 1 407
60 0 2 441
60 1 0 413
60 1 1 438
60 1 2 367
60 2 0 435
60 2 1 448
60 2 2 453
60 3 0 440
60 3 1 429
60 3 2 441
60 4 0 430
60 4 1 448
60 4 2 443
60 5 0 377
60 5 1 445
60 5 2 410
60 6 0 440
60 6 1 425
60 6 2 389
60 7 0 470
60 7 1 439
60 7 2 441
60 8 0 451
60 8 1 455
60 8 2 435
60 9 0 446
60 9 1 451
60 9 2 434
80 0 0 762
80 0 1 806
80 0 2 800
80 1 0 777
80 1 1 778
80 1 2 776
80 2 0 790
80 2 1 798
80 2 2 769
80 3 0 705
80 3 1 759
80 3 2 770
80 4 0 733
80 4 1 698
80 4 2 817
80 5 0 741
80 5 1 799
80 5 2 792
80 6 0 808
80 6 1 793
80 6 2 801
80 7 0 779
80 7 1 777
80 7 2 776
80 8 0 721
80 8 1 739
80 8 2 777
80 9 0 815
80 9 1 758
80 9 2 778
100 0 0 1240
100 0 1 1236
100 0 2 1233
100 1 0 1241
100 1 1 1223
100 1 2 1226
100 2 0 1230
100 2 1 1254
100 2 2 1206
100 3 0 1235
100 3 1 1224
100 3 2 1174
100 4 0 1212
100 4 1 1249
100 4 2 1202
100 5 0 1119
100 5 1 1136
100 5 2 1259
100 6 0 1239
100 6 1 1255
100 6 2 1231
100 7 0 1255
100 7 1 1234
100 7 2 1237
100 8 0 1261
100 8 1 1233
100 8 2 1226
100 9 0 1224
100 9 1 1165
100 9 2 1193
60 0 3 441
60 0 4 426
60 0 5 438
60 0 6 415
60 0 7 447
60 0 8 448
60 0 9 459
60 0 10 442
60 1 3 419
60 1 4 442
60 1 5 414
60 1 6 436
60 1 7 433
60 1 8 443
60 1 9 430
60 1 10 449
60 2 3 431
60 2 4 456
60 2 5 432
60 2 6 433
60 2 7 428
60 2 8 438
60 2 9 446
60 2 10 427
60 3 3 423
60 3 4 440
60 3 5 417
60 3 6 456
60 3 7 449
60 3 8 462
60 3 9 414
60 3 10 456
60 4 3 450
60 4 4 454
60 4 5 402
60 4 6 438
60 4 7 429
60 4 8 451
60 4 9 435
60 4 10 405
60 5 3 432
60 5 4 461
60 5 5 439
60 5 6 459
60 5 7 442
60 5 8 444
60 5 9 457
60 5 10 450
60 6 3 439
60 6 4 454
60 6 5 447
60 6 6 452
60 6 7 398
60 6 8 442
60 6 9 430
60 6 10 411
60 7 3 442
60 7 4 433
60 7 5 429
60 7 6 396
60 7 7 456
60 7 8 384
60 7 9 383
60 7 10 391
60 8 3 434
60 8 4 445
60 8 5 434
60 8 6 429
60 8 7 461
60 8 8 441
60 8 9 416
60 8 10 426
60 9 3 449
60 9 4 388
60 9 5 462
60 9 6 440
60 9 7 456
60 9 8 390
60 9 9 410
60 9 10 452
80 0 3 782
80 0 4 775
80 0 5 756
80 0 6 752
80 0 7 625
80 0 8 802
80 0 9 743
80 0 10 740
80 1 3 819
80 1 4 795
80 1 5 793
80 1 6 812
80 1 7 795
80 1 8 782
80 1 9 780
80 1 10 808
80 2 3 775
80 2 4 798
80 2 5 757
80 2 6 761
80 2 7 742
80 2 8 791
80 2 9 771
80 2 10 781
80 3 3 689
80 3 4 805
80 3 5 786
80 3 6 796
80 3 7 790
80 3 8 765
80 3 9 786
80 3 10 729
80 4 3 810
80 4 4 674
80 4 5 689
80 4 6 788
80 4 7 782
80 4 8 773
80 4 9 801
80 4 10 752
80 5 3 782
80 5 4 819
80 5 5 757
80 5 6 793
80 5 7 812
80 5 8 795
80 5 9 785
80 5 10 801
80 6 3 797
80 6 4 816
80 6 5 799
80 6 6 809
80 6 7 775
80 6 8 790
80 6 9 772
80 6 10 797
80 7 3 787
80 7 4 784
80 7 5 777
80 7 6 783
80 7 7 768
80 7 8 742
80 7 9 808
80 7 10 769
80 8 3 777
80 8 4 775
80 8 5 685
80 8 6 793
80 8 7 845
80 8 8 771
80 8 9 728
80 8 10 788
80 9 3 762
80 9 4 791
80 9 5 792
80 9 6 784
80 9 7 799
80 9 8 747
80 9 9 672
80 9 10 785
100 0 3 1248
100 0 4 1191
100 0 5 1231
100 0 6 1255
100 0 7 1215
100 0 8 1250
100 0 9 1167
100 0 10 1246
100 1 3 1237
100 1 4 1258
100 1 5 1192
100 1 6 1232
100 1 7 1247
100 1 8 1245
100 1 9 1234
100 1 10 1247
100 2 3 1228
100 2 4 1170
100 2 5 1222
100 2 6 1232
100 2 7 1197
100 2 8 1232
100 2 9 1102
100 2 10 1268
100 3 3 1225
100 3 4 1133
100 3 5 1249
100 3 6 1257
100 3 7 1237
100 3 8 1220
100 3 9 1210
100 3 10 1261
100 4 3 1210
100 4 4 1243
100 4 5 1185
100 4 6 1243
100 4 7 1237
100 4 8 1259
100 4 9 1225
100 4 10 1224
100 5 3 1215
100 5 4 1249
100 5 5 1124
100 5 6 1228
100 5 7 1221
100 5 8 1213
100 5 9 1240
100 5 10 1213
100 6 3 1252
100 6 4 1243
100 6 5 1175
100 6 6 1233
100 6 7 1258
100 6 8 1143
100 6 9 1235
100 6 10 1289
100 7 3 1252
100 7 4 1210
100 7 5 1229
100 7 6 1248
100 7 7 1240
100 7 8 1245
100 7 9 1243
100 7 10 1222
100 8 3 1248
100 8 4 1197
100 8 5 1248
100 8 6 1242
100 8 7 1224
100 8 8 1100
100 8 9 1233
100 8 10 1196
100 9 3 1256
100 9 4 1219
100 9 5 1134
100 9 6 1237
100 9 7 1182
100 9 8 1235
100 9 9 1228
100 9 10 1204
