60 0 0 425
60 0 1 294
60 0 2 437
60 1 0 406
60 1 1 448
60 1 2 409
60 2 0 456
60 2 1 413
60 2 2 440
60 3 0 438
60 3 1 430
60 3 2 448
60 4 0 374
60 4 1 429
60 4 2 425
60 5 0 420
60 5 1 446
60 5 2 429
60 6 0 422
60 6 1 402
60 6 2 341
60 7 0 451
60 7 1 435
60 7 2 406
60 8 0 442
60 8 1 427
60 8 2 442
60 9 0 394
60 9 1 459
60 9 2 352
80 0 0 787
80 0 1 794
80 0 2 731
80 1 0 784
80 1 1 763
80 1 2 809
80 2 0 737
80 2 1 775
80 2 2 772
80 3 0 786
80 3 1 763
80 3 2 775
80 4 0 783
80 4 1 792
80 4 2 748
80 5 0 806
80 5 1 803
80 5 2 752
80 6 0 756
80 6 1 759
80 6 2 807
80 7 0 793
80 7 1 803
80 7 2 789
80 8 0 770
80 8 1 703
80 8 2 767
80 9 0 681
80 9 1 712
80 9 2 751
100 0 0 1265
100 0 1 1232
100 0 2 1211
100 1 0 1212
100 1 1 1166
100 1 2 1175
100 2 0 1256
100 2 1 1239
100 2 2 1152
100 3 0 1238
100 3 1 1073
100 3 2 1166
100 4 0 1215
100 4 1 1179
100 4 2 1245
100 5 0 1172
100 5 1 1118
100 5 2 1190
100 6 0 1230
100 6 1 1265
100 6 2 1237
100 7 0 1245
100 7 1 1226
100 7 2 1169
100 8 0 1186
100 8 1 1150
100 8 2 1161
100 9 0 1236
100 9 1 1139
100 9 2 1230
60 0 3 452
60 0 4 412
60 0 5 382
60 0 6 337
60 0 7 397
60 0 8 440
60 0 9 433
60 0 10 433
60 1 3 436
60 1 4 415
60 1 5 426
60 1 6 431
60 1 7 451
60 1 8 439
60 1 9 451
60 1 10 441
60 2 3 386
60 2 4 439
60 2 5 400
60 2 6 440
60 2 7 436
60 2 8 440
60 2 9 428
60 2 10 422
60 3 3 410
60 3 4 457
60 3 5 441
60 3 6 412
60 3 7 432
60 3 8 447
60 3 9 405
60 3 10 453
60 4 3 453
60 4 4 418
60 4 5 402
60 4 6 391
60 4 7 390
60 4 8 420
60 4 9 415
60 4 10 417
60 5 3 407
60 5 4 431
60 5 5 453
60 5 6 422
60 5 7 418
60 5 8 461
60 5 9 441
60 5 10 446
60 6 3 381
60 6 4 354
60 6 5 435
60 6 6 412
60 6 7 461
60 6 8 445
60 6 9 439
60 6 10 380
60 7 3 441
60 7 4 448
60 7 5 426
60 7 6 457
60 7 7 402
60 7 8 346
60 7 9 454
60 7 10 455
60 8 3 447
60 8 4 425
60 8 5 423
60 8 6 444
60 8 7 406
60 8 8 446
60 8 9 443
60 8 10 453
60 9 3 447
60 9 4 452
60 9 5 398
60 9 6 431
60 9 7 391
60 9 8 282
60 9 9 415
60 9 10 423
80 0 3 786
80 0 4 771
80 0 5 732
80 0 6 763
80 0 7 786
80 0 8 727
80 0 9 737
80 0 10 816
80 1 3 743
80 1 4 757
80 1 5 737
80 1 6 808
80 1 7 800
80 1 8 800
80 1 9 801
80 1 10 781
80 2 3 807
80 2 4 790
80 2 5 802
80 2 6 802
80 2 7 755
80 2 8 764
80 2 9 781
80 2 10 789
80 3 3 818
80 3 4 767
80 3 5 767
80 3 6 748
80 3 7 788
80 3 8 799
80 3 9 793
80 3 10 784
80 4 3 800
80 4 4 793
80 4 5 777
80 4 6 781
80 4 7 773
80 4 8 748
80 4 9 796
80 4 10 797
80 5 3 783
80 5 4 799
80 5 5 774
80 5 6 797
80 5 7 744
80 5 8 803
80 5 9 780
80 5 10 793
80 6 3 818
80 6 4 761
80 6 5 778
80 6 6 808
80 6 7 779
80 6 8 787
80 6 9 771
80 6 10 744
80 7 3 802
80 7 4 760
80 7 5 730
80 7 6 792
80 7 7 791
80 7 8 691
80 7 9 797
80 7 10 791
80 8 3 795
80 8 4 780
80 8 5 771
80 8 6 752
80 8 7 789
80 8 8 755
80 8 9 797
80 8 10 773
80 9 3 785
80 9 4 766
80 9 5 771
80 9 6 796
80 9 7 759
80 9 8 789
80 9 9 783
80 9 10 777
100 0 3 1275
100 0 4 1243
100 0 5 1202
100 0 6 1261
100 0 7 1235
100 0 8 1258
100 0 9 1233
100 0 10 1253
100 1 3 1058
100 1 4 1260
100 1 5 1269
100 1 6 1193
100 1 7 1222
100 1 8 1232
100 1 9 1225
100 1 10 1244
100 2 3 1260
100 2 4 1149
100 2 5 1195
100 2 6 1228
100 2 7 1224
100 2 8 1208
100 2 9 1169
100 2 10 1232
100 3 3 1218
100 3 4 1203
100 3 5 1141
100 3 6 1161
100 3 7 1240
100 3 8 1197
100 3 9 1196
100 3 10 1088
100 4 3 1248
100 4 4 1167
100 4 5 1235
100 4 6 1232
100 4 7 1278
100 4 8 982
100 4 9 1199
100 4 10 1204
100 5 3 1235
100 5 4 1227
100 5 5 1219
100 5 6 1252
100 5 7 1110
100 5 8 1210
100 5 9 1250
100 5 10 1202
100 6 3 1160
100 6 4 1242
100 6 5 1243
100 6 6 1203
100 6 7 1229
100 6 8 1119
100 6 9 1257
100 6 10 1197
100 7 3 1223
100 7 4 1217
100 7 5 1234
100 7 6 1220
100 7 7 1006
100 7 8 1206
100 7 9 1222
100 7 10 1231
100 8 3 1247
100 8 4 1171
100 8 5 1237
100 8 6 1224
100 8 7 1218
100 8 8 1158
100 8 9 1191
100 8 10 1237
100 9 3 1231
100 9 4 1249
100 9 5 1264
100 9 6 1244
100 9 7 1238
100 9 8 1242
100 9 9 1219
100 9 10 1151
