60 0 0 31
60 0 1 0
60 0 2 29
60 0 3 29
60 0 4 248
60 0 5 248
60 0 6 248
60 0 7 248
60 0 8 31
60 0 9 248
60 1 0 0
60 1 1 32
60 1 2 32
60 1 3 379
60 1 4 379
60 1 5 379
60 1 6 379
60 1 7 27
60 1 8 379
60 1 9 83
60 2 0 0
60 2 1 0
60 2 2 0
60 2 3 0
60 2 4 0
60 2 5 0
60 2 6 0
60 2 7 0
60 2 8 0
60 2 9 0
60 3 0 0
60 3 1 81
60 3 2 163
60 3 3 163
60 3 4 55
60 3 5 391
60 3 6 55
60 3 7 26
60 3 8 163
60 3 9 0
60 4 0 0
60 4 1 0
60 4 2 0
60 4 3 0
60 4 4 0
60 4 5 0
60 4 6 0
60 4 7 0
60 4 8 0
60 4 9 0
60 5 0 342
60 5 1 342
60 5 2 342
60 5 3 29
60 5 4 199
60 5 5 401
60 5 6 293
60 5 7 401
60 5 8 0
60 5 9 29
60 6 0 314
60 6 1 314
60 6 2 314
60 6 3 314
60 6 4 314
60 6 5 314
60 6 6 314
60 6 7 314
60 6 8 314
60 6 9 314
60 7 0 0
60 7 1 0
60 7 2 0
60 7 3 0
60 7 4 0
60 7 5 0
60 7 6 0
60 7 7 0
60 7 8 0
60 7 9 0
60 8 0 24
60 8 1 35
60 8 2 0
60 8 3 35
60 8 4 0
60 8 5 0
60 8 6 24
60 8 7 0
60 8 8 24
60 8 9 24
60 9 0 0
60 9 1 210
60 9 2 0
60 9 3 0
60 9 4 25
60 9 5 210
60 9 6 210
60 9 7 210
60 9 8 25
60 9 9 210
80 0 0 728
80 0 1 728
80 0 2 728
80 0 3 728
80 0 4 728
80 0 5 728
80 0 6 728
80 0 7 728
80 0 8 728
80 0 9 728
80 1 0 606
80 1 1 606
80 1 2 0
80 1 3 606
80 1 4 0
80 1 5 0
80 1 6 0
80 1 7 606
80 1 8 606
80 1 9 0
80 2 0 44
80 2 1 45
80 2 2 614
80 2 3 45
80 2 4 0
80 2 5 45
80 2 6 339
80 2 7 44
80 2 8 45
80 2 9 339
80 3 0 0
80 3 1 722
80 3 2 0
80 3 3 0
80 3 4 0
80 3 5 137
80 3 6 137
80 3 7 0
80 3 8 137
80 3 9 137
80 4 0 401
80 4 1 44
80 4 2 0
80 4 3 44
80 4 4 280
80 4 5 45
80 4 6 79
80 4 7 280
80 4 8 401
80 4 9 0
80 5 0 0
80 5 1 0
80 5 2 0
80 5 3 326
80 5 4 781
80 5 5 0
80 5 6 326
80 5 7 781
80 5 8 0
80 5 9 0
80 6 0 0
80 6 1 0
80 6 2 682
80 6 3 682
80 6 4 0
80 6 5 682
80 6 6 682
80 6 7 0
80 6 8 0
80 6 9 682
80 7 0 0
80 7 1 37
80 7 2 141
80 7 3 0
80 7 4 37
80 7 5 159
80 7 6 0
80 7 7 0
80 7 8 78
80 7 9 37
80 8 0 0
80 8 1 0
80 8 2 0
80 8 3 0
80 8 4 0
80 8 5 0
80 8 6 0
80 8 7 0
80 8 8 0
80 8 9 0
80 9 0 176
80 9 1 485
80 9 2 342
80 9 3 176
80 9 4 0
80 9 5 485
80 9 6 342
80 9 7 342
80 9 8 176
80 9 9 342
100 0 0 453
100 0 1 0
100 0 2 0
100 0 3 453
100 0 4 453
100 0 5 453
100 0 6 453
100 0 7 453
100 0 8 43
100 0 9 43
100 1 0 0
100 1 1 1140
100 1 2 52
100 1 3 133
100 1 4 52
100 1 5 133
100 1 6 52
100 1 7 52
100 1 8 133
100 1 9 0
100 2 0 234
100 2 1 234
100 2 2 234
100 2 3 234
100 2 4 234
100 2 5 234
100 2 6 234
100 2 7 234
100 2 8 234
100 2 9 234
100 3 0 1177
100 3 1 1177
100 3 2 1177
100 3 3 0
100 3 4 1177
100 3 5 1177
100 3 6 0
100 3 7 1177
100 3 8 0
100 3 9 1177
100 4 0 0
100 4 1 45
100 4 2 0
100 4 3 45
100 4 4 45
100 4 5 48
100 4 6 0
100 4 7 0
100 4 8 0
100 4 9 48
100 5 0 646
100 5 1 56
100 5 2 646
100 5 3 646
100 5 4 56
100 5 5 305
100 5 6 56
100 5 7 305
100 5 8 646
100 5 9 0
100 6 0 869
100 6 1 869
100 6 2 869
100 6 3 869
100 6 4 869
100 6 5 869
100 6 6 869
100 6 7 869
100 6 8 869
100 6 9 869
100 7 0 229
100 7 1 229
100 7 2 0
100 7 3 1220
100 7 4 0
100 7 5 1220
100 7 6 1220
100 7 7 0
100 7 8 1220
100 7 9 0
100 8 0 334
100 8 1 334
100 8 2 0
100 8 3 334
100 8 4 0
100 8 5 334
100 8 6 0
100 8 7 334
100 8 8 0
100 8 9 0
100 9 0 100
100 9 1 0
100 9 2 58
100 9 3 0
100 9 4 139
100 9 5 0
100 9 6 139
100 9 7 0
100 9 8 0
100 9 9 97
