60 0 0 434
60 0 1 449
60 0 2 412
60 1 0 433
60 1 1 407
60 1 2 425
60 2 0 436
60 2 1 406
60 2 2 431
60 3 0 450
60 3 1 452
60 3 2 424
60 4 0 424
60 4 1 429
60 4 2 422
60 5 0 439
60 5 1 403
60 5 2 439
60 6 0 449
60 6 1 434
60 6 2 446
60 7 0 424
60 7 1 451
60 7 2 411
60 8 0 439
60 8 1 432
60 8 2 417
60 9 0 426
60 9 1 452
60 9 2 440
80 0 0 803
80 0 1 804
80 0 2 807
80 1 0 770
80 1 1 784
80 1 2 716
80 2 0 787
80 2 1 810
80 2 2 797
80 3 0 763
80 3 1 769
80 3 2 788
80 4 0 795
80 4 1 796
80 4 2 747
80 5 0 776
80 5 1 787
80 5 2 806
80 6 0 802
80 6 1 795
80 6 2 758
80 7 0 797
80 7 1 770
80 7 2 786
80 8 0 804
80 8 1 786
80 8 2 759
80 9 0 804
80 9 1 749
80 9 2 714
100 0 0 1272
100 0 1 1225
100 0 2 1201
100 1 0 1249
100 1 1 1181
100 1 2 1190
100 2 0 1252
100 2 1 1168
100 2 2 1058
100 3 0 1226
100 3 1 1231
100 3 2 1193
100 4 0 1222
100 4 1 1248
100 4 2 1200
100 5 0 1230
100 5 1 1236
100 5 2 1253
100 6 0 1172
100 6 1 1193
100 6 2 1210
100 7 0 1109
100 7 1 1246
100 7 2 1196
100 8 0 1195
100 8 1 1207
100 8 2 1186
100 9 0 1233
100 9 1 1254
100 9 2 1225
60 0 3 435
60 0 4 441
60 0 5 442
60 0 6 425
60 0 7 466
60 0 8 438
60 0 9 436
60 0 10 413
60 1 3 409
60 1 4 422
60 1 5 457
60 1 6 441
60 1 7 439
60 1 8 420
60 1 9 434
60 1 10 444
60 2 3 439
60 2 4 429
60 2 5 459
60 2 6 338
60 2 7 448
60 2 8 422
60 2 9 471
60 2 10 445
60 3 3 432
60 3 4 378
60 3 5 376
60 3 6 447
60 3 7 453
60 3 8 382
60 3 9 429
60 3 10 429
60 4 3 448
60 4 4 438
60 4 5 425
60 4 6 456
60 4 7 405
60 4 8 437
60 4 9 437
60 4 10 445
60 5 3 436
60 5 4 450
60 5 5 431
60 5 6 440
60 5 7 454
60 5 8 440
60 5 9 460
60 5 10 410
60 6 3 444
60 6 4 440
60 6 5 358
60 6 6 436
60 6 7 429
60 6 8 363
60 6 9 438
60 6 10 357
60 7 3 429
60 7 4 441
60 7 5 392
60 7 6 438
60 7 7 451
60 7 8 453
60 7 9 422
60 7 10 436
60 8 3 448
60 8 4 452
60 8 5 418
60 8 6 436
60 8 7 460
60 8 8 431
60 8 9 429
60 8 10 467
60 9 3 454
60 9 4 429
60 9 5 437
60 9 6 450
60 9 7 433
60 9 8 441
60 9 9 414
60 9 10 417
80 0 3 779
80 0 4 798
80 0 5 791
80 0 6 791
80 0 7 786
80 0 8 804
80 0 9 747
80 0 10 792
80 1 3 771
80 1 4 808
80 1 5 818
80 1 6 814
80 1 7 748
80 1 8 803
80 1 9 793
80 1 10 774
80 2 3 641
80 2 4 793
80 2 5 819
80 2 6 805
80 2 7 804
80 2 8 640
80 2 9 732
80 2 10 805
80 3 3 790
80 3 4 790
80 3 5 753
80 3 6 742
80 3 7 799
80 3 8 793
80 3 9 768
80 3 10 804
80 4 3 806
80 4 4 773
80 4 5 793
80 4 6 784
80 4 7 773
80 4 8 748
80 4 9 794
80 4 10 735
80 5 3 809
80 5 4 773
80 5 5 783
80 5 6 757
80 5 7 819
80 5 8 772
80 5 9 739
80 5 10 764
80 6 3 777
80 6 4 725
80 6 5 783
80 6 6 780
80 6 7 774
80 6 8 791
80 6 9 776
80 6 10 772
80 7 3 738
80 7 4 787
80 7 5 797
80 7 6 766
80 7 7 784
80 7 8 788
80 7 9 770
80 7 10 696
80 8 3 782
80 8 4 700
80 8 5 780
80 8 6 797
80 8 7 812
80 8 8 776
80 8 9 783
80 8 10 763
80 9 3 789
80 9 4 760
80 9 5 775
80 9 6 741
80 9 7 786
80 9 8 798
80 9 9 834
80 9 10 802
100 0 3 1138
100 0 4 1228
100 0 5 1157
100 0 6 1212
100 0 7 1238
100 0 8 1220
100 0 9 1240
100 0 10 1255
100 1 3 1247
100 1 4 1155
100 1 5 1245
100 1 6 1237
100 1 7 1241
100 1 8 1246
100 1 9 1217
100 1 10 1243
100 2 3 1207
100 2 4 1219
100 2 5 1235
100 2 6 1231
100 2 7 1192
100 2 8 1247
100 2 9 1227
100 2 10 1210
100 3 3 1252
100 3 4 1255
100 3 5 1232
100 3 6 1206
100 3 7 1240
100 3 8 1225
100 3 9 1149
100 3 10 1185
100 4 3 1157
100 4 4 1209
100 4 5 1252
100 4 6 1199
100 4 7 1212
100 4 8 1257
100 4 9 1224
100 4 10 1229
100 5 3 1210
100 5 4 1249
100 5 5 1262
100 5 6 1225
100 5 7 1247
100 5 8 1195
100 5 9 1239
100 5 10 1237
100 6 3 1249
100 6 4 1232
100 6 5 1162
100 6 6 1248
100 6 7 1219
100 6 8 1228
100 6 9 1263
100 6 10 1256
100 7 3 1205
100 7 4 1233
100 7 5 1187
100 7 6 1175
100 7 7 1220
100 7 8 1261
100 7 9 1247
100 7 10 1162
100 8 3 1248
100 8 4 1178
100 8 5 1251
100 8 6 1296
100 8 7 1258
100 8 8 1265
100 8 9 1214
100 8 10 1213
100 9 3 1225
100 9 4 1254
100 9 5 1247
100 9 6 1189
100 9 7 1168
100 9 8 1134
100 9 9 1246
100 9 10 1237
