60 0 0 416
60 0 1 430
60 0 2 339
60 1 0 454
60 1 1 431
60 1 2 427
60 2 0 301
60 2 1 449
60 2 2 437
60 3 0 460
60 3 1 406
60 3 2 420
60 4 0 452
60 4 1 439
60 4 2 447
60 5 0 441
60 5 1 448
60 5 2 460
60 6 0 437
60 6 1 443
60 6 2 446
60 7 0 438
60 7 1 451
60 7 2 375
60 8 0 425
60 8 1 418
60 8 2 390
60 9 0 427
60 9 1 455
60 9 2 431
80 0 0 807
80 0 1 819
80 0 2 783
80 1 0 730
80 1 1 809
80 1 2 756
80 2 0 829
80 2 1 781
80 2 2 773
80 3 0 797
80 3 1 810
80 3 2 744
80 4 0 789
80 4 1 751
80 4 2 778
80 5 0 797
80 5 1 781
80 5 2 706
80 6 0 775
80 6 1 793
80 6 2 769
80 7 0 786
80 7 1 725
80 7 2 743
80 8 0 788
80 8 1 704
80 8 2 811
80 9 0 748
80 9 1 805
80 9 2 801
100 0 0 1166
100 0 1 1189
100 0 2 1223
100 1 0 1221
100 1 1 1232
100 1 2 1101
100 2 0 1209
100 2 1 1253
100 2 2 1170
100 3 0 1224
100 3 1 1226
100 3 2 1247
100 4 0 1163
100 4 1 1216
100 4 2 1263
100 5 0 1230
100 5 1 1176
100 5 2 1231
100 6 0 1253
100 6 1 1208
100 6 2 1140
100 7 0 1240
100 7 1 1245
100 7 2 1235
100 8 0 1222
100 8 1 1285
100 8 2 1268
100 9 0 1104
100 9 1 1146
100 9 2 1243
60 0 3 432
60 0 4 440
60 0 5 437
60 0 6 439
60 0 7 451
60 0 8 443
60 0 9 396
60 0 10 415
60 1 3 422
60 1 4 444
60 1 5 434
60 1 6 393
60 1 7 460
60 1 8 449
60 1 9 436
60 1 10 438
60 2 3 435
60 2 4 464
60 2 5 445
60 2 6 441
60 2 7 342
60 2 8 403
60 2 9 445
60 2 10 458
60 3 3 457
60 3 4 429
60 3 5 439
60 3 6 435
60 3 7 427
60 3 8 449
60 3 9 452
60 3 10 432
60 4 3 444
60 4 4 417
60 4 5 443
60 4 6 458
60 4 7 446
60 4 8 384
60 4 9 443
60 4 10 452
60 5 3 458
60 5 4 460
60 5 5 384
60 5 6 445
60 5 7 407
60 5 8 424
60 5 9 459
60 5 10 440
60 6 3 422
60 6 4 422
60 6 5 344
60 6 6 434
60 6 7 431
60 6 8 444
60 6 9 430
60 6 10 440
60 7 3 451
60 7 4 354
60 7 5 406
60 7 6 436
60 7 7 358
60 7 8 434
60 7 9 436
60 7 10 443
60 8 3 433
60 8 4 464
60 8 5 428
60 8 6 425
60 8 7 448
60 8 8 434
60 8 9 447
60 8 10 432
60 9 3 454
60 9 4 439
60 9 5 436
60 9 6 428
60 9 7 435
60 9 8 446
60 9 9 434
60 9 10 427
80 0 3 754
80 0 4 746
80 0 5 783
80 0 6 792
80 0 7 804
80 0 8 782
80 0 9 782
80 0 10 743
80 1 3 810
80 1 4 813
80 1 5 785
80 1 6 800
80 1 7 731
80 1 8 757
80 1 9 790
80 1 10 725
80 2 3 819
80 2 4 787
80 2 5 788
80 2 6 769
80 2 7 833
80 2 8 754
80 2 9 755
80 2 10 800
80 3 3 781
80 3 4 756
80 3 5 793
80 3 6 746
80 3 7 781
80 3 8 758
80 3 9 792
80 3 10 795
80 4 3 809
80 4 4 794
80 4 5 790
80 4 6 771
80 4 7 759
80 4 8 628
80 4 9 784
80 4 10 761
80 5 3 761
80 5 4 669
80 5 5 760
80 5 6 804
80 5 7 782
80 5 8 760
80 5 9 813
80 5 10 771
80 6 3 781
80 6 4 791
80 6 5 788
80 6 6 740
80 6 7 710
80 6 8 788
80 6 9 794
80 6 10 784
80 7 3 742
80 7 4 781
80 7 5 745
80 7 6 780
80 7 7 618
80 7 8 773
80 7 9 761
80 7 10 822
80 8 3 806
80 8 4 804
80 8 5 646
80 8 6 796
80 8 7 799
80 8 8 799
80 8 9 815
80 8 10 801
80 9 3 718
80 9 4 823
80 9 5 797
80 9 6 767
80 9 7 826
80 9 8 805
80 9 9 809
80 9 10 783
100 0 3 1222
100 0 4 1224
100 0 5 1152
100 0 6 1217
100 0 7 1206
100 0 8 1254
100 0 9 1208
100 0 10 1246
100 1 3 1235
100 1 4 1219
100 1 5 908
100 1 6 1266
100 1 7 1214
100 1 8 1209
100 1 9 1263
100 1 10 1221
100 2 3 1257
100 2 4 1249
100 2 5 1192
100 2 6 1148
100 2 7 1263
100 2 8 1235
100 2 9 1115
100 2 10 1260
100 3 3 1232
100 3 4 1223
100 3 5 1238
100 3 6 1200
100 3 7 1213
100 3 8 1219
100 3 9 1234
100 3 10 1199
100 4 3 1223
100 4 4 1174
100 4 5 1224
100 4 6 1230
100 4 7 1254
100 4 8 1249
100 4 9 1228
100 4 10 1183
100 5 3 1159
100 5 4 1249
100 5 5 1292
100 5 6 1179
100 5 7 1278
100 5 8 1249
100 5 9 1209
100 5 10 1231
100 6 3 1244
100 6 4 1211
100 6 5 1275
100 6 6 1178
100 6 7 1242
100 6 8 1238
100 6 9 1229
100 6 10 1244
100 7 3 1242
100 7 4 1232
100 7 5 1257
100 7 6 1236
100 7 7 1244
100 7 8 1235
100 7 9 1262
100 7 10 1256
100 8 3 1166
100 8 4 1257
100 8 5 1236
100 8 6 1226
100 8 7 1198
100 8 8 1233
100 8 9 1128
100 8 10 1198
100 9 3 1269
100 9 4 1226
100 9 5 1075
100 9 6 1239
100 9 7 1224
100 9 8 1143
100 9 9 1265
100 9 10 1136
