60 0 0 418
60 0 1 429
60 0 2 431
60 1 0 397
60 1 1 406
60 1 2 417
60 2 0 432
60 2 1 281
60 2 2 76
60 3 0 370
60 3 1 426
60 3 2 378
60 4 0 414
60 4 1 330
60 4 2 428
60 5 0 438
60 5 1 441
60 5 2 431
60 6 0 438
60 6 1 395
60 6 2 427
60 7 0 357
60 7 1 432
60 7 2 429
60 8 0 440
60 8 1 417
60 8 2 436
60 9 0 473
60 9 1 450
60 9 2 396
80 0 0 605
80 0 1 616
80 0 2 719
80 1 0 801
80 1 1 791
80 1 2 736
80 2 0 773
80 2 1 755
80 2 2 672
80 3 0 767
80 3 1 773
80 3 2 733
80 4 0 652
80 4 1 788
80 4 2 787
80 5 0 679
80 5 1 776
80 5 2 767
80 6 0 715
80 6 1 798
80 6 2 707
80 7 0 748
80 7 1 781
80 7 2 806
80 8 0 786
80 8 1 694
80 8 2 759
80 9 0 331
80 9 1 616
80 9 2 771
100 0 0 1164
100 0 1 1241
100 0 2 1239
100 1 0 1227
100 1 1 1240
100 1 2 1110
100 2 0 1236
100 2 1 1236
100 2 2 1082
100 3 0 1242
100 3 1 1147
100 3 2 1195
100 4 0 861
100 4 1 1206
100 4 2 842
100 5 0 1108
100 5 1 1107
100 5 2 1231
100 6 0 1116
100 6 1 1183
100 6 2 889
100 7 0 1221
100 7 1 1246
100 7 2 1153
100 8 0 1078
100 8 1 1165
100 8 2 1232
100 9 0 1186
100 9 1 1223
100 9 2 1211
60 0 3 264
60 0 4 397
60 0 5 407
60 0 6 403
60 0 7 405
60 0 8 440
60 0 9 392
60 0 10 429
60 1 3 457
60 1 4 444
60 1 5 358
60 1 6 404
60 1 7 435
60 1 8 380
60 1 9 376
60 1 10 430
60 2 3 380
60 2 4 414
60 2 5 434
60 2 6 439
60 2 7 218
60 2 8 343
60 2 9 462
60 2 10 445
60 3 3 431
60 3 4 404
60 3 5 435
60 3 6 292
60 3 7 430
60 3 8 429
60 3 9 426
60 3 10 402
60 4 3 453
60 4 4 417
60 4 5 426
60 4 6 276
60 4 7 371
60 4 8 452
60 4 9 164
60 4 10 439
60 5 3 465
60 5 4 429
60 5 5 284
60 5 6 444
60 5 7 447
60 5 8 306
60 5 9 436
60 5 10 439
60 6 3 301
60 6 4 388
60 6 5 370
60 6 6 451
60 6 7 431
60 6 8 369
60 6 9 443
60 6 10 440
60 7 3 376
60 7 4 413
60 7 5 439
60 7 6 384
60 7 7 452
60 7 8 415
60 7 9 378
60 7 10 429
60 8 3 407
60 8 4 447
60 8 5 397
60 8 6 430
60 8 7 414
60 8 8 432
60 8 9 421
60 8 10 419
60 9 3 397
60 9 4 314
60 9 5 385
60 9 6 451
60 9 7 444
60 9 8 398
60 9 9 407
60 9 10 445
80 0 3 763
80 0 4 773
80 0 5 686
80 0 6 700
80 0 7 601
80 0 8 752
80 0 9 729
80 0 10 715
80 1 3 643
80 1 4 825
80 1 5 773
80 1 6 770
80 1 7 713
80 1 8 799
80 1 9 736
80 1 10 804
80 2 3 777
80 2 4 805
80 2 5 794
80 2 6 575
80 2 7 728
80 2 8 767
80 2 9 744
80 2 10 775
80 3 3 712
80 3 4 781
80 3 5 758
80 3 6 776
80 3 7 479
80 3 8 710
80 3 9 808
80 3 10 713
80 4 3 763
80 4 4 689
80 4 5 764
80 4 6 787
80 4 7 777
80 4 8 741
80 4 9 774
80 4 10 765
80 5 3 684
80 5 4 774
80 5 5 704
80 5 6 754
80 5 7 814
80 5 8 796
80 5 9 768
80 5 10 780
80 6 3 777
80 6 4 755
80 6 5 769
80 6 6 748
80 6 7 773
80 6 8 792
80 6 9 699
80 6 10 565
80 7 3 576
80 7 4 752
80 7 5 600
80 7 6 749
80 7 7 745
80 7 8 771
80 7 9 770
80 7 10 488
80 8 3 405
80 8 4 768
80 8 5 784
80 8 6 389
80 8 7 767
80 8 8 651
80 8 9 660
80 8 10 746
80 9 3 561
80 9 4 709
80 9 5 788
80 9 6 786
80 9 7 697
80 9 8 766
80 9 9 402
80 9 10 716
100 0 3 1229
100 0 4 1228
100 0 5 941
100 0 6 1214
100 0 7 1197
100 0 8 1244
100 0 9 1034
100 0 10 1175
100 1 3 1104
100 1 4 1056
100 1 5 1200
100 1 6 1218
100 1 7 1214
100 1 8 1213
100 1 9 1223
100 1 10 1163
100 2 3 1139
100 2 4 1116
100 2 5 1141
100 2 6 1242
100 2 7 1237
100 2 8 1243
100 2 9 1179
100 2 10 1245
100 3 3 1117
100 3 4 1189
100 3 5 1210
100 3 6 1269
100 3 7 1192
100 3 8 1211
100 3 9 1105
100 3 10 932
100 4 3 1240
100 4 4 962
100 4 5 1161
100 4 6 1201
100 4 7 1193
100 4 8 1219
100 4 9 1195
100 4 10 1181
100 5 3 1174
100 5 4 1217
100 5 5 1192
100 5 6 1192
100 5 7 983
100 5 8 1240
100 5 9 927
100 5 10 1189
100 6 3 1105
100 6 4 1191
100 6 5 1160
100 6 6 1069
100 6 7 1172
100 6 8 986
100 6 9 1188
100 6 10 1032
100 7 3 1053
100 7 4 1144
100 7 5 1183
100 7 6 1079
100 7 7 1233
100 7 8 1239
100 7 9 1210
100 7 10 1217
100 8 3 1081
100 8 4 1193
100 8 5 1249
100 8 6 1112
100 8 7 1101
100 8 8 1153
100 8 9 1199
100 8 10 1223
100 9 3 1195
100 9 4 1233
100 9 5 1221
100 9 6 1072
100 9 7 1222
100 9 8 1228
100 9 9 1074
100 9 10 1207
