60 0 0 472
60 0 1 455
60 0 2 439
60 1 0 459
60 1 1 443
60 1 2 449
60 2 0 380
60 2 1 462
60 2 2 464
60 3 0 434
60 3 1 398
60 3 2 447
60 4 0 457
60 4 1 441
60 4 2 419
60 5 0 426
60 5 1 420
60 5 2 437
60 6 0 420
60 6 1 464
60 6 2 418
60 7 0 397
60 7 1 435
60 7 2 438
60 8 0 440
60 8 1 428
60 8 2 448
60 9 0 388
60 9 1 449
60 9 2 457
80 0 0 787
80 0 1 749
80 0 2 770
80 1 0 663
80 1 1 767
80 1 2 787
80 2 0 743
80 2 1 793
80 2 2 719
80 3 0 784
80 3 1 793
80 3 2 780
80 4 0 784
80 4 1 765
80 4 2 778
80 5 0 794
80 5 1 785
80 5 2 797
80 6 0 781
80 6 1 823
80 6 2 795
80 7 0 798
80 7 1 819
80 7 2 755
80 8 0 769
80 8 1 746
80 8 2 788
80 9 0 792
80 9 1 791
80 9 2 784
100 0 0 1232
100 0 1 1224
100 0 2 1214
100 1 0 1235
100 1 1 1169
100 1 2 1213
100 2 0 1192
100 2 1 1246
100 2 2 1193
100 3 0 1226
100 3 1 1212
100 3 2 1222
100 4 0 1224
100 4 1 1243
100 4 2 1246
100 5 0 1244
100 5 1 1253
100 5 2 1203
100 6 0 1248
100 6 1 1213
100 6 2 1241
100 7 0 1247
100 7 1 1230
100 7 2 1246
100 8 0 1248
100 8 1 1215
100 8 2 1196
100 9 0 1221
100 9 1 1221
100 9 2 1137
60 0 3 450
60 0 4 449
60 0 5 421
60 0 6 437
60 0 7 453
60 0 8 462
60 0 9 437
60 0 10 428
60 1 3 446
60 1 4 440
60 1 5 457
60 1 6 414
60 1 7 453
60 1 8 460
60 1 9 380
60 1 10 366
60 2 3 447
60 2 4 435
60 2 5 392
60 2 6 445
60 2 7 429
60 2 8 445
60 2 9 451
60 2 10 441
60 3 3 440
60 3 4 442
60 3 5 432
60 3 6 442
60 3 7 389
60 3 8 435
60 3 9 452
60 3 10 368
60 4 3 430
60 4 4 434
60 4 5 370
60 4 6 434
60 4 7 356
60 4 8 459
60 4 9 426
60 4 10 441
60 5 3 439
60 5 4 435
60 5 5 444
60 5 6 426
60 5 7 453
60 5 8 441
60 5 9 446
60 5 10 434
60 6 3 402
60 6 4 437
60 6 5 410
60 6 6 349
60 6 7 443
60 6 8 453
60 6 9 443
60 6 10 433
60 7 3 461
60 7 4 459
60 7 5 359
60 7 6 444
60 7 7 448
60 7 8 421
60 7 9 433
60 7 10 450
60 8 3 391
60 8 4 451
60 8 5 430
60 8 6 410
60 8 7 444
60 8 8 422
60 8 9 409
60 8 10 447
60 9 3 442
60 9 4 447
60 9 5 442
60 9 6 374
60 9 7 458
60 9 8 413
60 9 9 444
60 9 10 440
80 0 3 778
80 0 4 825
80 0 5 752
80 0 6 766
80 0 7 772
80 0 8 787
80 0 9 770
80 0 10 782
80 1 3 758
80 1 4 803
80 1 5 786
80 1 6 771
80 1 7 769
80 1 8 765
80 1 9 784
80 1 10 740
80 2 3 790
80 2 4 809
80 2 5 767
80 2 6 774
80 2 7 803
80 2 8 785
80 2 9 748
80 2 10 796
80 3 3 801
80 3 4 771
80 3 5 758
80 3 6 783
80 3 7 795
80 3 8 702
80 3 9 802
80 3 10 784
80 4 3 791
80 4 4 765
80 4 5 770
80 4 6 798
80 4 7 812
80 4 8 817
80 4 9 794
80 4 10 797
80 5 3 768
80 5 4 804
80 5 5 820
80 5 6 788
80 5 7 802
80 5 8 757
80 5 9 784
80 5 10 797
80 6 3 772
80 6 4 805
80 6 5 774
80 6 6 769
80 6 7 766
80 6 8 776
80 6 9 792
80 6 10 749
80 7 3 802
80 7 4 774
80 7 5 808
80 7 6 798
80 7 7 778
80 7 8 794
80 7 9 791
80 7 10 782
80 8 3 717
80 8 4 760
80 8 5 775
80 8 6 789
80 8 7 767
80 8 8 735
80 8 9 778
80 8 10 782
80 9 3 773
80 9 4 776
80 9 5 762
80 9 6 773
80 9 7 815
80 9 8 681
80 9 9 786
80 9 10 782
100 0 3 1182
100 0 4 1250
100 0 5 1209
100 0 6 1233
100 0 7 1212
100 0 8 1221
100 0 9 1228
100 0 10 1220
100 1 3 1146
100 1 4 1260
100 1 5 1255
100 1 6 1244
100 1 7 1100
100 1 8 1178
100 1 9 1192
100 1 10 1241
100 2 3 1221
100 2 4 1199
100 2 5 1239
100 2 6 1225
100 2 7 1196
100 2 8 1157
100 2 9 1225
100 2 10 1230
100 3 3 1250
100 3 4 1197
100 3 5 1271
100 3 6 1236
100 3 7 1235
100 3 8 1235
100 3 9 1239
100 3 10 1206
100 4 3 1147
100 4 4 1229
100 4 5 1214
100 4 6 1230
100 4 7 1266
100 4 8 1248
100 4 9 1233
100 4 10 1235
100 5 3 1224
100 5 4 949
100 5 5 1151
100 5 6 1185
100 5 7 1242
100 5 8 1228
100 5 9 1205
100 5 10 1229
100 6 3 1211
100 6 4 1198
100 6 5 1191
100 6 6 1276
100 6 7 1219
100 6 8 1249
100 6 9 1178
100 6 10 1251
100 7 3 1237
100 7 4 1244
100 7 5 1254
100 7 6 1248
100 7 7 1258
100 7 8 1227
100 7 9 1235
100 7 10 1228
100 8 3 1205
100 8 4 1241
100 8 5 1247
100 8 6 1253
100 8 7 1159
100 8 8 1214
100 8 9 1233
100 8 10 1221
100 9 3 1245
100 9 4 1247
100 9 5 1204
100 9 6 1239
100 9 7 1234
100 9 8 1243
100 9 9 1254
100 9 10 1128
