60 0 0 439
60 0 1 391
60 0 2 423
60 1 0 454
60 1 1 435
60 1 2 408
60 2 0 435
60 2 1 378
60 2 2 411
60 3 0 434
60 3 1 416
60 3 2 419
60 4 0 460
60 4 1 430
60 4 2 442
60 5 0 439
60 5 1 445
60 5 2 440
60 6 0 459
60 6 1 457
60 6 2 452
60 7 0 403
60 7 1 372
60 7 2 447
60 8 0 453
60 8 1 439
60 8 2 423
60 9 0 396
60 9 1 434
60 9 2 413
80 0 0 785
80 0 1 772
80 0 2 787
80 1 0 805
80 1 1 794
80 1 2 784
80 2 0 798
80 2 1 787
80 2 2 771
80 3 0 822
80 3 1 768
80 3 2 787
80 4 0 780
80 4 1 801
80 4 2 780
80 5 0 789
80 5 1 773
80 5 2 781
80 6 0 786
80 6 1 806
80 6 2 777
80 7 0 772
80 7 1 778
80 7 2 800
80 8 0 788
80 8 1 769
80 8 2 800
80 9 0 800
80 9 1 692
80 9 2 764
100 0 0 1238
100 0 1 1223
100 0 2 1230
100 1 0 1207
100 1 1 1193
100 1 2 1226
100 2 0 1237
100 2 1 1188
100 2 2 1253
100 3 0 1169
100 3 1 1248
100 3 2 1220
100 4 0 1097
100 4 1 1176
100 4 2 1255
100 5 0 1232
100 5 1 1273
100 5 2 1204
100 6 0 1145
100 6 1 1197
100 6 2 1208
100 7 0 1235
100 7 1 1214
100 7 2 1216
100 8 0 1220
100 8 1 1231
100 8 2 1236
100 9 0 1268
100 9 1 1277
100 9 2 1268
60 0 3 454
60 0 4 441
60 0 5 444
60 0 6 435
60 0 7 334
60 0 8 397
60 0 9 452
60 0 10 440
60 1 3 417
60 1 4 371
60 1 5 443
60 1 6 449
60 1 7 441
60 1 8 430
60 1 9 426
60 1 10 445
60 2 3 460
60 2 4 440
60 2 5 453
60 2 6 409
60 2 7 424
60 2 8 436
60 2 9 427
60 2 10 453
60 3 3 448
60 3 4 438
60 3 5 436
60 3 6 399
60 3 7 425
60 3 8 428
60 3 9 439
60 3 10 430
60 4 3 424
60 4 4 439
60 4 5 428
60 4 6 424
60 4 7 417
60 4 8 452
60 4 9 384
60 4 10 452
60 5 3 420
60 5 4 419
60 5 5 416
60 5 6 441
60 5 7 431
60 5 8 438
60 5 9 395
60 5 10 443
60 6 3 445
60 6 4 451
60 6 5 409
60 6 6 455
60 6 7 426
60 6 8 445
60 6 9 447
60 6 10 435
60 7 3 411
60 7 4 458
60 7 5 454
60 7 6 452
60 7 7 435
60 7 8 419
60 7 9 360
60 7 10 451
60 8 3 455
60 8 4 411
60 8 5 460
60 8 6 402
60 8 7 456
60 8 8 377
60 8 9 442
60 8 10 464
60 9 3 447
60 9 4 456
60 9 5 452
60 9 6 415
60 9 7 429
60 9 8 443
60 9 9 444
60 9 10 415
80 0 3 699
80 0 4 745
80 0 5 764
80 0 6 772
80 0 7 758
80 0 8 773
80 0 9 790
80 0 10 767
80 1 3 790
80 1 4 787
80 1 5 796
80 1 6 802
80 1 7 795
80 1 8 776
80 1 9 834
80 1 10 739
80 2 3 799
80 2 4 767
80 2 5 800
80 2 6 807
80 2 7 756
80 2 8 829
80 2 9 760
80 2 10 779
80 3 3 753
80 3 4 741
80 3 5 795
80 3 6 797
80 3 7 802
80 3 8 787
80 3 9 706
80 3 10 743
80 4 3 753
80 4 4 753
80 4 5 820
80 4 6 732
80 4 7 773
80 4 8 788
80 4 9 812
80 4 10 783
80 5 3 819
80 5 4 729
80 5 5 774
80 5 6 802
80 5 7 745
80 5 8 796
80 5 9 797
80 5 10 747
80 6 3 769
80 6 4 779
80 6 5 796
80 6 6 780
80 6 7 799
80 6 8 812
80 6 9 781
80 6 10 783
80 7 3 790
80 7 4 760
80 7 5 805
80 7 6 813
80 7 7 753
80 7 8 778
80 7 9 802
80 7 10 802
80 8 3 785
80 8 4 766
80 8 5 789
80 8 6 773
80 8 7 786
80 8 8 773
80 8 9 802
80 8 10 802
80 9 3 767
80 9 4 797
80 9 5 803
80 9 6 718
80 9 7 768
80 9 8 753
80 9 9 788
80 9 10 774
100 0 3 1212
100 0 4 1222
100 0 5 1241
100 0 6 1242
100 0 7 1133
100 0 8 1233
100 0 9 1224
100 0 10 1211
100 1 3 1234
100 1 4 1215
100 1 5 1230
100 1 6 1229
100 1 7 1246
100 1 8 1256
100 1 9 1271
100 1 10 1156
100 2 3 1209
100 2 4 1243
100 2 5 1217
100 2 6 1242
100 2 7 1231
100 2 8 1195
100 2 9 1229
100 2 10 1227
100 3 3 1249
100 3 4 1244
100 3 5 1231
100 3 6 1242
100 3 7 1234
100 3 8 1234
100 3 9 1190
100 3 10 1182
100 4 3 1224
100 4 4 1190
100 4 5 1167
100 4 6 1200
100 4 7 1239
100 4 8 1248
100 4 9 1171
100 4 10 1197
100 5 3 1245
100 5 4 1230
100 5 5 1219
100 5 6 1206
100 5 7 1259
100 5 8 1251
100 5 9 1236
100 5 10 1237
100 6 3 1224
100 6 4 1232
100 6 5 1229
100 6 6 1235
100 6 7 1173
100 6 8 1263
100 6 9 1242
100 6 10 1187
100 7 3 1271
100 7 4 1240
100 7 5 1214
100 7 6 1221
100 7 7 1233
100 7 8 1181
100 7 9 1214
100 7 10 1249
100 8 3 1241
100 8 4 1211
100 8 5 1256
100 8 6 1203
100 8 7 1238
100 8 8 1234
100 8 9 1223
100 8 10 1241
100 9 3 1249
100 9 4 1231
100 9 5 1238
100 9 6 1217
100 9 7 1172
100 9 8 1214
100 9 9 1191
100 9 10 1263
