60 0 0 437
60 0 1 395
60 0 2 445
60 1 0 433
60 1 1 435
60 1 2 460
60 2 0 438
60 2 1 421
60 2 2 434
60 3 0 409
60 3 1 435
60 3 2 357
60 4 0 454
60 4 1 427
60 4 2 451
60 5 0 442
60 5 1 442
60 5 2 437
60 6 0 443
60 6 1 429
60 6 2 437
60 7 0 423
60 7 1 444
60 7 2 448
60 8 0 471
60 8 1 452
60 8 2 449
60 9 0 436
60 9 1 437
60 9 2 442
80 0 0 761
80 0 1 761
80 0 2 783
80 1 0 775
80 1 1 798
80 1 2 772
80 2 0 794
80 2 1 804
80 2 2 802
80 3 0 758
80 3 1 774
80 3 2 817
80 4 0 714
80 4 1 802
80 4 2 758
80 5 0 773
80 5 1 769
80 5 2 800
80 6 0 785
80 6 1 779
80 6 2 811
80 7 0 781
80 7 1 766
80 7 2 786
80 8 0 803
80 8 1 757
80 8 2 785
80 9 0 756
80 9 1 780
80 9 2 775
100 0 0 1247
100 0 1 1148
100 0 2 1208
100 1 0 1218
100 1 1 1226
100 1 2 1249
100 2 0 1261
100 2 1 1204
100 2 2 1230
100 3 0 1253
100 3 1 1254
100 3 2 1244
100 4 0 1239
100 4 1 1232
100 4 2 1160
100 5 0 1233
100 5 1 1259
100 5 2 1227
100 6 0 1202
100 6 1 1231
100 6 2 1243
100 7 0 1230
100 7 1 1213
100 7 2 1173
100 8 0 1233
100 8 1 1210
100 8 2 1205
100 9 0 1232
100 9 1 1200
100 9 2 1187
60 0 3 427
60 0 4 407
60 0 5 426
60 0 6 429
60 0 7 463
60 0 8 460
60 0 9 433
60 0 10 452
60 1 3 447
60 1 4 438
60 1 5 444
60 1 6 452
60 1 7 450
60 1 8 428
60 1 9 447
60 1 10 435
60 2 3 452
60 2 4 438
60 2 5 441
60 2 6 447
60 2 7 436
60 2 8 435
60 2 9 431
60 2 10 379
60 3 3 421
60 3 4 445
60 3 5 442
60 3 6 451
60 3 7 454
60 3 8 450
60 3 9 443
60 3 10 458
60 4 3 442
60 4 4 342
60 4 5 430
60 4 6 429
60 4 7 392
60 4 8 431
60 4 9 444
60 4 10 403
60 5 3 429
60 5 4 442
60 5 5 405
60 5 6 443
60 5 7 436
60 5 8 450
60 5 9 458
60 5 10 441
60 6 3 441
60 6 4 435
60 6 5 403
60 6 6 422
60 6 7 456
60 6 8 444
60 6 9 441
60 6 10 432
60 7 3 427
60 7 4 465
60 7 5 438
60 7 6 379
60 7 7 429
60 7 8 421
60 7 9 448
60 7 10 441
60 8 3 430
60 8 4 421
60 8 5 426
60 8 6 449
60 8 7 437
60 8 8 450
60 8 9 454
60 8 10 424
60 9 3 437
60 9 4 453
60 9 5 436
60 9 6 433
60 9 7 437
60 9 8 450
60 9 9 434
60 9 10 444
80 0 3 771
80 0 4 787
80 0 5 772
80 0 6 810
80 0 7 792
80 0 8 721
80 0 9 804
80 0 10 810
80 1 3 800
80 1 4 797
80 1 5 796
80 1 6 807
80 1 7 659
80 1 8 807
80 1 9 795
80 1 10 778
80 2 3 794
80 2 4 776
80 2 5 795
80 2 6 783
80 2 7 802
80 2 8 794
80 2 9 790
80 2 10 785
80 3 3 791
80 3 4 765
80 3 5 804
80 3 6 822
80 3 7 675
80 3 8 818
80 3 9 788
80 3 10 782
80 4 3 703
80 4 4 792
80 4 5 770
80 4 6 799
80 4 7 779
80 4 8 829
80 4 9 729
80 4 10 804
80 5 3 788
80 5 4 759
80 5 5 771
80 5 6 753
80 5 7 790
80 5 8 739
80 5 9 789
80 5 10 798
80 6 3 807
80 6 4 793
80 6 5 783
80 6 6 793
80 6 7 760
80 6 8 782
80 6 9 760
80 6 10 807
80 7 3 770
80 7 4 763
80 7 5 751
80 7 6 787
80 7 7 742
80 7 8 787
80 7 9 791
80 7 10 788
80 8 3 805
80 8 4 737
80 8 5 809
80 8 6 774
80 8 7 761
80 8 8 777
80 8 9 795
80 8 10 775
80 9 3 803
80 9 4 739
80 9 5 766
80 9 6 786
80 9 7 773
80 9 8 778
80 9 9 792
80 9 10 810
100 0 3 1264
100 0 4 1179
100 0 5 1250
100 0 6 1177
100 0 7 1228
100 0 8 1262
100 0 9 1189
100 0 10 1240
100 1 3 1247
100 1 4 1218
100 1 5 1203
100 1 6 1219
100 1 7 1244
100 1 8 1247
100 1 9 1236
100 1 10 1138
100 2 3 1192
100 2 4 1262
100 2 5 1216
100 2 6 1246
100 2 7 1212
100 2 8 1229
100 2 9 1253
100 2 10 1120
100 3 3 1238
100 3 4 1237
100 3 5 1053
100 3 6 1249
100 3 7 1209
100 3 8 1190
100 3 9 1247
100 3 10 1211
100 4 3 1228
100 4 4 1214
100 4 5 1218
100 4 6 1262
100 4 7 1201
100 4 8 1209
100 4 9 1234
100 4 10 1217
100 5 3 1257
100 5 4 1272
100 5 5 1239
100 5 6 1232
100 5 7 1194
100 5 8 1222
100 5 9 1189
100 5 10 1236
100 6 3 1225
100 6 4 1237
100 6 5 1207
100 6 6 1242
100 6 7 1268
100 6 8 1236
100 6 9 1152
100 6 10 1209
100 7 3 1257
100 7 4 1168
100 7 5 1205
100 7 6 1272
100 7 7 1246
100 7 8 1192
100 7 9 1185
100 7 10 1224
100 8 3 1234
100 8 4 1252
100 8 5 1229
100 8 6 1203
100 8 7 1238
100 8 8 1211
100 8 9 1236
100 8 10 1174
100 9 3 1212
100 9 4 1229
100 9 5 1193
100 9 6 1254
100 9 7 1209
100 9 8 1251
100 9 9 1238
100 9 10 1242
