60 0 0 441
60 0 1 429
60 0 2 435
60 1 0 443
60 1 1 453
60 1 2 394
60 2 0 417
60 2 1 221
60 2 2 266
60 3 0 414
60 3 1 429
60 3 2 441
60 4 0 424
60 4 1 401
60 4 2 429
60 5 0 437
60 5 1 441
60 5 2 410
60 6 0 402
60 6 1 453
60 6 2 429
60 7 0 445
60 7 1 448
60 7 2 424
60 8 0 432
60 8 1 431
60 8 2 459
60 9 0 441
60 9 1 344
60 9 2 411
80 0 0 656
80 0 1 716
80 0 2 683
80 1 0 754
80 1 1 686
80 1 2 583
80 2 0 768
80 2 1 757
80 2 2 801
80 3 0 698
80 3 1 775
80 3 2 776
80 4 0 705
80 4 1 785
80 4 2 773
80 5 0 723
80 5 1 703
80 5 2 718
80 6 0 743
80 6 1 792
80 6 2 788
80 7 0 798
80 7 1 778
80 7 2 770
80 8 0 390
80 8 1 668
80 8 2 734
80 9 0 775
80 9 1 624
80 9 2 673
100 0 0 1124
100 0 1 1228
100 0 2 1248
100 1 0 1193
100 1 1 1203
100 1 2 1041
100 2 0 1152
100 2 1 1207
100 2 2 1079
100 3 0 1207
100 3 1 1223
100 3 2 1165
100 4 0 1122
100 4 1 1262
100 4 2 858
100 5 0 1058
100 5 1 1221
100 5 2 1214
100 6 0 1123
100 6 1 1180
100 6 2 768
100 7 0 1235
100 7 1 1153
100 7 2 1021
100 8 0 1163
100 8 1 1065
100 8 2 1207
100 9 0 1226
100 9 1 1162
100 9 2 1196
60 0 3 409
60 0 4 438
60 0 5 427
60 0 6 419
60 0 7 396
60 0 8 432
60 0 9 381
60 0 10 450
60 1 3 454
60 1 4 425
60 1 5 444
60 1 6 445
60 1 7 382
60 1 8 357
60 1 9 394
60 1 10 379
60 2 3 339
60 2 4 348
60 2 5 396
60 2 6 440
60 2 7 143
60 2 8 286
60 2 9 424
60 2 10 392
60 3 3 431
60 3 4 452
60 3 5 447
60 3 6 380
60 3 7 430
60 3 8 392
60 3 9 440
60 3 10 432
60 4 3 433
60 4 4 422
60 4 5 419
60 4 6 348
60 4 7 372
60 4 8 407
60 4 9 382
60 4 10 437
60 5 3 406
60 5 4 316
60 5 5 377
60 5 6 431
60 5 7 375
60 5 8 445
60 5 9 400
60 5 10 405
60 6 3 317
60 6 4 404
60 6 5 380
60 6 6 359
60 6 7 423
60 6 8 372
60 6 9 432
60 6 10 434
60 7 3 429
60 7 4 410
60 7 5 345
60 7 6 315
60 7 7 422
60 7 8 430
60 7 9 430
60 7 10 436
60 8 3 448
60 8 4 430
60 8 5 433
60 8 6 426
60 8 7 439
60 8 8 452
60 8 9 460
60 8 10 445
60 9 3 441
60 9 4 411
60 9 5 381
60 9 6 435
60 9 7 424
60 9 8 427
60 9 9 351
60 9 10 430
80 0 3 739
80 0 4 756
80 0 5 598
80 0 6 812
80 0 7 752
80 0 8 744
80 0 9 713
80 0 10 798
80 1 3 804
80 1 4 795
80 1 5 723
80 1 6 709
80 1 7 768
80 1 8 697
80 1 9 711
80 1 10 686
80 2 3 774
80 2 4 733
80 2 5 771
80 2 6 721
80 2 7 660
80 2 8 778
80 2 9 700
80 2 10 701
80 3 3 718
80 3 4 796
80 3 5 777
80 3 6 783
80 3 7 738
80 3 8 645
80 3 9 779
80 3 10 785
80 4 3 780
80 4 4 769
80 4 5 778
80 4 6 782
80 4 7 720
80 4 8 786
80 4 9 751
80 4 10 725
80 5 3 387
80 5 4 703
80 5 5 692
80 5 6 614
80 5 7 779
80 5 8 822
80 5 9 790
80 5 10 704
80 6 3 786
80 6 4 737
80 6 5 774
80 6 6 694
80 6 7 735
80 6 8 795
80 6 9 481
80 6 10 394
80 7 3 699
80 7 4 404
80 7 5 755
80 7 6 678
80 7 7 739
80 7 8 804
80 7 9 753
80 7 10 520
80 8 3 627
80 8 4 554
80 8 5 789
80 8 6 741
80 8 7 645
80 8 8 689
80 8 9 803
80 8 10 644
80 9 3 627
80 9 4 740
80 9 5 775
80 9 6 773
80 9 7 773
80 9 8 782
80 9 9 629
80 9 10 790
100 0 3 1186
100 0 4 1209
100 0 5 1057
100 0 6 1130
100 0 7 1114
100 0 8 1242
100 0 9 1234
100 0 10 1229
100 1 3 1106
100 1 4 1159
100 1 5 1151
100 1 6 1179
100 1 7 932
100 1 8 1213
100 1 9 1199
100 1 10 891
100 2 3 1214
100 2 4 1193
100 2 5 1196
100 2 6 1234
100 2 7 1190
100 2 8 1243
100 2 9 1233
100 2 10 1251
100 3 3 993
100 3 4 1252
100 3 5 1243
100 3 6 1239
100 3 7 1114
100 3 8 1250
100 3 9 1110
100 3 10 842
100 4 3 1158
100 4 4 877
100 4 5 1175
100 4 6 1011
100 4 7 1253
100 4 8 1234
100 4 9 1224
100 4 10 968
100 5 3 1184
100 5 4 908
100 5 5 792
100 5 6 1067
100 5 7 1101
100 5 8 1064
100 5 9 1246
100 5 10 1252
100 6 3 1102
100 6 4 1187
100 6 5 1216
100 6 6 915
100 6 7 1014
100 6 8 1046
100 6 9 1215
100 6 10 1238
100 7 3 1212
100 7 4 1191
100 7 5 1254
100 7 6 1013
100 7 7 1156
100 7 8 1221
100 7 9 1242
100 7 10 1238
100 8 3 1240
100 8 4 1088
100 8 5 1199
100 8 6 968
100 8 7 1224
100 8 8 1100
100 8 9 1203
100 8 10 1229
100 9 3 987
100 9 4 1146
100 9 5 1193
100 9 6 1190
100 9 7 1224
100 9 8 1211
100 9 9 1229
100 9 10 1194
