60 0 0 439
60 0 1 427
60 0 2 448
60 1 0 418
60 1 1 395
60 1 2 383
60 2 0 434
60 2 1 440
60 2 2 449
60 3 0 386
60 3 1 441
60 3 2 449
60 4 0 448
60 4 1 391
60 4 2 441
60 5 0 450
60 5 1 441
60 5 2 439
60 6 0 427
60 6 1 454
60 6 2 409
60 7 0 419
60 7 1 423
60 7 2 459
60 8 0 421
60 8 1 357
60 8 2 428
60 9 0 461
60 9 1 439
60 9 2 458
80 0 0 812
80 0 1 803
80 0 2 801
80 1 0 769
80 1 1 785
80 1 2 783
80 2 0 772
80 2 1 803
80 2 2 807
80 3 0 791
80 3 1 773
80 3 2 780
80 4 0 746
80 4 1 781
80 4 2 757
80 5 0 776
80 5 1 815
80 5 2 776
80 6 0 815
80 6 1 787
80 6 2 774
80 7 0 700
80 7 1 784
80 7 2 730
80 8 0 806
80 8 1 689
80 8 2 754
80 9 0 795
80 9 1 802
80 9 2 803
100 0 0 1171
100 0 1 1246
100 0 2 1247
100 1 0 1273
100 1 1 1250
100 1 2 1224
100 2 0 1198
100 2 1 1245
100 2 2 1209
100 3 0 1210
100 3 1 1303
100 3 2 1258
100 4 0 1239
100 4 1 1215
100 4 2 1200
100 5 0 1254
100 5 1 1233
100 5 2 1200
100 6 0 1160
100 6 1 1237
100 6 2 1233
100 7 0 1196
100 7 1 1235
100 7 2 1154
100 8 0 1227
100 8 1 1258
100 8 2 1186
100 9 0 1238
100 9 1 1089
100 9 2 1251
60 0 3 415
60 0 4 437
60 0 5 411
60 0 6 461
60 0 7 465
60 0 8 456
60 0 9 455
60 0 10 451
60 1 3 442
60 1 4 447
60 1 5 454
60 1 6 448
60 1 7 454
60 1 8 445
60 1 9 429
60 1 10 441
60 2 3 453
60 2 4 446
60 2 5 429
60 2 6 334
60 2 7 450
60 2 8 424
60 2 9 410
60 2 10 446
60 3 3 403
60 3 4 449
60 3 5 419
60 3 6 450
60 3 7 421
60 3 8 407
60 3 9 433
60 3 10 458
60 4 3 437
60 4 4 459
60 4 5 442
60 4 6 455
60 4 7 429
60 4 8 460
60 4 9 400
60 4 10 379
60 5 3 440
60 5 4 413
60 5 5 455
60 5 6 435
60 5 7 415
60 5 8 408
60 5 9 455
60 5 10 444
60 6 3 423
60 6 4 443
60 6 5 427
60 6 6 417
60 6 7 433
60 6 8 437
60 6 9 429
60 6 10 408
60 7 3 421
60 7 4 417
60 7 5 383
60 7 6 429
60 7 7 452
60 7 8 420
60 7 9 442
60 7 10 448
60 8 3 445
60 8 4 442
60 8 5 456
60 8 6 449
60 8 7 426
60 8 8 432
60 8 9 448
60 8 10 432
60 9 3 438
60 9 4 448
60 9 5 463
60 9 6 446
60 9 7 450
60 9 8 447
60 9 9 461
60 9 10 464
80 0 3 785
80 0 4 745
80 0 5 801
80 0 6 779
80 0 7 795
80 0 8 803
80 0 9 758
80 0 10 772
80 1 3 783
80 1 4 775
80 1 5 812
80 1 6 803
80 1 7 759
80 1 8 765
80 1 9 697
80 1 10 793
80 2 3 800
80 2 4 767
80 2 5 776
80 2 6 756
80 2 7 809
80 2 8 733
80 2 9 768
80 2 10 753
80 3 3 794
80 3 4 805
80 3 5 784
80 3 6 757
80 3 7 790
80 3 8 762
80 3 9 789
80 3 10 768
80 4 3 796
80 4 4 776
80 4 5 770
80 4 6 802
80 4 7 733
80 4 8 786
80 4 9 783
80 4 10 773
80 5 3 803
80 5 4 784
80 5 5 782
80 5 6 770
80 5 7 796
80 5 8 791
80 5 9 769
80 5 10 793
80 6 3 807
80 6 4 790
80 6 5 792
80 6 6 780
80 6 7 777
80 6 8 788
80 6 9 786
80 6 10 789
80 7 3 747
80 7 4 758
80 7 5 807
80 7 6 778
80 7 7 797
80 7 8 790
80 7 9 819
80 7 10 785
80 8 3 792
80 8 4 782
80 8 5 767
80 8 6 765
80 8 7 784
80 8 8 804
80 8 9 791
80 8 10 759
80 9 3 810
80 9 4 787
80 9 5 783
80 9 6 746
80 9 7 767
80 9 8 772
80 9 9 778
80 9 10 746
100 0 3 1255
100 0 4 1221
100 0 5 1183
100 0 6 1197
100 0 7 1218
100 0 8 1238
100 0 9 1253
100 0 10 1249
100 1 3 1231
100 1 4 1235
100 1 5 1228
100 1 6 1224
100 1 7 1187
100 1 8 1193
100 1 9 1250
100 1 10 1233
100 2 3 1263
100 2 4 1259
100 2 5 1201
100 2 6 1225
100 2 7 1203
100 2 8 1168
100 2 9 1261
100 2 10 1062
100 3 3 1211
100 3 4 1292
100 3 5 1236
100 3 6 1237
100 3 7 1212
100 3 8 1194
100 3 9 1175
100 3 10 1209
100 4 3 1239
100 4 4 1181
100 4 5 1244
100 4 6 1181
100 4 7 1212
100 4 8 1221
100 4 9 1206
100 4 10 1242
100 5 3 1239
100 5 4 1231
100 5 5 1240
100 5 6 1264
100 5 7 1235
100 5 8 1234
100 5 9 1186
100 5 10 1247
100 6 3 1179
100 6 4 1187
100 6 5 1205
100 6 6 1215
100 6 7 1214
100 6 8 1168
100 6 9 1168
100 6 10 1263
100 7 3 1116
100 7 4 1250
100 7 5 1240
100 7 6 1228
100 7 7 1285
100 7 8 1233
100 7 9 1229
100 7 10 1234
100 8 3 1234
100 8 4 1223
100 8 5 1212
100 8 6 1223
100 8 7 1243
100 8 8 1218
100 8 9 1218
100 8 10 1205
100 9 3 1234
100 9 4 1215
100 9 5 1253
100 9 6 1201
100 9 7 1225
100 9 8 1224
100 9 9 1257
100 9 10 1215
