60 0 0 347
60 0 1 434
60 0 2 410
60 0 3 410
60 0 4 215
60 0 5 215
60 0 6 215
60 0 7 215
60 0 8 347
60 0 9 215
60 1 0 373
60 1 1 418
60 1 2 418
60 1 3 206
60 1 4 206
60 1 5 206
60 1 6 206
60 1 7 430
60 1 8 206
60 1 9 327
60 2 0 212
60 2 1 212
60 2 2 212
60 2 3 212
60 2 4 212
60 2 5 212
60 2 6 212
60 2 7 212
60 2 8 212
60 2 9 212
60 3 0 403
60 3 1 354
60 3 2 146
60 3 3 146
60 3 4 413
60 3 5 230
60 3 6 413
60 3 7 409
60 3 8 146
60 3 9 403
60 4 0 198
60 4 1 198
60 4 2 198
60 4 3 198
60 4 4 198
60 4 5 198
60 4 6 198
60 4 7 198
60 4 8 198
60 4 9 198
60 5 0 129
60 5 1 129
60 5 2 129
60 5 3 432
60 5 4 412
60 5 5 156
60 5 6 135
60 5 7 156
60 5 8 286
60 5 9 432
60 6 0 88
60 6 1 88
60 6 2 88
60 6 3 88
60 6 4 88
60 6 5 88
60 6 6 88
60 6 7 88
60 6 8 88
60 6 9 88
60 7 0 173
60 7 1 173
60 7 2 173
60 7 3 173
60 7 4 173
60 7 5 173
60 7 6 173
60 7 7 173
60 7 8 173
60 7 9 173
60 8 0 232
60 8 1 217
60 8 2 289
60 8 3 217
60 8 4 289
60 8 5 289
60 8 6 232
60 8 7 289
60 8 8 232
60 8 9 232
60 9 0 253
60 9 1 93
60 9 2 253
60 9 3 253
60 9 4 272
60 9 5 93
60 9 6 93
60 9 7 93
60 9 8 272
60 9 9 93
80 0 0 244
80 0 1 244
80 0 2 244
80 0 3 244
80 0 4 244
80 0 5 244
80 0 6 244
80 0 7 244
80 0 8 244
80 0 9 244
80 1 0 246
80 1 1 246
80 1 2 373
80 1 3 246
80 1 4 373
80 1 5 373
80 1 6 373
80 1 7 246
80 1 8 246
80 1 9 373
80 2 0 775
80 2 1 350
80 2 2 187
80 2 3 350
80 2 4 752
80 2 5 350
80 2 6 253
80 2 7 775
80 2 8 350
80 2 9 253
80 3 0 463
80 3 1 249
80 3 2 463
80 3 3 463
80 3 4 463
80 3 5 754
80 3 6 754
80 3 7 463
80 3 8 754
80 3 9 754
80 4 0 321
80 4 1 779
80 4 2 734
80 4 3 779
80 4 4 357
80 4 5 352
80 4 6 620
80 4 7 357
80 4 8 321
80 4 9 734
80 5 0 445
80 5 1 445
80 5 2 445
80 5 3 147
80 5 4 265
80 5 5 445
80 5 6 147
80 5 7 265
80 5 8 445
80 5 9 445
80 6 0 299
80 6 1 299
80 6 2 197
80 6 3 197
80 6 4 299
80 6 5 197
80 6 6 197
80 6 7 299
80 6 8 299
80 6 9 197
80 7 0 638
80 7 1 698
80 7 2 422
80 7 3 638
80 7 4 698
80 7 5 706
80 7 6 638
80 7 7 638
80 7 8 367
80 7 9 698
80 8 0 310
80 8 1 310
80 8 2 310
80 8 3 310
80 8 4 310
80 8 5 310
80 8 6 310
80 8 7 310
80 8 8 310
80 8 9 310
80 9 0 746
80 9 1 208
80 9 2 143
80 9 3 746
80 9 4 391
80 9 5 208
80 9 6 143
80 9 7 143
80 9 8 746
80 9 9 143
100 0 0 229
100 0 1 979
100 0 2 979
100 0 3 229
100 0 4 229
100 0 5 229
100 0 6 229
100 0 7 229
100 0 8 405
100 0 9 405
100 1 0 1173
100 1 1 401
100 1 2 614
100 1 3 619
100 1 4 614
100 1 5 619
100 1 6 614
100 1 7 614
100 1 8 619
100 1 9 1173
100 2 0 314
100 2 1 314
100 2 2 314
100 2 3 314
100 2 4 314
100 2 5 314
100 2 6 314
100 2 7 314
100 2 8 314
100 2 9 314
100 3 0 372
100 3 1 372
100 3 2 372
100 3 3 804
100 3 4 372
100 3 5 372
100 3 6 804
100 3 7 372
100 3 8 804
100 3 9 372
100 4 0 901
100 4 1 450
100 4 2 901
100 4 3 450
100 4 4 450
100 4 5 678
100 4 6 901
100 4 7 901
100 4 8 901
100 4 9 678
100 5 0 197
100 5 1 499
100 5 2 197
100 5 3 197
100 5 4 499
100 5 5 427
100 5 6 499
100 5 7 427
100 5 8 197
100 5 9 900
100 6 0 282
100 6 1 282
100 6 2 282
100 6 3 282
100 6 4 282
100 6 5 282
100 6 6 282
100 6 7 282
100 6 8 282
100 6 9 282
100 7 0 146
100 7 1 146
100 7 2 657
100 7 3 358
100 7 4 657
100 7 5 358
100 7 6 358
100 7 7 657
100 7 8 358
100 7 9 657
100 8 0 196
100 8 1 196
100 8 2 475
100 8 3 196
100 8 4 475
100 8 5 196
100 8 6 475
100 8 7 196
100 8 8 475
100 8 9 475
100 9 0 558
100 9 1 1131
100 9 2 983
100 9 3 1131
100 9 4 508
100 9 5 1131
100 9 6 508
100 9 7 1131
100 9 8 1131
100 9 9 494
