60 0 0 453
60 0 1 423
60 0 2 378
60 1 0 425
60 1 1 441
60 1 2 446
60 2 0 430
60 2 1 441
60 2 2 438
60 3 0 451
60 3 1 454
60 3 2 431
60 4 0 424
60 4 1 351
60 4 2 410
60 5 0 449
60 5 1 450
60 5 2 443
60 6 0 451
60 6 1 439
60 6 2 442
60 7 0 448
60 7 1 403
60 7 2 446
60 8 0 446
60 8 1 440
60 8 2 450
60 9 0 431
60 9 1 444
60 9 2 431
80 0 0 734
80 0 1 786
80 0 2 787
80 1 0 785
80 1 1 706
80 1 2 795
80 2 0 746
80 2 1 804
80 2 2 805
80 3 0 783
80 3 1 805
80 3 2 754
80 4 0 775
80 4 1 775
80 4 2 730
80 5 0 818
80 5 1 787
80 5 2 769
80 6 0 817
80 6 1 782
80 6 2 776
80 7 0 809
80 7 1 802
80 7 2 790
80 8 0 799
80 8 1 794
80 8 2 782
80 9 0 802
80 9 1 739
80 9 2 811
100 0 0 1178
100 0 1 1184
100 0 2 1227
100 1 0 1169
100 1 1 1226
100 1 2 1208
100 2 0 1226
100 2 1 1235
100 2 2 1206
100 3 0 1259
100 3 1 1202
100 3 2 1213
100 4 0 1226
100 4 1 1226
100 4 2 1204
100 5 0 1220
100 5 1 1213
100 5 2 1209
100 6 0 1244
100 6 1 1232
100 6 2 1193
100 7 0 1237
100 7 1 1230
100 7 2 1269
100 8 0 1239
100 8 1 1209
100 8 2 1268
100 9 0 1245
100 9 1 1216
100 9 2 1275
