60 0 0 451
60 0 1 411
60 0 2 454
60 1 0 426
60 1 1 424
60 1 2 445
60 2 0 436
60 2 1 446
60 2 2 408
60 3 0 411
60 3 1 448
60 3 2 442
60 4 0 443
60 4 1 455
60 4 2 459
60 5 0 434
60 5 1 432
60 5 2 421
60 6 0 439
60 6 1 448
60 6 2 458
60 7 0 452
60 7 1 355
60 7 2 381
60 8 0 433
60 8 1 457
60 8 2 411
60 9 0 441
60 9 1 422
60 9 2 454
80 0 0 795
80 0 1 797
80 0 2 767
80 1 0 770
80 1 1 692
80 1 2 797
80 2 0 797
80 2 1 789
80 2 2 798
80 3 0 783
80 3 1 694
80 3 2 764
80 4 0 737
80 4 1 787
80 4 2 767
80 5 0 764
80 5 1 797
80 5 2 768
80 6 0 785
80 6 1 779
80 6 2 811
80 7 0 780
80 7 1 792
80 7 2 764
80 8 0 752
80 8 1 819
80 8 2 750
80 9 0 804
80 9 1 755
80 9 2 786
100 0 0 1214
100 0 1 1260
100 0 2 1213
100 1 0 1215
100 1 1 1231
100 1 2 1240
100 2 0 1206
100 2 1 1250
100 2 2 1239
100 3 0 1201
100 3 1 1256
100 3 2 1248
100 4 0 1232
100 4 1 1271
100 4 2 1256
100 5 0 1202
100 5 1 1209
100 5 2 1219
100 6 0 1247
100 6 1 1275
100 6 2 1228
100 7 0 1214
100 7 1 1160
100 7 2 1252
100 8 0 1221
100 8 1 1247
100 8 2 1204
100 9 0 1245
100 9 1 1268
100 9 2 1228
60 0 3 436
60 0 4 440
60 0 5 443
60 0 6 451
60 0 7 436
60 0 8 440
60 0 9 454
60 0 10 433
60 1 3 433
60 1 4 409
60 1 5 453
60 1 6 449
60 1 7 464
60 1 8 445
60 1 9 418
60 1 10 432
60 2 3 450
60 2 4 450
60 2 5 433
60 2 6 396
60 2 7 436
60 2 8 413
60 2 9 454
60 2 10 450
60 3 3 444
60 3 4 448
60 3 5 445
60 3 6 459
60 3 7 422
60 3 8 448
60 3 9 428
60 3 10 450
60 4 3 442
60 4 4 412
60 4 5 426
60 4 6 420
60 4 7 383
60 4 8 453
60 4 9 421
60 4 10 430
60 5 3 417
60 5 4 438
60 5 5 443
60 5 6 453
60 5 7 409
60 5 8 452
60 5 9 456
60 5 10 426
60 6 3 442
60 6 4 463
60 6 5 426
60 6 6 438
60 6 7 415
60 6 8 433
60 6 9 441
60 6 10 433
60 7 3 456
60 7 4 429
60 7 5 452
60 7 6 438
60 7 7 443
60 7 8 449
60 7 9 456
60 7 10 464
60 8 3 439
60 8 4 414
60 8 5 419
60 8 6 444
60 8 7 459
60 8 8 444
60 8 9 402
60 8 10 443
60 9 3 417
60 9 4 437
60 9 5 392
60 9 6 406
60 9 7 428
60 9 8 449
60 9 9 442
60 9 10 439
80 0 3 795
80 0 4 779
80 0 5 797
80 0 6 789
80 0 7 804
80 0 8 719
80 0 9 813
80 0 10 746
80 1 3 768
80 1 4 774
80 1 5 751
80 1 6 785
80 1 7 748
80 1 8 812
80 1 9 755
80 1 10 782
80 2 3 715
80 2 4 768
80 2 5 764
80 2 6 803
80 2 7 739
80 2 8 774
80 2 9 800
80 2 10 740
80 3 3 779
80 3 4 792
80 3 5 773
80 3 6 774
80 3 7 793
80 3 8 751
80 3 9 804
80 3 10 767
80 4 3 729
80 4 4 795
80 4 5 760
80 4 6 811
80 4 7 775
80 4 8 781
80 4 9 741
80 4 10 787
80 5 3 792
80 5 4 769
80 5 5 758
80 5 6 793
80 5 7 759
80 5 8 792
80 5 9 752
80 5 10 781
80 6 3 767
80 6 4 781
80 6 5 780
80 6 6 787
80 6 7 780
80 6 8 795
80 6 9 784
80 6 10 793
80 7 3 804
80 7 4 828
80 7 5 794
80 7 6 768
80 7 7 745
80 7 8 801
80 7 9 763
80 7 10 790
80 8 3 732
80 8 4 755
80 8 5 797
80 8 6 785
80 8 7 802
80 8 8 764
80 8 9 752
80 8 10 779
80 9 3 803
80 9 4 767
80 9 5 749
80 9 6 770
80 9 7 763
80 9 8 789
80 9 9 778
80 9 10 754
100 0 3 1212
100 0 4 1197
100 0 5 1219
100 0 6 1244
100 0 7 1210
100 0 8 1206
100 0 9 1222
100 0 10 1247
100 1 3 1249
100 1 4 1224
100 1 5 1208
100 1 6 1244
100 1 7 1206
100 1 8 1232
100 1 9 1239
100 1 10 1166
100 2 3 1225
100 2 4 1223
100 2 5 1262
100 2 6 1237
100 2 7 1249
100 2 8 1268
100 2 9 1265
100 2 10 1255
100 3 3 1256
100 3 4 1199
100 3 5 1258
100 3 6 1270
100 3 7 1230
100 3 8 1209
100 3 9 1247
100 3 10 1237
100 4 3 1243
100 4 4 1262
100 4 5 1170
100 4 6 1066
100 4 7 1226
100 4 8 1258
100 4 9 1226
100 4 10 1156
100 5 3 1247
100 5 4 1195
100 5 5 1226
100 5 6 1250
100 5 7 1262
100 5 8 1247
100 5 9 1209
100 5 10 1236
100 6 3 1140
100 6 4 1257
100 6 5 1190
100 6 6 1265
100 6 7 1218
100 6 8 1044
100 6 9 1211
100 6 10 1165
100 7 3 1249
100 7 4 1269
100 7 5 1224
100 7 6 1249
100 7 7 1240
100 7 8 1276
100 7 9 1224
100 7 10 1223
100 8 3 1024
100 8 4 1240
100 8 5 1237
100 8 6 1270
100 8 7 1220
100 8 8 1196
100 8 9 1185
100 8 10 1217
100 9 3 1184
100 9 4 1254
100 9 5 1241
100 9 6 1210
100 9 7 1232
100 9 8 1240
100 9 9 1153
100 9 10 1212
