60 0 0 420
60 0 1 445
60 0 2 446
60 1 0 466
60 1 1 439
60 1 2 417
60 2 0 434
60 2 1 463
60 2 2 439
60 3 0 460
60 3 1 435
60 3 2 432
60 4 0 438
60 4 1 458
60 4 2 437
60 5 0 394
60 5 1 438
60 5 2 458
60 6 0 391
60 6 1 446
60 6 2 416
60 7 0 458
60 7 1 398
60 7 2 452
60 8 0 460
60 8 1 445
60 8 2 418
60 9 0 441
60 9 1 447
60 9 2 456
80 0 0 788
80 0 1 797
80 0 2 776
80 1 0 789
80 1 1 773
80 1 2 767
80 2 0 772
80 2 1 794
80 2 2 790
80 3 0 788
80 3 1 784
80 3 2 806
80 4 0 773
80 4 1 788
80 4 2 793
80 5 0 809
80 5 1 766
80 5 2 728
80 6 0 789
80 6 1 810
80 6 2 807
80 7 0 703
80 7 1 812
80 7 2 811
80 8 0 754
80 8 1 795
80 8 2 795
80 9 0 789
80 9 1 769
80 9 2 729
100 0 0 1165
100 0 1 1275
100 0 2 1227
100 1 0 1231
100 1 1 1242
100 1 2 1247
100 2 0 1234
100 2 1 1116
100 2 2 1250
100 3 0 1186
100 3 1 1215
100 3 2 1155
100 4 0 1227
100 4 1 1207
100 4 2 1218
100 5 0 1243
100 5 1 1233
100 5 2 1221
100 6 0 1179
100 6 1 1222
100 6 2 1184
100 7 0 1230
100 7 1 1221
100 7 2 1193
100 8 0 1219
100 8 1 1260
100 8 2 1261
100 9 0 1218
100 9 1 1286
100 9 2 1215
60 0 3 416
60 0 4 430
60 0 5 437
60 0 6 416
60 0 7 426
60 0 8 444
60 0 9 452
60 0 10 402
60 1 3 440
60 1 4 428
60 1 5 395
60 1 6 306
60 1 7 455
60 1 8 389
60 1 9 420
60 1 10 436
60 2 3 413
60 2 4 462
60 2 5 444
60 2 6 450
60 2 7 433
60 2 8 457
60 2 9 451
60 2 10 427
60 3 3 426
60 3 4 444
60 3 5 439
60 3 6 445
60 3 7 431
60 3 8 450
60 3 9 431
60 3 10 405
60 4 3 443
60 4 4 447
60 4 5 449
60 4 6 426
60 4 7 447
60 4 8 419
60 4 9 436
60 4 10 448
60 5 3 442
60 5 4 406
60 5 5 451
60 5 6 441
60 5 7 448
60 5 8 424
60 5 9 437
60 5 10 414
60 6 3 433
60 6 4 439
60 6 5 435
60 6 6 408
60 6 7 444
60 6 8 456
60 6 9 456
60 6 10 424
60 7 3 453
60 7 4 429
60 7 5 435
60 7 6 447
60 7 7 393
60 7 8 452
60 7 9 443
60 7 10 428
60 8 3 409
60 8 4 448
60 8 5 454
60 8 6 438
60 8 7 437
60 8 8 437
60 8 9 435
60 8 10 357
60 9 3 402
60 9 4 424
60 9 5 441
60 9 6 428
60 9 7 429
60 9 8 423
60 9 9 436
60 9 10 452
80 0 3 776
80 0 4 789
80 0 5 772
80 0 6 785
80 0 7 816
80 0 8 795
80 0 9 759
80 0 10 762
80 1 3 790
80 1 4 811
80 1 5 774
80 1 6 764
80 1 7 787
80 1 8 791
80 1 9 808
80 1 10 814
80 2 3 777
80 2 4 795
80 2 5 809
80 2 6 788
80 2 7 795
80 2 8 763
80 2 9 759
80 2 10 770
80 3 3 729
80 3 4 790
80 3 5 795
80 3 6 760
80 3 7 790
80 3 8 767
80 3 9 798
80 3 10 803
80 4 3 641
80 4 4 799
80 4 5 764
80 4 6 776
80 4 7 781
80 4 8 789
80 4 9 788
80 4 10 785
80 5 3 798
80 5 4 801
80 5 5 779
80 5 6 731
80 5 7 790
80 5 8 801
80 5 9 763
80 5 10 785
80 6 3 769
80 6 4 785
80 6 5 823
80 6 6 796
80 6 7 797
80 6 8 789
80 6 9 780
80 6 10 787
80 7 3 801
80 7 4 816
80 7 5 806
80 7 6 787
80 7 7 790
80 7 8 774
80 7 9 768
80 7 10 762
80 8 3 805
80 8 4 756
80 8 5 726
80 8 6 784
80 8 7 789
80 8 8 774
80 8 9 772
80 8 10 725
80 9 3 788
80 9 4 758
80 9 5 797
80 9 6 794
80 9 7 761
80 9 8 804
80 9 9 758
80 9 10 777
100 0 3 1228
100 0 4 1220
100 0 5 1227
100 0 6 1256
100 0 7 1224
100 0 8 1187
100 0 9 1244
100 0 10 1228
100 1 3 1199
100 1 4 1218
100 1 5 1222
100 1 6 1204
100 1 7 1210
100 1 8 1202
100 1 9 1252
100 1 10 1249
100 2 3 1219
100 2 4 1233
100 2 5 1154
100 2 6 1236
100 2 7 1261
100 2 8 1254
100 2 9 1204
100 2 10 1260
100 3 3 1185
100 3 4 1162
100 3 5 1232
100 3 6 1265
100 3 7 1241
100 3 8 1185
100 3 9 1250
100 3 10 1255
100 4 3 1199
100 4 4 1234
100 4 5 1120
100 4 6 1255
100 4 7 1293
100 4 8 1247
100 4 9 1244
100 4 10 1214
100 5 3 1208
100 5 4 1215
100 5 5 1230
100 5 6 1263
100 5 7 1209
100 5 8 1229
100 5 9 1231
100 5 10 1239
100 6 3 1221
100 6 4 1203
100 6 5 1262
100 6 6 1148
100 6 7 1243
100 6 8 1280
100 6 9 1208
100 6 10 1191
100 7 3 1250
100 7 4 1249
100 7 5 1214
100 7 6 1250
100 7 7 1183
100 7 8 1223
100 7 9 1212
100 7 10 1224
100 8 3 1214
100 8 4 1199
100 8 5 1138
100 8 6 1169
100 8 7 1186
100 8 8 1222
100 8 9 1242
100 8 10 1232
100 9 3 1225
100 9 4 1246
100 9 5 1254
100 9 6 1187
100 9 7 1125
100 9 8 1216
100 9 9 1256
100 9 10 1227
