60 0 0 431
60 0 1 424
60 0 2 422
60 1 0 444
60 1 1 409
60 1 2 408
60 2 0 437
60 2 1 436
60 2 2 435
60 3 0 402
60 3 1 414
60 3 2 433
60 4 0 448
60 4 1 456
60 4 2 453
60 5 0 422
60 5 1 414
60 5 2 432
60 6 0 420
60 6 1 450
60 6 2 458
60 7 0 402
60 7 1 434
60 7 2 388
60 8 0 410
60 8 1 437
60 8 2 441
60 9 0 443
60 9 1 455
60 9 2 441
80 0 0 764
80 0 1 797
80 0 2 802
80 1 0 783
80 1 1 792
80 1 2 767
80 2 0 772
80 2 1 779
80 2 2 780
80 3 0 797
80 3 1 802
80 3 2 778
80 4 0 755
80 4 1 826
80 4 2 787
80 5 0 798
80 5 1 742
80 5 2 778
80 6 0 786
80 6 1 751
80 6 2 759
80 7 0 784
80 7 1 782
80 7 2 773
80 8 0 782
80 8 1 782
80 8 2 755
80 9 0 756
80 9 1 792
80 9 2 766
100 0 0 1227
100 0 1 1223
100 0 2 1242
100 1 0 1252
100 1 1 1201
100 1 2 1166
100 2 0 1225
100 2 1 1266
100 2 2 1230
100 3 0 1221
100 3 1 1267
100 3 2 1271
100 4 0 1250
100 4 1 1258
100 4 2 1255
100 5 0 1269
100 5 1 1211
100 5 2 1235
100 6 0 1258
100 6 1 1206
100 6 2 1237
100 7 0 1246
100 7 1 1230
100 7 2 1229
100 8 0 1256
100 8 1 1258
100 8 2 1229
100 9 0 1229
100 9 1 1210
100 9 2 1235
60 0 3 459
60 0 4 424
60 0 5 436
60 0 6 392
60 0 7 418
60 0 8 445
60 0 9 424
60 0 10 434
60 1 3 422
60 1 4 418
60 1 5 420
60 1 6 451
60 1 7 440
60 1 8 423
60 1 9 437
60 1 10 439
60 2 3 433
60 2 4 433
60 2 5 432
60 2 6 449
60 2 7 393
60 2 8 419
60 2 9 369
60 2 10 427
60 3 3 453
60 3 4 432
60 3 5 443
60 3 6 411
60 3 7 415
60 3 8 451
60 3 9 446
60 3 10 433
60 4 3 448
60 4 4 409
60 4 5 441
60 4 6 452
60 4 7 405
60 4 8 430
60 4 9 318
60 4 10 443
60 5 3 446
60 5 4 436
60 5 5 445
60 5 6 447
60 5 7 440
60 5 8 393
60 5 9 460
60 5 10 447
60 6 3 418
60 6 4 448
60 6 5 442
60 6 6 450
60 6 7 436
60 6 8 455
60 6 9 410
60 6 10 434
60 7 3 421
60 7 4 435
60 7 5 426
60 7 6 448
60 7 7 432
60 7 8 387
60 7 9 448
60 7 10 443
60 8 3 433
60 8 4 431
60 8 5 439
60 8 6 434
60 8 7 442
60 8 8 447
60 8 9 438
60 8 10 445
60 9 3 453
60 9 4 436
60 9 5 434
60 9 6 424
60 9 7 439
60 9 8 394
60 9 9 426
60 9 10 430
80 0 3 767
80 0 4 778
80 0 5 756
80 0 6 789
80 0 7 781
80 0 8 816
80 0 9 746
80 0 10 802
80 1 3 777
80 1 4 818
80 1 5 788
80 1 6 806
80 1 7 805
80 1 8 776
80 1 9 812
80 1 10 809
80 2 3 807
80 2 4 779
80 2 5 782
80 2 6 789
80 2 7 800
80 2 8 813
80 2 9 711
80 2 10 778
80 3 3 669
80 3 4 810
80 3 5 794
80 3 6 794
80 3 7 789
80 3 8 757
80 3 9 763
80 3 10 811
80 4 3 759
80 4 4 766
80 4 5 768
80 4 6 769
80 4 7 792
80 4 8 773
80 4 9 790
80 4 10 748
80 5 3 770
80 5 4 793
80 5 5 798
80 5 6 741
80 5 7 774
80 5 8 788
80 5 9 821
80 5 10 801
80 6 3 779
80 6 4 799
80 6 5 729
80 6 6 737
80 6 7 796
80 6 8 768
80 6 9 779
80 6 10 777
80 7 3 739
80 7 4 784
80 7 5 795
80 7 6 786
80 7 7 777
80 7 8 788
80 7 9 777
80 7 10 754
80 8 3 797
80 8 4 768
80 8 5 823
80 8 6 799
80 8 7 781
80 8 8 785
80 8 9 743
80 8 10 795
80 9 3 728
80 9 4 721
80 9 5 757
80 9 6 789
80 9 7 788
80 9 8 777
80 9 9 774
80 9 10 789
100 0 3 1243
100 0 4 1214
100 0 5 1228
100 0 6 1249
100 0 7 1245
100 0 8 1228
100 0 9 1248
100 0 10 1199
100 1 3 1244
100 1 4 1244
100 1 5 1250
100 1 6 1195
100 1 7 1192
100 1 8 1218
100 1 9 1168
100 1 10 1201
100 2 3 1276
100 2 4 1196
100 2 5 1217
100 2 6 1217
100 2 7 1225
100 2 8 1213
100 2 9 1234
100 2 10 1235
100 3 3 1206
100 3 4 1233
100 3 5 1239
100 3 6 1249
100 3 7 1250
100 3 8 1227
100 3 9 1213
100 3 10 1211
100 4 3 1250
100 4 4 1258
100 4 5 1176
100 4 6 1273
100 4 7 1209
100 4 8 1179
100 4 9 1225
100 4 10 1248
100 5 3 1226
100 5 4 1219
100 5 5 1225
100 5 6 1153
100 5 7 1182
100 5 8 1223
100 5 9 1196
100 5 10 1248
100 6 3 1240
100 6 4 1218
100 6 5 1211
100 6 6 1189
100 6 7 1259
100 6 8 1282
100 6 9 1228
100 6 10 1240
100 7 3 1246
100 7 4 1206
100 7 5 1201
100 7 6 1195
100 7 7 1134
100 7 8 1228
100 7 9 1165
100 7 10 1189
100 8 3 1203
100 8 4 1208
100 8 5 1198
100 8 6 1145
100 8 7 1244
100 8 8 1220
100 8 9 1238
100 8 10 1240
100 9 3 1160
100 9 4 1231
100 9 5 1180
100 9 6 1259
100 9 7 1279
100 9 8 1207
100 9 9 1220
100 9 10 1229
