60 0 0 429
60 0 1 448
60 0 2 448
60 1 0 446
60 1 1 443
60 1 2 325
60 2 0 425
60 2 1 447
60 2 2 431
60 3 0 427
60 3 1 447
60 3 2 400
60 4 0 438
60 4 1 450
60 4 2 427
60 5 0 470
60 5 1 427
60 5 2 455
60 6 0 441
60 6 1 404
60 6 2 440
60 7 0 459
60 7 1 415
60 7 2 441
60 8 0 399
60 8 1 394
60 8 2 452
60 9 0 450
60 9 1 426
60 9 2 446
80 0 0 781
80 0 1 776
80 0 2 747
80 1 0 790
80 1 1 775
80 1 2 807
80 2 0 785
80 2 1 788
80 2 2 810
80 3 0 782
80 3 1 801
80 3 2 767
80 4 0 804
80 4 1 825
80 4 2 804
80 5 0 754
80 5 1 737
80 5 2 769
80 6 0 798
80 6 1 765
80 6 2 785
80 7 0 774
80 7 1 793
80 7 2 781
80 8 0 789
80 8 1 742
80 8 2 806
80 9 0 785
80 9 1 796
80 9 2 777
100 0 0 1284
100 0 1 1236
100 0 2 1232
100 1 0 1228
100 1 1 1233
100 1 2 1238
100 2 0 1226
100 2 1 1219
100 2 2 1179
100 3 0 1154
100 3 1 1267
100 3 2 1254
100 4 0 1247
100 4 1 1255
100 4 2 1227
100 5 0 1215
100 5 1 1196
100 5 2 1201
100 6 0 1215
100 6 1 1241
100 6 2 1206
100 7 0 1258
100 7 1 1208
100 7 2 1173
100 8 0 1259
100 8 1 1286
100 8 2 1238
100 9 0 1180
100 9 1 1234
100 9 2 1240
60 0 3 450
60 0 4 413
60 0 5 449
60 0 6 447
60 0 7 438
60 0 8 454
60 0 9 417
60 0 10 437
60 1 3 438
60 1 4 443
60 1 5 384
60 1 6 445
60 1 7 369
60 1 8 445
60 1 9 444
60 1 10 412
60 2 3 463
60 2 4 433
60 2 5 454
60 2 6 422
60 2 7 383
60 2 8 437
60 2 9 469
60 2 10 452
60 3 3 459
60 3 4 433
60 3 5 451
60 3 6 443
60 3 7 413
60 3 8 442
60 3 9 441
60 3 10 426
60 4 3 463
60 4 4 433
60 4 5 415
60 4 6 448
60 4 7 460
60 4 8 303
60 4 9 454
60 4 10 452
60 5 3 449
60 5 4 450
60 5 5 438
60 5 6 418
60 5 7 432
60 5 8 448
60 5 9 452
60 5 10 422
60 6 3 448
60 6 4 445
60 6 5 431
60 6 6 401
60 6 7 447
60 6 8 440
60 6 9 439
60 6 10 436
60 7 3 445
60 7 4 425
60 7 5 422
60 7 6 432
60 7 7 435
60 7 8 430
60 7 9 459
60 7 10 384
60 8 3 440
60 8 4 445
60 8 5 442
60 8 6 451
60 8 7 394
60 8 8 440
60 8 9 436
60 8 10 444
60 9 3 426
60 9 4 455
60 9 5 435
60 9 6 451
60 9 7 440
60 9 8 433
60 9 9 435
60 9 10 457
80 0 3 779
80 0 4 807
80 0 5 799
80 0 6 797
80 0 7 785
80 0 8 670
80 0 9 797
80 0 10 786
80 1 3 808
80 1 4 789
80 1 5 782
80 1 6 729
80 1 7 781
80 1 8 810
80 1 9 799
80 1 10 796
80 2 3 751
80 2 4 805
80 2 5 792
80 2 6 710
80 2 7 781
80 2 8 802
80 2 9 770
80 2 10 791
80 3 3 781
80 3 4 772
80 3 5 718
80 3 6 783
80 3 7 779
80 3 8 795
80 3 9 718
80 3 10 792
80 4 3 819
80 4 4 743
80 4 5 799
80 4 6 788
80 4 7 813
80 4 8 800
80 4 9 768
80 4 10 757
80 5 3 761
80 5 4 778
80 5 5 799
80 5 6 797
80 5 7 792
80 5 8 795
80 5 9 788
80 5 10 792
80 6 3 795
80 6 4 774
80 6 5 754
80 6 6 798
80 6 7 778
80 6 8 799
80 6 9 771
80 6 10 772
80 7 3 791
80 7 4 799
80 7 5 810
80 7 6 813
80 7 7 746
80 7 8 760
80 7 9 790
80 7 10 772
80 8 3 753
80 8 4 791
80 8 5 755
80 8 6 789
80 8 7 787
80 8 8 806
80 8 9 748
80 8 10 794
80 9 3 772
80 9 4 767
80 9 5 800
80 9 6 764
80 9 7 817
80 9 8 792
80 9 9 771
80 9 10 793
100 0 3 1232
100 0 4 1229
100 0 5 1243
100 0 6 1233
100 0 7 1213
100 0 8 1279
100 0 9 1263
100 0 10 1176
100 1 3 1215
100 1 4 1168
100 1 5 1212
100 1 6 1249
100 1 7 1241
100 1 8 1223
100 1 9 1228
100 1 10 1231
100 2 3 1186
100 2 4 1220
100 2 5 1264
100 2 6 1265
100 2 7 1211
100 2 8 1213
100 2 9 1203
100 2 10 1154
100 3 3 1179
100 3 4 1262
100 3 5 1257
100 3 6 1253
100 3 7 1208
100 3 8 1134
100 3 9 1219
100 3 10 1227
100 4 3 1217
100 4 4 1262
100 4 5 1189
100 4 6 1198
100 4 7 1236
100 4 8 1140
100 4 9 1238
100 4 10 1293
100 5 3 1267
100 5 4 1236
100 5 5 1215
100 5 6 1259
100 5 7 1218
100 5 8 1242
100 5 9 1239
100 5 10 1213
100 6 3 1223
100 6 4 1245
100 6 5 1191
100 6 6 1214
100 6 7 1200
100 6 8 1226
100 6 9 1238
100 6 10 1240
100 7 3 1241
100 7 4 1179
100 7 5 1203
100 7 6 1270
100 7 7 1237
100 7 8 1246
100 7 9 1242
100 7 10 1216
100 8 3 1258
100 8 4 1170
100 8 5 1217
100 8 6 1187
100 8 7 1215
100 8 8 1238
100 8 9 1241
100 8 10 1257
100 9 3 1232
100 9 4 1243
100 9 5 1261
100 9 6 1211
100 9 7 1179
100 9 8 1257
100 9 9 1241
100 9 10 1232
