60 0 0 457
60 0 1 434
60 0 2 433
60 1 0 447
60 1 1 441
60 1 2 441
60 2 0 367
60 2 1 436
60 2 2 467
60 3 0 437
60 3 1 427
60 3 2 431
60 4 0 447
60 4 1 422
60 4 2 439
60 5 0 453
60 5 1 453
60 5 2 404
60 6 0 450
60 6 1 424
60 6 2 426
60 7 0 417
60 7 1 405
60 7 2 457
60 8 0 439
60 8 1 439
60 8 2 431
60 9 0 345
60 9 1 448
60 9 2 426
80 0 0 774
80 0 1 779
80 0 2 804
80 1 0 772
80 1 1 800
80 1 2 804
80 2 0 787
80 2 1 757
80 2 2 783
80 3 0 785
80 3 1 800
80 3 2 799
80 4 0 786
80 4 1 778
80 4 2 793
80 5 0 795
80 5 1 746
80 5 2 735
80 6 0 790
80 6 1 807
80 6 2 830
80 7 0 798
80 7 1 809
80 7 2 783
80 8 0 753
80 8 1 715
80 8 2 811
80 9 0 792
80 9 1 792
80 9 2 768
100 0 0 1258
100 0 1 1257
100 0 2 1244
100 1 0 1217
100 1 1 1216
100 1 2 1267
100 2 0 1249
100 2 1 1268
100 2 2 1253
100 3 0 1244
100 3 1 1201
100 3 2 1230
100 4 0 1220
100 4 1 1217
100 4 2 1237
100 5 0 1197
100 5 1 1220
100 5 2 1255
100 6 0 1231
100 6 1 1244
100 6 2 1196
100 7 0 1239
100 7 1 1247
100 7 2 1223
100 8 0 1264
100 8 1 1203
100 8 2 1254
100 9 0 1202
100 9 1 1212
100 9 2 1237
60 0 3 437
60 0 4 448
60 0 5 432
60 0 6 440
60 0 7 399
60 0 8 452
60 0 9 447
60 0 10 432
60 1 3 351
60 1 4 434
60 1 5 386
60 1 6 436
60 1 7 470
60 1 8 463
60 1 9 451
60 1 10 445
60 2 3 407
60 2 4 434
60 2 5 437
60 2 6 425
60 2 7 424
60 2 8 413
60 2 9 414
60 2 10 433
60 3 3 458
60 3 4 444
60 3 5 424
60 3 6 452
60 3 7 442
60 3 8 445
60 3 9 413
60 3 10 442
60 4 3 432
60 4 4 446
60 4 5 453
60 4 6 470
60 4 7 415
60 4 8 440
60 4 9 448
60 4 10 389
60 5 3 430
60 5 4 434
60 5 5 430
60 5 6 447
60 5 7 455
60 5 8 427
60 5 9 453
60 5 10 455
60 6 3 445
60 6 4 452
60 6 5 429
60 6 6 428
60 6 7 442
60 6 8 433
60 6 9 442
60 6 10 438
60 7 3 439
60 7 4 428
60 7 5 428
60 7 6 421
60 7 7 456
60 7 8 460
60 7 9 445
60 7 10 447
60 8 3 437
60 8 4 439
60 8 5 453
60 8 6 444
60 8 7 456
60 8 8 458
60 8 9 449
60 8 10 435
60 9 3 454
60 9 4 447
60 9 5 435
60 9 6 417
60 9 7 389
60 9 8 443
60 9 9 440
60 9 10 437
80 0 3 785
80 0 4 661
80 0 5 806
80 0 6 758
80 0 7 794
80 0 8 785
80 0 9 789
80 0 10 791
80 1 3 800
80 1 4 763
80 1 5 806
80 1 6 774
80 1 7 789
80 1 8 784
80 1 9 758
80 1 10 799
80 2 3 762
80 2 4 769
80 2 5 765
80 2 6 780
80 2 7 784
80 2 8 779
80 2 9 781
80 2 10 799
80 3 3 801
80 3 4 774
80 3 5 761
80 3 6 795
80 3 7 771
80 3 8 802
80 3 9 757
80 3 10 798
80 4 3 727
80 4 4 786
80 4 5 792
80 4 6 765
80 4 7 776
80 4 8 811
80 4 9 779
80 4 10 817
80 5 3 770
80 5 4 785
80 5 5 798
80 5 6 817
80 5 7 822
80 5 8 762
80 5 9 781
80 5 10 778
80 6 3 805
80 6 4 814
80 6 5 772
80 6 6 777
80 6 7 822
80 6 8 809
80 6 9 779
80 6 10 786
80 7 3 798
80 7 4 790
80 7 5 781
80 7 6 775
80 7 7 799
80 7 8 789
80 7 9 774
80 7 10 723
80 8 3 798
80 8 4 785
80 8 5 793
80 8 6 796
80 8 7 819
80 8 8 789
80 8 9 750
80 8 10 795
80 9 3 770
80 9 4 786
80 9 5 786
80 9 6 786
80 9 7 790
80 9 8 808
80 9 9 791
80 9 10 777
100 0 3 1258
100 0 4 1195
100 0 5 1216
100 0 6 1279
100 0 7 1259
100 0 8 1207
100 0 9 1182
100 0 10 1206
100 1 3 1237
100 1 4 1226
100 1 5 1227
100 1 6 1235
100 1 7 1156
100 1 8 1268
100 1 9 1260
100 1 10 1250
100 2 3 1167
100 2 4 1130
100 2 5 1246
100 2 6 1258
100 2 7 1144
100 2 8 1238
100 2 9 1248
100 2 10 1233
100 3 3 1202
100 3 4 1221
100 3 5 1244
100 3 6 1195
100 3 7 1216
100 3 8 1208
100 3 9 1197
100 3 10 1261
100 4 3 1234
100 4 4 1155
100 4 5 1250
100 4 6 1222
100 4 7 1157
100 4 8 1236
100 4 9 1226
100 4 10 1180
100 5 3 1223
100 5 4 1232
100 5 5 1260
100 5 6 1258
100 5 7 1234
100 5 8 1230
100 5 9 1235
100 5 10 1253
100 6 3 1193
100 6 4 1160
100 6 5 1206
100 6 6 1243
100 6 7 1237
100 6 8 1241
100 6 9 1240
100 6 10 1214
100 7 3 1230
100 7 4 1195
100 7 5 1216
100 7 6 1246
100 7 7 1265
100 7 8 1213
100 7 9 1270
100 7 10 1239
100 8 3 1264
100 8 4 1218
100 8 5 1223
100 8 6 1257
100 8 7 1191
100 8 8 1228
100 8 9 1216
100 8 10 1270
100 9 3 1168
100 9 4 1210
100 9 5 1258
100 9 6 1216
100 9 7 1229
100 9 8 1195
100 9 9 1250
100 9 10 1268
