60 0 0 31
60 0 1 311
60 0 2 335
60 0 3 449
60 0 4 253
60 0 5 233
60 0 6 295
60 0 7 356
60 0 8 214
60 0 9 340
60 1 0 368
60 1 1 59
60 1 2 220
60 1 3 128
60 1 4 430
60 1 5 322
60 1 6 429
60 1 7 120
60 1 8 390
60 1 9 253
60 2 0 0
60 2 1 386
60 2 2 371
60 2 3 372
60 2 4 426
60 2 5 193
60 2 6 371
60 2 7 88
60 2 8 324
60 2 9 324
60 3 0 374
60 3 1 433
60 3 2 252
60 3 3 405
60 3 4 83
60 3 5 435
60 3 6 55
60 3 7 343
60 3 8 354
60 3 9 374
60 4 0 381
60 4 1 365
60 4 2 433
60 4 3 212
60 4 4 362
60 4 5 88
60 4 6 302
60 4 7 261
60 4 8 399
60 4 9 365
60 5 0 135
60 5 1 271
60 5 2 264
60 5 3 264
60 5 4 327
60 5 5 126
60 5 6 163
60 5 7 156
60 5 8 154
60 5 9 135
60 6 0 220
60 6 1 88
60 6 2 240
60 6 3 62
60 6 4 165
60 6 5 117
60 6 6 165
60 6 7 165
60 6 8 117
60 6 9 165
60 7 0 173
60 7 1 432
60 7 2 88
60 7 3 261
60 7 4 243
60 7 5 343
60 7 6 276
60 7 7 243
60 7 8 276
60 7 9 276
60 8 0 418
60 8 1 35
60 8 2 200
60 8 3 381
60 8 4 179
60 8 5 200
60 8 6 217
60 8 7 200
60 8 8 67
60 8 9 253
60 9 0 165
60 9 1 285
60 9 2 253
60 9 3 302
60 9 4 66
60 9 5 342
60 9 6 119
60 9 7 137
60 9 8 231
60 9 9 158
80 0 0 414
80 0 1 587
80 0 2 494
80 0 3 468
80 0 4 267
80 0 5 781
80 0 6 244
80 0 7 79
80 0 8 565
80 0 9 764
80 1 0 34
80 1 1 680
80 1 2 694
80 1 3 336
80 1 4 0
80 1 5 339
80 1 6 103
80 1 7 34
80 1 8 489
80 1 9 669
80 2 0 772
80 2 1 289
80 2 2 665
80 2 3 613
80 2 4 560
80 2 5 316
80 2 6 743
80 2 7 463
80 2 8 289
80 2 9 694
80 3 0 249
80 3 1 122
80 3 2 249
80 3 3 588
80 3 4 369
80 3 5 499
80 3 6 499
80 3 7 281
80 3 8 137
80 3 9 150
80 4 0 431
80 4 1 79
80 4 2 498
80 4 3 440
80 4 4 356
80 4 5 587
80 4 6 44
80 4 7 678
80 4 8 768
80 4 9 759
80 5 0 613
80 5 1 252
80 5 2 181
80 5 3 418
80 5 4 603
80 5 5 309
80 5 6 378
80 5 7 149
80 5 8 309
80 5 9 392
80 6 0 238
80 6 1 81
80 6 2 585
80 6 3 438
80 6 4 331
80 6 5 294
80 6 6 85
80 6 7 266
80 6 8 331
80 6 9 411
80 7 0 730
80 7 1 37
80 7 2 37
80 7 3 421
80 7 4 39
80 7 5 122
80 7 6 421
80 7 7 770
80 7 8 37
80 7 9 39
80 8 0 781
80 8 1 694
80 8 2 401
80 8 3 446
80 8 4 80
80 8 5 310
80 8 6 446
80 8 7 620
80 8 8 310
80 8 9 345
80 9 0 253
80 9 1 283
80 9 2 449
80 9 3 141
80 9 4 285
80 9 5 134
80 9 6 287
80 9 7 538
80 9 8 217
80 9 9 342
100 0 0 437
100 0 1 1224
100 0 2 401
100 0 3 437
100 0 4 477
100 0 5 272
100 0 6 272
100 0 7 89
100 0 8 701
100 0 9 993
100 1 0 661
100 1 1 241
100 1 2 816
100 1 3 404
100 1 4 614
100 1 5 318
100 1 6 796
100 1 7 52
100 1 8 363
100 1 9 871
100 2 0 1043
100 2 1 990
100 2 2 0
100 2 3 1067
100 2 4 605
100 2 5 144
100 2 6 917
100 2 7 1089
100 2 8 1223
100 2 9 1141
100 3 0 485
100 3 1 893
100 3 2 189
100 3 3 1125
100 3 4 585
100 3 5 445
100 3 6 1021
100 3 7 556
100 3 8 283
100 3 9 556
100 4 0 178
100 4 1 1209
100 4 2 809
100 4 3 1204
100 4 4 818
100 4 5 1233
100 4 6 1235
100 4 7 1157
100 4 8 1221
100 4 9 48
100 5 0 998
100 5 1 618
100 5 2 1143
100 5 3 646
100 5 4 1091
100 5 5 949
100 5 6 937
100 5 7 747
100 5 8 108
100 5 9 1254
100 6 0 286
100 6 1 547
100 6 2 325
100 6 3 377
100 6 4 377
100 6 5 377
100 6 6 377
100 6 7 685
100 6 8 547
100 6 9 325
100 7 0 579
100 7 1 310
100 7 2 729
100 7 3 619
100 7 4 626
100 7 5 547
100 7 6 982
100 7 7 787
100 7 8 508
100 7 9 1054
100 8 0 430
100 8 1 599
100 8 2 843
100 8 3 384
100 8 4 476
100 8 5 784
100 8 6 940
100 8 7 430
100 8 8 343
100 8 9 822
100 9 0 1238
100 9 1 1235
100 9 2 650
100 9 3 1087
100 9 4 190
100 9 5 1175
100 9 6 58
100 9 7 1206
100 9 8 1175
100 9 9 752
