60 0 0 449
60 0 1 437
60 0 2 441
60 1 0 398
60 1 1 431
60 1 2 438
60 2 0 432
60 2 1 430
60 2 2 430
60 3 0 425
60 3 1 454
60 3 2 414
60 4 0 429
60 4 1 453
60 4 2 462
60 5 0 409
60 5 1 421
60 5 2 448
60 6 0 450
60 6 1 421
60 6 2 424
60 7 0 430
60 7 1 450
60 7 2 453
60 8 0 452
60 8 1 447
60 8 2 431
60 9 0 439
60 9 1 441
60 9 2 444
80 0 0 747
80 0 1 805
80 0 2 814
80 1 0 765
80 1 1 809
80 1 2 785
80 2 0 795
80 2 1 739
80 2 2 742
80 3 0 749
80 3 1 788
80 3 2 775
80 4 0 758
80 4 1 784
80 4 2 780
80 5 0 810
80 5 1 771
80 5 2 799
80 6 0 788
80 6 1 790
80 6 2 802
80 7 0 790
80 7 1 641
80 7 2 782
80 8 0 767
80 8 1 793
80 8 2 788
80 9 0 780
80 9 1 784
80 9 2 796
100 0 0 1225
100 0 1 1246
100 0 2 1235
100 1 0 1248
100 1 1 1224
100 1 2 1212
100 2 0 1175
100 2 1 1210
100 2 2 1244
100 3 0 1218
100 3 1 1230
100 3 2 1240
100 4 0 1228
100 4 1 1186
100 4 2 1248
100 5 0 1218
100 5 1 1172
100 5 2 1191
100 6 0 1277
100 6 1 1253
100 6 2 1269
100 7 0 1229
100 7 1 1251
100 7 2 1209
100 8 0 1215
100 8 1 1251
100 8 2 1177
100 9 0 1231
100 9 1 1247
100 9 2 1250
60 0 3 451
60 0 4 443
60 0 5 445
60 0 6 444
60 0 7 434
60 0 8 444
60 0 9 430
60 0 10 440
60 1 3 446
60 1 4 448
60 1 5 432
60 1 6 445
60 1 7 426
60 1 8 439
60 1 9 445
60 1 10 335
60 2 3 457
60 2 4 416
60 2 5 452
60 2 6 432
60 2 7 446
60 2 8 408
60 2 9 446
60 2 10 442
60 3 3 444
60 3 4 444
60 3 5 404
60 3 6 435
60 3 7 422
60 3 8 448
60 3 9 374
60 3 10 422
60 4 3 454
60 4 4 448
60 4 5 387
60 4 6 403
60 4 7 430
60 4 8 469
60 4 9 424
60 4 10 416
60 5 3 456
60 5 4 431
60 5 5 431
60 5 6 450
60 5 7 440
60 5 8 434
60 5 9 434
60 5 10 445
60 6 3 439
60 6 4 411
60 6 5 447
60 6 6 383
60 6 7 437
60 6 8 406
60 6 9 453
60 6 10 444
60 7 3 446
60 7 4 448
60 7 5 438
60 7 6 443
60 7 7 446
60 7 8 393
60 7 9 447
60 7 10 461
60 8 3 439
60 8 4 438
60 8 5 420
60 8 6 452
60 8 7 455
60 8 8 457
60 8 9 429
60 8 10 437
60 9 3 447
60 9 4 436
60 9 5 455
60 9 6 405
60 9 7 422
60 9 8 435
60 9 9 434
60 9 10 448
80 0 3 781
80 0 4 740
80 0 5 784
80 0 6 802
80 0 7 694
80 0 8 764
80 0 9 723
80 0 10 760
80 1 3 802
80 1 4 811
80 1 5 812
80 1 6 801
80 1 7 792
80 1 8 739
80 1 9 779
80 1 10 807
80 2 3 785
80 2 4 776
80 2 5 787
80 2 6 745
80 2 7 765
80 2 8 804
80 2 9 781
80 2 10 784
80 3 3 736
80 3 4 753
80 3 5 795
80 3 6 784
80 3 7 789
80 3 8 790
80 3 9 751
80 3 10 782
80 4 3 806
80 4 4 793
80 4 5 753
80 4 6 767
80 4 7 768
80 4 8 782
80 4 9 760
80 4 10 794
80 5 3 796
80 5 4 814
80 5 5 796
80 5 6 769
80 5 7 783
80 5 8 814
80 5 9 765
80 5 10 796
80 6 3 771
80 6 4 796
80 6 5 781
80 6 6 791
80 6 7 785
80 6 8 778
80 6 9 781
80 6 10 804
80 7 3 776
80 7 4 751
80 7 5 760
80 7 6 764
80 7 7 781
80 7 8 725
80 7 9 785
80 7 10 749
80 8 3 804
80 8 4 745
80 8 5 794
80 8 6 753
80 8 7 691
80 8 8 629
80 8 9 786
80 8 10 795
80 9 3 766
80 9 4 791
80 9 5 816
80 9 6 790
80 9 7 759
80 9 8 783
80 9 9 767
80 9 10 753
100 0 3 1227
100 0 4 1167
100 0 5 1235
100 0 6 1237
100 0 7 1239
100 0 8 1240
100 0 9 1247
100 0 10 1222
100 1 3 1182
100 1 4 1243
100 1 5 1259
100 1 6 1211
100 1 7 1235
100 1 8 1155
100 1 9 1244
100 1 10 1110
100 2 3 1228
100 2 4 1240
100 2 5 1246
100 2 6 1127
100 2 7 1247
100 2 8 1243
100 2 9 1251
100 2 10 1240
100 3 3 1240
100 3 4 1261
100 3 5 1187
100 3 6 1212
100 3 7 1199
100 3 8 1222
100 3 9 1253
100 3 10 1237
100 4 3 1220
100 4 4 1243
100 4 5 1227
100 4 6 1228
100 4 7 1220
100 4 8 1271
100 4 9 1260
100 4 10 1260
100 5 3 1251
100 5 4 1231
100 5 5 1167
100 5 6 1241
100 5 7 1247
100 5 8 1218
100 5 9 1252
100 5 10 1208
100 6 3 1141
100 6 4 1212
100 6 5 1227
100 6 6 1234
100 6 7 1233
100 6 8 1242
100 6 9 1240
100 6 10 1237
100 7 3 1230
100 7 4 1258
100 7 5 1176
100 7 6 1261
100 7 7 1276
100 7 8 1215
100 7 9 1209
100 7 10 1026
100 8 3 1198
100 8 4 1249
100 8 5 1216
100 8 6 1253
100 8 7 1247
100 8 8 1216
100 8 9 1249
100 8 10 1266
100 9 3 1220
100 9 4 1198
100 9 5 1235
100 9 6 1269
100 9 7 1190
100 9 8 1262
100 9 9 1243
100 9 10 1232
