60 0 0 443
60 0 1 449
60 0 2 443
60 1 0 445
60 1 1 439
60 1 2 429
60 2 0 432
60 2 1 403
60 2 2 443
60 3 0 454
60 3 1 472
60 3 2 435
60 4 0 457
60 4 1 453
60 4 2 439
60 5 0 454
60 5 1 435
60 5 2 436
60 6 0 454
60 6 1 391
60 6 2 428
60 7 0 428
60 7 1 443
60 7 2 420
60 8 0 446
60 8 1 441
60 8 2 447
60 9 0 407
60 9 1 408
60 9 2 427
80 0 0 787
80 0 1 767
80 0 2 788
80 1 0 778
80 1 1 794
80 1 2 771
80 2 0 751
80 2 1 794
80 2 2 750
80 3 0 790
80 3 1 795
80 3 2 793
80 4 0 765
80 4 1 807
80 4 2 788
80 5 0 772
80 5 1 754
80 5 2 777
80 6 0 773
80 6 1 726
80 6 2 766
80 7 0 794
80 7 1 746
80 7 2 769
80 8 0 814
80 8 1 780
80 8 2 782
80 9 0 798
80 9 1 807
80 9 2 813
100 0 0 1223
100 0 1 1286
100 0 2 1264
100 1 0 1240
100 1 1 1272
100 1 2 1228
100 2 0 1257
100 2 1 1256
100 2 2 1176
100 3 0 1206
100 3 1 1235
100 3 2 1231
100 4 0 1257
100 4 1 1228
100 4 2 1236
100 5 0 1246
100 5 1 1134
100 5 2 1188
100 6 0 1229
100 6 1 1230
100 6 2 1256
100 7 0 1237
100 7 1 1229
100 7 2 1239
100 8 0 1184
100 8 1 1179
100 8 2 1265
100 9 0 1229
100 9 1 1249
100 9 2 1245
60 0 3 433
60 0 4 437
60 0 5 437
60 0 6 421
60 0 7 444
60 0 8 452
60 0 9 410
60 0 10 442
60 1 3 437
60 1 4 431
60 1 5 446
60 1 6 432
60 1 7 428
60 1 8 438
60 1 9 412
60 1 10 400
60 2 3 447
60 2 4 428
60 2 5 445
60 2 6 459
60 2 7 439
60 2 8 445
60 2 9 429
60 2 10 451
60 3 3 386
60 3 4 437
60 3 5 456
60 3 6 428
60 3 7 423
60 3 8 449
60 3 9 369
60 3 10 413
60 4 3 428
60 4 4 418
60 4 5 414
60 4 6 450
60 4 7 449
60 4 8 426
60 4 9 464
60 4 10 438
60 5 3 441
60 5 4 417
60 5 5 407
60 5 6 415
60 5 7 456
60 5 8 468
60 5 9 442
60 5 10 442
60 6 3 435
60 6 4 448
60 6 5 408
60 6 6 450
60 6 7 433
60 6 8 361
60 6 9 436
60 6 10 450
60 7 3 421
60 7 4 405
60 7 5 420
60 7 6 442
60 7 7 452
60 7 8 428
60 7 9 415
60 7 10 455
60 8 3 445
60 8 4 429
60 8 5 456
60 8 6 428
60 8 7 439
60 8 8 421
60 8 9 413
60 8 10 411
60 9 3 426
60 9 4 441
60 9 5 440
60 9 6 448
60 9 7 447
60 9 8 457
60 9 9 450
60 9 10 438
80 0 3 794
80 0 4 804
80 0 5 773
80 0 6 742
80 0 7 792
80 0 8 752
80 0 9 798
80 0 10 788
80 1 3 819
80 1 4 791
80 1 5 804
80 1 6 811
80 1 7 807
80 1 8 770
80 1 9 783
80 1 10 792
80 2 3 783
80 2 4 764
80 2 5 745
80 2 6 794
80 2 7 768
80 2 8 781
80 2 9 802
80 2 10 804
80 3 3 778
80 3 4 782
80 3 5 737
80 3 6 732
80 3 7 785
80 3 8 786
80 3 9 774
80 3 10 778
80 4 3 771
80 4 4 786
80 4 5 803
80 4 6 801
80 4 7 740
80 4 8 786
80 4 9 790
80 4 10 740
80 5 3 812
80 5 4 797
80 5 5 765
80 5 6 809
80 5 7 734
80 5 8 802
80 5 9 770
80 5 10 779
80 6 3 746
80 6 4 781
80 6 5 768
80 6 6 797
80 6 7 797
80 6 8 785
80 6 9 744
80 6 10 778
80 7 3 786
80 7 4 735
80 7 5 813
80 7 6 820
80 7 7 757
80 7 8 815
80 7 9 803
80 7 10 782
80 8 3 789
80 8 4 822
80 8 5 750
80 8 6 788
80 8 7 811
80 8 8 792
80 8 9 801
80 8 10 766
80 9 3 794
80 9 4 731
80 9 5 742
80 9 6 797
80 9 7 761
80 9 8 802
80 9 9 809
80 9 10 798
100 0 3 1220
100 0 4 1261
100 0 5 1228
100 0 6 1234
100 0 7 1253
100 0 8 1224
100 0 9 1176
100 0 10 1239
100 1 3 1232
100 1 4 1056
100 1 5 1188
100 1 6 1229
100 1 7 1227
100 1 8 1238
100 1 9 1234
100 1 10 1210
100 2 3 1256
100 2 4 1200
100 2 5 1220
100 2 6 1148
100 2 7 1262
100 2 8 1233
100 2 9 1148
100 2 10 1209
100 3 3 1209
100 3 4 1274
100 3 5 1164
100 3 6 1155
100 3 7 1150
100 3 8 1201
100 3 9 1243
100 3 10 1060
100 4 3 1255
100 4 4 1219
100 4 5 1227
100 4 6 1228
100 4 7 1259
100 4 8 1242
100 4 9 1163
100 4 10 1209
100 5 3 1251
100 5 4 1250
100 5 5 1220
100 5 6 1221
100 5 7 1219
100 5 8 1143
100 5 9 1250
100 5 10 1220
100 6 3 1260
100 6 4 1229
100 6 5 1216
100 6 6 1290
100 6 7 1197
100 6 8 1191
100 6 9 1179
100 6 10 1246
100 7 3 1227
100 7 4 1201
100 7 5 1219
100 7 6 1249
100 7 7 1253
100 7 8 1233
100 7 9 1235
100 7 10 1149
100 8 3 1229
100 8 4 1245
100 8 5 1231
100 8 6 1222
100 8 7 1231
100 8 8 1231
100 8 9 1210
100 8 10 1238
100 9 3 1202
100 9 4 1209
100 9 5 1246
100 9 6 1170
100 9 7 1201
100 9 8 1223
100 9 9 1260
100 9 10 1191
