60 0 0 31
60 0 1 0
60 0 2 304
60 0 3 304
60 0 4 215
60 0 5 215
60 0 6 215
60 0 7 215
60 0 8 31
60 0 9 215
60 1 0 0
60 1 1 32
60 1 2 32
60 1 3 237
60 1 4 237
60 1 5 237
60 1 6 237
60 1 7 27
60 1 8 237
60 1 9 430
60 2 0 360
60 2 1 360
60 2 2 360
60 2 3 360
60 2 4 360
60 2 5 360
60 2 6 360
60 2 7 360
60 2 8 360
60 2 9 360
60 3 0 0
60 3 1 423
60 3 2 163
60 3 3 163
60 3 4 55
60 3 5 312
60 3 6 55
60 3 7 26
60 3 8 163
60 3 9 0
60 4 0 312
60 4 1 312
60 4 2 312
60 4 3 312
60 4 4 312
60 4 5 312
60 4 6 312
60 4 7 312
60 4 8 312
60 4 9 312
60 5 0 182
60 5 1 182
60 5 2 182
60 5 3 29
60 5 4 126
60 5 5 253
60 5 6 188
60 5 7 253
60 5 8 451
60 5 9 29
60 6 0 165
60 6 1 165
60 6 2 165
60 6 3 165
60 6 4 165
60 6 5 165
60 6 6 165
60 6 7 165
60 6 8 165
60 6 9 165
60 7 0 318
60 7 1 318
60 7 2 318
60 7 3 318
60 7 4 318
60 7 5 318
60 7 6 318
60 7 7 318
60 7 8 318
60 7 9 318
60 8 0 364
60 8 1 313
60 8 2 424
60 8 3 313
60 8 4 424
60 8 5 424
60 8 6 364
60 8 7 424
60 8 8 364
60 8 9 364
60 9 0 422
60 9 1 137
60 9 2 422
60 9 3 422
60 9 4 409
60 9 5 137
60 9 6 137
60 9 7 137
60 9 8 409
60 9 9 137
80 0 0 296
80 0 1 296
80 0 2 296
80 0 3 296
80 0 4 296
80 0 5 296
80 0 6 296
80 0 7 296
80 0 8 296
80 0 9 296
80 1 0 365
80 1 1 365
80 1 2 537
80 1 3 365
80 1 4 537
80 1 5 537
80 1 6 537
80 1 7 365
80 1 8 365
80 1 9 537
80 2 0 44
80 2 1 547
80 2 2 250
80 2 3 547
80 2 4 0
80 2 5 547
80 2 6 257
80 2 7 44
80 2 8 547
80 2 9 257
80 3 0 704
80 3 1 367
80 3 2 704
80 3 3 692
80 3 4 704
80 3 5 137
80 3 6 137
80 3 7 692
80 3 8 137
80 3 9 137
80 4 0 532
80 4 1 44
80 4 2 0
80 4 3 44
80 4 4 507
80 4 5 694
80 4 6 475
80 4 7 507
80 4 8 532
80 4 9 0
80 5 0 672
80 5 1 672
80 5 2 672
80 5 3 149
80 5 4 262
80 5 5 672
80 5 6 149
80 5 7 262
80 5 8 672
80 5 9 672
80 6 0 331
80 6 1 331
80 6 2 227
80 6 3 227
80 6 4 331
80 6 5 227
80 6 6 227
80 6 7 331
80 6 8 331
80 6 9 227
80 7 0 188
80 7 1 37
80 7 2 751
80 7 3 113
80 7 4 37
80 7 5 491
80 7 6 113
80 7 7 188
80 7 8 675
80 7 9 37
80 8 0 401
80 8 1 401
80 8 2 401
80 8 3 401
80 8 4 401
80 8 5 401
80 8 6 401
80 8 7 401
80 8 8 401
80 8 9 401
80 9 0 105
80 9 1 283
80 9 2 218
80 9 3 105
80 9 4 527
80 9 5 283
80 9 6 218
80 9 7 218
80 9 8 105
80 9 9 218
100 0 0 227
100 0 1 886
100 0 2 886
100 0 3 227
100 0 4 227
100 0 5 227
100 0 6 227
100 0 7 227
100 0 8 623
100 0 9 623
100 1 0 0
100 1 1 473
100 1 2 921
100 1 3 903
100 1 4 921
100 1 5 903
100 1 6 921
100 1 7 921
100 1 8 903
100 1 9 0
100 2 0 641
100 2 1 641
100 2 2 641
100 2 3 641
100 2 4 641
100 2 5 641
100 2 6 641
100 2 7 641
100 2 8 641
100 2 9 641
100 3 0 484
100 3 1 484
100 3 2 484
100 3 3 1191
100 3 4 484
100 3 5 484
100 3 6 1189
100 3 7 484
100 3 8 1191
100 3 9 484
100 4 0 437
100 4 1 818
100 4 2 437
100 4 3 818
100 4 4 818
100 4 5 1198
100 4 6 437
100 4 7 437
100 4 8 437
100 4 9 1198
100 5 0 330
100 5 1 881
100 5 2 330
100 5 3 330
100 5 4 881
100 5 5 718
100 5 6 881
100 5 7 718
100 5 8 330
100 5 9 968
100 6 0 415
100 6 1 415
100 6 2 415
100 6 3 415
100 6 4 415
100 6 5 415
100 6 6 415
100 6 7 415
100 6 8 415
100 6 9 415
100 7 0 193
100 7 1 193
100 7 2 1118
100 7 3 650
100 7 4 1118
100 7 5 650
100 7 6 650
100 7 7 1118
100 7 8 650
100 7 9 1118
100 8 0 242
100 8 1 242
100 8 2 574
100 8 3 242
100 8 4 574
100 8 5 242
100 8 6 574
100 8 7 242
100 8 8 574
100 8 9 574
100 9 0 1070
100 9 1 0
100 9 2 58
100 9 3 0
100 9 4 841
100 9 5 0
100 9 6 841
100 9 7 0
100 9 8 0
100 9 9 837
