60 0 0 454
60 0 1 448
60 0 2 459
60 1 0 436
60 1 1 439
60 1 2 455
60 2 0 445
60 2 1 437
60 2 2 423
60 3 0 428
60 3 1 445
60 3 2 446
60 4 0 409
60 4 1 404
60 4 2 448
60 5 0 466
60 5 1 428
60 5 2 450
60 6 0 429
60 6 1 422
60 6 2 440
60 7 0 446
60 7 1 438
60 7 2 421
60 8 0 458
60 8 1 418
60 8 2 434
60 9 0 464
60 9 1 432
60 9 2 417
80 0 0 802
80 0 1 755
80 0 2 741
80 1 0 781
80 1 1 760
80 1 2 782
80 2 0 791
80 2 1 802
80 2 2 795
80 3 0 778
80 3 1 781
80 3 2 774
80 4 0 751
80 4 1 810
80 4 2 782
80 5 0 714
80 5 1 778
80 5 2 768
80 6 0 764
80 6 1 802
80 6 2 780
80 7 0 826
80 7 1 767
80 7 2 824
80 8 0 778
80 8 1 774
80 8 2 840
80 9 0 799
80 9 1 818
80 9 2 786
100 0 0 1253
100 0 1 1220
100 0 2 1190
100 1 0 1254
100 1 1 1224
100 1 2 1266
100 2 0 1185
100 2 1 1245
100 2 2 1226
100 3 0 1269
100 3 1 1247
100 3 2 1256
100 4 0 1223
100 4 1 1245
100 4 2 1252
100 5 0 1223
100 5 1 1215
100 5 2 1232
100 6 0 1241
100 6 1 1197
100 6 2 1237
100 7 0 1173
100 7 1 1235
100 7 2 1198
100 8 0 1219
100 8 1 1235
100 8 2 1264
100 9 0 1208
100 9 1 1238
100 9 2 1205
60 0 3 443
60 0 4 411
60 0 5 448
60 0 6 442
60 0 7 351
60 0 8 452
60 0 9 441
60 0 10 444
60 1 3 415
60 1 4 444
60 1 5 434
60 1 6 441
60 1 7 435
60 1 8 442
60 1 9 452
60 1 10 419
60 2 3 423
60 2 4 384
60 2 5 443
60 2 6 453
60 2 7 453
60 2 8 441
60 2 9 432
60 2 10 376
60 3 3 431
60 3 4 440
60 3 5 406
60 3 6 366
60 3 7 405
60 3 8 348
60 3 9 431
60 3 10 436
60 4 3 436
60 4 4 461
60 4 5 440
60 4 6 423
60 4 7 449
60 4 8 445
60 4 9 431
60 4 10 415
60 5 3 450
60 5 4 442
60 5 5 441
60 5 6 418
60 5 7 448
60 5 8 433
60 5 9 414
60 5 10 431
60 6 3 430
60 6 4 419
60 6 5 446
60 6 6 453
60 6 7 452
60 6 8 430
60 6 9 441
60 6 10 452
60 7 3 463
60 7 4 428
60 7 5 430
60 7 6 433
60 7 7 449
60 7 8 465
60 7 9 444
60 7 10 435
60 8 3 468
60 8 4 428
60 8 5 432
60 8 6 417
60 8 7 448
60 8 8 441
60 8 9 424
60 8 10 428
60 9 3 430
60 9 4 452
60 9 5 455
60 9 6 419
60 9 7 444
60 9 8 414
60 9 9 369
60 9 10 442
80 0 3 752
80 0 4 780
80 0 5 796
80 0 6 799
80 0 7 786
80 0 8 741
80 0 9 817
80 0 10 787
80 1 3 799
80 1 4 821
80 1 5 792
80 1 6 806
80 1 7 750
80 1 8 776
80 1 9 806
80 1 10 763
80 2 3 778
80 2 4 792
80 2 5 816
80 2 6 803
80 2 7 768
80 2 8 774
80 2 9 776
80 2 10 793
80 3 3 764
80 3 4 814
80 3 5 781
80 3 6 787
80 3 7 761
80 3 8 780
80 3 9 801
80 3 10 753
80 4 3 796
80 4 4 786
80 4 5 772
80 4 6 779
80 4 7 809
80 4 8 750
80 4 9 773
80 4 10 803
80 5 3 760
80 5 4 740
80 5 5 753
80 5 6 787
80 5 7 809
80 5 8 803
80 5 9 795
80 5 10 744
80 6 3 750
80 6 4 763
80 6 5 792
80 6 6 798
80 6 7 795
80 6 8 789
80 6 9 809
80 6 10 798
80 7 3 819
80 7 4 810
80 7 5 771
80 7 6 814
80 7 7 800
80 7 8 760
80 7 9 773
80 7 10 779
80 8 3 799
80 8 4 744
80 8 5 774
80 8 6 778
80 8 7 792
80 8 8 800
80 8 9 785
80 8 10 807
80 9 3 799
80 9 4 809
80 9 5 786
80 9 6 823
80 9 7 803
80 9 8 793
80 9 9 774
80 9 10 749
100 0 3 1264
100 0 4 1239
100 0 5 1214
100 0 6 1241
100 0 7 1160
100 0 8 1244
100 0 9 1250
100 0 10 1230
100 1 3 1224
100 1 4 1234
100 1 5 1234
100 1 6 1216
100 1 7 1264
100 1 8 1217
100 1 9 1180
100 1 10 1141
100 2 3 1212
100 2 4 1242
100 2 5 1075
100 2 6 1184
100 2 7 1239
100 2 8 1260
100 2 9 1219
100 2 10 1237
100 3 3 1249
100 3 4 1247
100 3 5 1170
100 3 6 1239
100 3 7 1223
100 3 8 1253
100 3 9 1087
100 3 10 1238
100 4 3 1205
100 4 4 1256
100 4 5 1237
100 4 6 1143
100 4 7 1248
100 4 8 1230
100 4 9 1233
100 4 10 1226
100 5 3 1165
100 5 4 1255
100 5 5 1256
100 5 6 1219
100 5 7 1241
100 5 8 1195
100 5 9 1093
100 5 10 1211
100 6 3 1248
100 6 4 1243
100 6 5 1189
100 6 6 1211
100 6 7 1237
100 6 8 1252
100 6 9 1231
100 6 10 1195
100 7 3 1205
100 7 4 1226
100 7 5 1092
100 7 6 1263
100 7 7 1131
100 7 8 1230
100 7 9 1245
100 7 10 1259
100 8 3 1216
100 8 4 1242
100 8 5 1275
100 8 6 1242
100 8 7 1277
100 8 8 1266
100 8 9 1239
100 8 10 1238
100 9 3 1169
100 9 4 1245
100 9 5 1237
100 9 6 1214
100 9 7 1242
100 9 8 1248
100 9 9 1238
100 9 10 1219
