60 0 0 31
60 0 1 0
60 0 2 29
60 0 3 29
60 0 4 301
60 0 5 301
60 0 6 301
60 0 7 301
60 0 8 31
60 0 9 301
60 1 0 0
60 1 1 32
60 1 2 32
60 1 3 274
60 1 4 274
60 1 5 274
60 1 6 274
60 1 7 27
60 1 8 274
60 1 9 130
60 2 0 426
60 2 1 426
60 2 2 426
60 2 3 426
60 2 4 426
60 2 5 426
60 2 6 426
60 2 7 426
60 2 8 426
60 2 9 426
60 3 0 0
60 3 1 81
60 3 2 163
60 3 3 163
60 3 4 55
60 3 5 350
60 3 6 55
60 3 7 26
60 3 8 163
60 3 9 0
60 4 0 438
60 4 1 438
60 4 2 438
60 4 3 438
60 4 4 438
60 4 5 438
60 4 6 438
60 4 7 438
60 4 8 438
60 4 9 438
60 5 0 182
60 5 1 182
60 5 2 182
60 5 3 29
60 5 4 126
60 5 5 340
60 5 6 188
60 5 7 340
60 5 8 0
60 5 9 29
60 6 0 165
60 6 1 165
60 6 2 165
60 6 3 165
60 6 4 165
60 6 5 165
60 6 6 165
60 6 7 165
60 6 8 165
60 6 9 165
60 7 0 427
60 7 1 427
60 7 2 427
60 7 3 427
60 7 4 427
60 7 5 427
60 7 6 427
60 7 7 427
60 7 8 427
60 7 9 427
60 8 0 425
60 8 1 378
60 8 2 27
60 8 3 378
60 8 4 0
60 8 5 0
60 8 6 414
60 8 7 0
60 8 8 425
60 8 9 414
60 9 0 102
60 9 1 137
60 9 2 134
60 9 3 134
60 9 4 208
60 9 5 137
60 9 6 137
60 9 7 137
60 9 8 208
60 9 9 137
80 0 0 436
80 0 1 436
80 0 2 436
80 0 3 436
80 0 4 436
80 0 5 436
80 0 6 436
80 0 7 436
80 0 8 436
80 0 9 436
80 1 0 540
80 1 1 540
80 1 2 758
80 1 3 540
80 1 4 758
80 1 5 758
80 1 6 758
80 1 7 540
80 1 8 540
80 1 9 758
80 2 0 44
80 2 1 758
80 2 2 346
80 2 3 758
80 2 4 0
80 2 5 758
80 2 6 278
80 2 7 44
80 2 8 758
80 2 9 278
80 3 0 544
80 3 1 469
80 3 2 544
80 3 3 544
80 3 4 544
80 3 5 137
80 3 6 137
80 3 7 544
80 3 8 137
80 3 9 137
80 4 0 669
80 4 1 44
80 4 2 0
80 4 3 44
80 4 4 659
80 4 5 757
80 4 6 79
80 4 7 659
80 4 8 669
80 4 9 0
80 5 0 762
80 5 1 762
80 5 2 762
80 5 3 179
80 5 4 323
80 5 5 762
80 5 6 179
80 5 7 323
80 5 8 762
80 5 9 762
80 6 0 487
80 6 1 487
80 6 2 260
80 6 3 260
80 6 4 487
80 6 5 260
80 6 6 260
80 6 7 487
80 6 8 487
80 6 9 260
80 7 0 0
80 7 1 37
80 7 2 415
80 7 3 0
80 7 4 37
80 7 5 116
80 7 6 0
80 7 7 0
80 7 8 784
80 7 9 37
80 8 0 540
80 8 1 540
80 8 2 540
80 8 3 540
80 8 4 540
80 8 5 540
80 8 6 540
80 8 7 540
80 8 8 540
80 8 9 540
80 9 0 105
80 9 1 336
80 9 2 218
80 9 3 105
80 9 4 742
80 9 5 336
80 9 6 218
80 9 7 218
80 9 8 105
80 9 9 218
100 0 0 227
100 0 1 0
100 0 2 0
100 0 3 227
100 0 4 227
100 0 5 227
100 0 6 227
100 0 7 227
100 0 8 950
100 0 9 950
100 1 0 0
100 1 1 660
100 1 2 1267
100 1 3 1235
100 1 4 1267
100 1 5 1235
100 1 6 1267
100 1 7 1267
100 1 8 1235
100 1 9 0
100 2 0 990
100 2 1 990
100 2 2 990
100 2 3 990
100 2 4 990
100 2 5 990
100 2 6 990
100 2 7 990
100 2 8 990
100 2 9 990
100 3 0 602
100 3 1 602
100 3 2 602
100 3 3 0
100 3 4 602
100 3 5 602
100 3 6 0
100 3 7 602
100 3 8 0
100 3 9 602
100 4 0 0
100 4 1 1223
100 4 2 0
100 4 3 1223
100 4 4 1223
100 4 5 80
100 4 6 0
100 4 7 0
100 4 8 0
100 4 9 80
100 5 0 407
100 5 1 1219
100 5 2 407
100 5 3 407
100 5 4 1219
100 5 5 1022
100 5 6 1219
100 5 7 1022
100 5 8 407
100 5 9 0
100 6 0 532
100 6 1 532
100 6 2 532
100 6 3 532
100 6 4 532
100 6 5 532
100 6 6 532
100 6 7 532
100 6 8 532
100 6 9 532
100 7 0 193
100 7 1 193
100 7 2 943
100 7 3 790
100 7 4 943
100 7 5 790
100 7 6 790
100 7 7 943
100 7 8 790
100 7 9 943
100 8 0 283
100 8 1 283
100 8 2 934
100 8 3 283
100 8 4 934
100 8 5 283
100 8 6 934
100 8 7 283
100 8 8 934
100 8 9 934
100 9 0 1111
100 9 1 0
100 9 2 58
100 9 3 0
100 9 4 1157
100 9 5 0
100 9 6 1157
100 9 7 0
100 9 8 0
100 9 9 1174
