60 0 0 434
60 0 1 419
60 0 2 450
60 1 0 406
60 1 1 399
60 1 2 428
60 2 0 420
60 2 1 421
60 2 2 355
60 3 0 355
60 3 1 447
60 3 2 423
60 4 0 441
60 4 1 412
60 4 2 438
60 5 0 460
60 5 1 423
60 5 2 458
60 6 0 434
60 6 1 375
60 6 2 433
60 7 0 448
60 7 1 440
60 7 2 443
60 8 0 468
60 8 1 429
60 8 2 426
60 9 0 452
60 9 1 446
60 9 2 440
80 0 0 819
80 0 1 802
80 0 2 806
80 1 0 745
80 1 1 804
80 1 2 782
80 2 0 787
80 2 1 797
80 2 2 742
80 3 0 803
80 3 1 751
80 3 2 738
80 4 0 692
80 4 1 751
80 4 2 774
80 5 0 759
80 5 1 807
80 5 2 796
80 6 0 751
80 6 1 809
80 6 2 775
80 7 0 800
80 7 1 788
80 7 2 774
80 8 0 776
80 8 1 793
80 8 2 821
80 9 0 746
80 9 1 737
80 9 2 791
100 0 0 1248
100 0 1 1208
100 0 2 1252
100 1 0 1243
100 1 1 1202
100 1 2 1237
100 2 0 1203
100 2 1 1176
100 2 2 1215
100 3 0 1241
100 3 1 1226
100 3 2 1245
100 4 0 1241
100 4 1 1262
100 4 2 1233
100 5 0 1163
100 5 1 1244
100 5 2 1193
100 6 0 1232
100 6 1 1256
100 6 2 1251
100 7 0 1189
100 7 1 1100
100 7 2 1195
100 8 0 1264
100 8 1 1237
100 8 2 1288
100 9 0 1139
100 9 1 1209
100 9 2 1220
60 0 3 429
60 0 4 419
60 0 5 442
60 0 6 393
60 0 7 433
60 0 8 423
60 0 9 435
60 0 10 410
60 1 3 445
60 1 4 431
60 1 5 453
60 1 6 446
60 1 7 437
60 1 8 456
60 1 9 438
60 1 10 450
60 2 3 453
60 2 4 406
60 2 5 449
60 2 6 450
60 2 7 337
60 2 8 439
60 2 9 416
60 2 10 436
60 3 3 402
60 3 4 445
60 3 5 445
60 3 6 414
60 3 7 447
60 3 8 423
60 3 9 434
60 3 10 424
60 4 3 447
60 4 4 446
60 4 5 385
60 4 6 418
60 4 7 401
60 4 8 416
60 4 9 456
60 4 10 405
60 5 3 430
60 5 4 445
60 5 5 452
60 5 6 448
60 5 7 393
60 5 8 438
60 5 9 440
60 5 10 463
60 6 3 467
60 6 4 416
60 6 5 445
60 6 6 416
60 6 7 425
60 6 8 448
60 6 9 436
60 6 10 425
60 7 3 437
60 7 4 446
60 7 5 362
60 7 6 449
60 7 7 426
60 7 8 390
60 7 9 413
60 7 10 427
60 8 3 427
60 8 4 443
60 8 5 429
60 8 6 445
60 8 7 465
60 8 8 444
60 8 9 439
60 8 10 448
60 9 3 395
60 9 4 448
60 9 5 457
60 9 6 450
60 9 7 446
60 9 8 446
60 9 9 432
60 9 10 385
80 0 3 798
80 0 4 791
80 0 5 830
80 0 6 796
80 0 7 739
80 0 8 804
80 0 9 776
80 0 10 812
80 1 3 798
80 1 4 767
80 1 5 780
80 1 6 785
80 1 7 787
80 1 8 802
80 1 9 762
80 1 10 755
80 2 3 757
80 2 4 779
80 2 5 795
80 2 6 779
80 2 7 806
80 2 8 791
80 2 9 790
80 2 10 789
80 3 3 788
80 3 4 780
80 3 5 801
80 3 6 669
80 3 7 804
80 3 8 770
80 3 9 751
80 3 10 779
80 4 3 807
80 4 4 797
80 4 5 810
80 4 6 786
80 4 7 777
80 4 8 763
80 4 9 719
80 4 10 670
80 5 3 783
80 5 4 694
80 5 5 796
80 5 6 702
80 5 7 754
80 5 8 799
80 5 9 762
80 5 10 783
80 6 3 785
80 6 4 725
80 6 5 776
80 6 6 784
80 6 7 788
80 6 8 809
80 6 9 793
80 6 10 732
80 7 3 742
80 7 4 774
80 7 5 768
80 7 6 756
80 7 7 790
80 7 8 681
80 7 9 765
80 7 10 757
80 8 3 778
80 8 4 717
80 8 5 657
80 8 6 778
80 8 7 717
80 8 8 767
80 8 9 761
80 8 10 809
80 9 3 781
80 9 4 784
80 9 5 795
80 9 6 786
80 9 7 777
80 9 8 773
80 9 9 779
80 9 10 749
100 0 3 1183
100 0 4 1225
100 0 5 1198
100 0 6 1239
100 0 7 1216
100 0 8 1224
100 0 9 1239
100 0 10 1206
100 1 3 1259
100 1 4 1212
100 1 5 1261
100 1 6 1213
100 1 7 1254
100 1 8 1086
100 1 9 1249
100 1 10 1261
100 2 3 1254
100 2 4 1247
100 2 5 1173
100 2 6 1224
100 2 7 1195
100 2 8 1287
100 2 9 1208
100 2 10 1232
100 3 3 1209
100 3 4 1254
100 3 5 1252
100 3 6 1266
100 3 7 1253
100 3 8 1251
100 3 9 1226
100 3 10 1210
100 4 3 1213
100 4 4 1196
100 4 5 1127
100 4 6 1212
100 4 7 1141
100 4 8 1252
100 4 9 1205
100 4 10 1234
100 5 3 1261
100 5 4 1233
100 5 5 1247
100 5 6 1200
100 5 7 1092
100 5 8 1218
100 5 9 1190
100 5 10 1222
100 6 3 1257
100 6 4 1188
100 6 5 1267
100 6 6 1265
100 6 7 1241
100 6 8 1235
100 6 9 1174
100 6 10 1266
100 7 3 1205
100 7 4 1248
100 7 5 1227
100 7 6 1256
100 7 7 1243
100 7 8 1160
100 7 9 1208
100 7 10 1248
100 8 3 1206
100 8 4 1251
100 8 5 1246
100 8 6 1122
100 8 7 1232
100 8 8 1190
100 8 9 1199
100 8 10 1246
100 9 3 1195
100 9 4 1278
100 9 5 1249
100 9 6 1223
100 9 7 1214
100 9 8 1231
100 9 9 1224
100 9 10 1181
