60 0 0 31
60 0 1 420
60 0 2 317
60 0 3 61
60 0 4 233
60 0 5 340
60 0 6 295
60 0 7 340
60 0 8 59
60 0 9 317
60 1 0 267
60 1 1 59
60 1 2 409
60 1 3 128
60 1 4 57
60 1 5 286
60 1 6 32
60 1 7 92
60 1 8 429
60 1 9 342
60 2 0 0
60 2 1 383
60 2 2 396
60 2 3 360
60 2 4 430
60 2 5 0
60 2 6 378
60 2 7 118
60 2 8 324
60 2 9 324
60 3 0 358
60 3 1 405
60 3 2 81
60 3 3 81
60 3 4 83
60 3 5 83
60 3 6 80
60 3 7 385
60 3 8 335
60 3 9 330
60 4 0 424
60 4 1 332
60 4 2 450
60 4 3 0
60 4 4 393
60 4 5 114
60 4 6 302
60 4 7 302
60 4 8 386
60 4 9 332
60 5 0 324
60 5 1 362
60 5 2 398
60 5 3 321
60 5 4 63
60 5 5 156
60 5 6 135
60 5 7 184
60 5 8 210
60 5 9 135
60 6 0 179
60 6 1 0
60 6 2 220
60 6 3 62
60 6 4 165
60 6 5 165
60 6 6 165
60 6 7 165
60 6 8 165
60 6 9 165
60 7 0 0
60 7 1 384
60 7 2 88
60 7 3 261
60 7 4 261
60 7 5 295
60 7 6 276
60 7 7 276
60 7 8 261
60 7 9 276
60 8 0 24
60 8 1 67
60 8 2 246
60 8 3 343
60 8 4 246
60 8 5 246
60 8 6 217
60 8 7 265
60 8 8 123
60 8 9 230
60 9 0 210
60 9 1 272
60 9 2 289
60 9 3 302
60 9 4 66
60 9 5 342
60 9 6 330
60 9 7 137
60 9 8 231
60 9 9 66
80 0 0 360
80 0 1 0
80 0 2 414
80 0 3 414
80 0 4 267
80 0 5 781
80 0 6 0
80 0 7 79
80 0 8 0
80 0 9 759
80 1 0 34
80 1 1 625
80 1 2 669
80 1 3 336
80 1 4 0
80 1 5 0
80 1 6 103
80 1 7 34
80 1 8 692
80 1 9 542
80 2 0 789
80 2 1 458
80 2 2 534
80 2 3 556
80 2 4 487
80 2 5 316
80 2 6 754
80 2 7 82
80 2 8 349
80 2 9 734
80 3 0 437
80 3 1 122
80 3 2 744
80 3 3 534
80 3 4 369
80 3 5 458
80 3 6 614
80 3 7 459
80 3 8 81
80 3 9 38
80 4 0 460
80 4 1 79
80 4 2 0
80 4 3 784
80 4 4 356
80 4 5 460
80 4 6 44
80 4 7 643
80 4 8 708
80 4 9 766
80 5 0 613
80 5 1 418
80 5 2 181
80 5 3 209
80 5 4 112
80 5 5 392
80 5 6 357
80 5 7 76
80 5 8 309
80 5 9 360
80 6 0 0
80 6 1 81
80 6 2 761
80 6 3 411
80 6 4 300
80 6 5 227
80 6 6 85
80 6 7 266
80 6 8 266
80 6 9 104
80 7 0 691
80 7 1 37
80 7 2 37
80 7 3 750
80 7 4 39
80 7 5 37
80 7 6 783
80 7 7 757
80 7 8 37
80 7 9 630
80 8 0 0
80 8 1 684
80 8 2 310
80 8 3 401
80 8 4 80
80 8 5 310
80 8 6 377
80 8 7 0
80 8 8 310
80 8 9 310
80 9 0 217
80 9 1 249
80 9 2 710
80 9 3 689
80 9 4 285
80 9 5 700
80 9 6 253
80 9 7 538
80 9 8 217
80 9 9 287
100 0 0 437
100 0 1 1267
100 0 2 0
100 0 3 395
100 0 4 477
100 0 5 272
100 0 6 384
100 0 7 477
100 0 8 809
100 0 9 993
100 1 0 848
100 1 1 91
100 1 2 816
100 1 3 404
100 1 4 718
100 1 5 363
100 1 6 95
100 1 7 52
100 1 8 363
100 1 9 1234
100 2 0 936
100 2 1 885
100 2 2 44
100 2 3 1214
100 2 4 641
100 2 5 899
100 2 6 774
100 2 7 1221
100 2 8 1141
100 2 9 990
100 3 0 445
100 3 1 893
100 3 2 95
100 3 3 1173
100 3 4 585
100 3 5 368
100 3 6 1192
100 3 7 556
100 3 8 773
100 3 9 485
100 4 0 34
100 4 1 1153
100 4 2 882
100 4 3 1238
100 4 4 778
100 4 5 1233
100 4 6 1233
100 4 7 1102
100 4 8 1220
100 4 9 48
100 5 0 911
100 5 1 686
100 5 2 1113
100 5 3 537
100 5 4 1024
100 5 5 810
100 5 6 769
100 5 7 718
100 5 8 268
100 5 9 1255
100 6 0 286
100 6 1 377
100 6 2 325
100 6 3 377
100 6 4 377
100 6 5 325
100 6 6 325
100 6 7 685
100 6 8 422
100 6 9 325
100 7 0 546
100 7 1 310
100 7 2 691
100 7 3 619
100 7 4 587
100 7 5 547
100 7 6 1049
100 7 7 764
100 7 8 508
100 7 9 1129
100 8 0 430
100 8 1 599
100 8 2 970
100 8 3 334
100 8 4 476
100 8 5 957
100 8 6 1160
100 8 7 430
100 8 8 294
100 8 9 0
100 9 0 58
100 9 1 1235
100 9 2 622
100 9 3 1239
100 9 4 423
100 9 5 236
100 9 6 58
100 9 7 1032
100 9 8 1235
100 9 9 752
