60 0 0 398
60 0 1 431
60 0 2 437
60 1 0 436
60 1 1 422
60 1 2 435
60 2 0 453
60 2 1 448
60 2 2 436
60 3 0 442
60 3 1 444
60 3 2 428
60 4 0 366
60 4 1 434
60 4 2 436
60 5 0 434
60 5 1 447
60 5 2 459
60 6 0 444
60 6 1 448
60 6 2 455
60 7 0 441
60 7 1 448
60 7 2 422
60 8 0 423
60 8 1 452
60 8 2 433
60 9 0 452
60 9 1 438
60 9 2 445
80 0 0 811
80 0 1 789
80 0 2 766
80 1 0 757
80 1 1 784
80 1 2 807
80 2 0 805
80 2 1 759
80 2 2 785
80 3 0 766
80 3 1 788
80 3 2 768
80 4 0 767
80 4 1 781
80 4 2 718
80 5 0 790
80 5 1 768
80 5 2 790
80 6 0 781
80 6 1 788
80 6 2 724
80 7 0 752
80 7 1 804
80 7 2 800
80 8 0 778
80 8 1 783
80 8 2 799
80 9 0 811
80 9 1 811
80 9 2 784
100 0 0 1240
100 0 1 1175
100 0 2 1238
100 1 0 1247
100 1 1 1248
100 1 2 1224
100 2 0 1191
100 2 1 1220
100 2 2 1220
100 3 0 1242
100 3 1 1249
100 3 2 1232
100 4 0 1226
100 4 1 1236
100 4 2 1235
100 5 0 1224
100 5 1 1271
100 5 2 1218
100 6 0 1238
100 6 1 1233
100 6 2 1251
100 7 0 1213
100 7 1 1233
100 7 2 1232
100 8 0 1259
100 8 1 1198
100 8 2 1248
100 9 0 1221
100 9 1 1227
100 9 2 1252
60 0 3 404
60 0 4 430
60 0 5 430
60 0 6 432
60 0 7 359
60 0 8 450
60 0 9 412
60 0 10 403
60 1 3 455
60 1 4 445
60 1 5 442
60 1 6 459
60 1 7 425
60 1 8 463
60 1 9 429
60 1 10 463
60 2 3 393
60 2 4 418
60 2 5 455
60 2 6 469
60 2 7 400
60 2 8 442
60 2 9 394
60 2 10 423
60 3 3 440
60 3 4 424
60 3 5 400
60 3 6 405
60 3 7 428
60 3 8 361
60 3 9 469
60 3 10 447
60 4 3 438
60 4 4 426
60 4 5 442
60 4 6 438
60 4 7 396
60 4 8 427
60 4 9 442
60 4 10 424
60 5 3 452
60 5 4 443
60 5 5 442
60 5 6 425
60 5 7 440
60 5 8 449
60 5 9 458
60 5 10 439
60 6 3 428
60 6 4 432
60 6 5 447
60 6 6 437
60 6 7 427
60 6 8 405
60 6 9 438
60 6 10 453
60 7 3 454
60 7 4 440
60 7 5 435
60 7 6 436
60 7 7 439
60 7 8 448
60 7 9 448
60 7 10 421
60 8 3 433
60 8 4 445
60 8 5 428
60 8 6 427
60 8 7 455
60 8 8 431
60 8 9 433
60 8 10 431
60 9 3 449
60 9 4 427
60 9 5 433
60 9 6 434
60 9 7 463
60 9 8 440
60 9 9 454
60 9 10 435
80 0 3 785
80 0 4 712
80 0 5 760
80 0 6 739
80 0 7 787
80 0 8 807
80 0 9 741
80 0 10 816
80 1 3 795
80 1 4 793
80 1 5 781
80 1 6 744
80 1 7 799
80 1 8 744
80 1 9 790
80 1 10 822
80 2 3 682
80 2 4 802
80 2 5 709
80 2 6 802
80 2 7 778
80 2 8 743
80 2 9 808
80 2 10 765
80 3 3 778
80 3 4 797
80 3 5 772
80 3 6 757
80 3 7 731
80 3 8 750
80 3 9 782
80 3 10 685
80 4 3 773
80 4 4 809
80 4 5 792
80 4 6 783
80 4 7 786
80 4 8 801
80 4 9 814
80 4 10 786
80 5 3 766
80 5 4 765
80 5 5 778
80 5 6 777
80 5 7 803
80 5 8 796
80 5 9 800
80 5 10 775
80 6 3 835
80 6 4 775
80 6 5 779
80 6 6 777
80 6 7 654
80 6 8 767
80 6 9 801
80 6 10 793
80 7 3 780
80 7 4 767
80 7 5 753
80 7 6 785
80 7 7 801
80 7 8 674
80 7 9 708
80 7 10 787
80 8 3 751
80 8 4 768
80 8 5 784
80 8 6 778
80 8 7 765
80 8 8 781
80 8 9 747
80 8 10 785
80 9 3 808
80 9 4 758
80 9 5 802
80 9 6 796
80 9 7 799
80 9 8 803
80 9 9 775
80 9 10 773
100 0 3 1171
100 0 4 1198
100 0 5 1244
100 0 6 1195
100 0 7 1228
100 0 8 1252
100 0 9 1222
100 0 10 1245
100 1 3 1221
100 1 4 1251
100 1 5 1241
100 1 6 1223
100 1 7 1175
100 1 8 1294
100 1 9 1137
100 1 10 1164
100 2 3 1244
100 2 4 1221
100 2 5 1243
100 2 6 1117
100 2 7 1209
100 2 8 1196
100 2 9 1177
100 2 10 1219
100 3 3 1218
100 3 4 1154
100 3 5 1180
100 3 6 1232
100 3 7 1219
100 3 8 1220
100 3 9 1219
100 3 10 1225
100 4 3 1233
100 4 4 1218
100 4 5 1257
100 4 6 1239
100 4 7 1172
100 4 8 1204
100 4 9 1275
100 4 10 1246
100 5 3 1198
100 5 4 1228
100 5 5 1220
100 5 6 1182
100 5 7 1221
100 5 8 1203
100 5 9 1240
100 5 10 1231
100 6 3 1224
100 6 4 1234
100 6 5 1220
100 6 6 1219
100 6 7 1275
100 6 8 1237
100 6 9 1259
100 6 10 1170
100 7 3 1123
100 7 4 1223
100 7 5 1237
100 7 6 1261
100 7 7 1228
100 7 8 1243
100 7 9 1243
100 7 10 1228
100 8 3 1190
100 8 4 1209
100 8 5 1254
100 8 6 1277
100 8 7 1223
100 8 8 1224
100 8 9 1180
100 8 10 1265
100 9 3 1248
100 9 4 1248
100 9 5 1150
100 9 6 1231
100 9 7 1263
100 9 8 1251
100 9 9 1219
100 9 10 1275
