60 0 0 418
60 0 1 428
60 0 2 429
60 1 0 446
60 1 1 450
60 1 2 447
60 2 0 436
60 2 1 425
60 2 2 437
60 3 0 442
60 3 1 436
60 3 2 462
60 4 0 432
60 4 1 404
60 4 2 382
60 5 0 437
60 5 1 427
60 5 2 443
60 6 0 436
60 6 1 441
60 6 2 448
60 7 0 452
60 7 1 412
60 7 2 448
60 8 0 456
60 8 1 432
60 8 2 437
60 9 0 427
60 9 1 436
60 9 2 437
80 0 0 747
80 0 1 795
80 0 2 795
80 1 0 810
80 1 1 797
80 1 2 785
80 2 0 792
80 2 1 753
80 2 2 803
80 3 0 804
80 3 1 784
80 3 2 783
80 4 0 803
80 4 1 804
80 4 2 784
80 5 0 781
80 5 1 795
80 5 2 781
80 6 0 791
80 6 1 788
80 6 2 780
80 7 0 793
80 7 1 777
80 7 2 789
80 8 0 788
80 8 1 781
80 8 2 769
80 9 0 709
80 9 1 801
80 9 2 778
100 0 0 1241
100 0 1 1240
100 0 2 1239
100 1 0 1218
100 1 1 1229
100 1 2 1233
100 2 0 1191
100 2 1 1230
100 2 2 1253
100 3 0 1219
100 3 1 1146
100 3 2 1162
100 4 0 1221
100 4 1 1190
100 4 2 1213
100 5 0 1195
100 5 1 1228
100 5 2 1235
100 6 0 1200
100 6 1 1235
100 6 2 1236
100 7 0 1256
100 7 1 1270
100 7 2 1216
100 8 0 1261
100 8 1 1198
100 8 2 1229
100 9 0 1274
100 9 1 1201
100 9 2 1199
60 0 3 445
60 0 4 440
60 0 5 368
60 0 6 447
60 0 7 428
60 0 8 427
60 0 9 447
60 0 10 440
60 1 3 393
60 1 4 436
60 1 5 439
60 1 6 426
60 1 7 346
60 1 8 429
60 1 9 422
60 1 10 456
60 2 3 451
60 2 4 437
60 2 5 451
60 2 6 410
60 2 7 454
60 2 8 396
60 2 9 458
60 2 10 443
60 3 3 426
60 3 4 434
60 3 5 449
60 3 6 459
60 3 7 431
60 3 8 445
60 3 9 456
60 3 10 434
60 4 3 444
60 4 4 451
60 4 5 446
60 4 6 407
60 4 7 428
60 4 8 439
60 4 9 457
60 4 10 382
60 5 3 460
60 5 4 415
60 5 5 438
60 5 6 429
60 5 7 449
60 5 8 441
60 5 9 422
60 5 10 435
60 6 3 431
60 6 4 432
60 6 5 439
60 6 6 455
60 6 7 426
60 6 8 458
60 6 9 430
60 6 10 443
60 7 3 436
60 7 4 422
60 7 5 431
60 7 6 457
60 7 7 419
60 7 8 426
60 7 9 391
60 7 10 442
60 8 3 333
60 8 4 432
60 8 5 435
60 8 6 384
60 8 7 432
60 8 8 440
60 8 9 458
60 8 10 443
60 9 3 460
60 9 4 450
60 9 5 391
60 9 6 451
60 9 7 450
60 9 8 457
60 9 9 454
60 9 10 444
80 0 3 785
80 0 4 703
80 0 5 783
80 0 6 776
80 0 7 744
80 0 8 763
80 0 9 793
80 0 10 766
80 1 3 787
80 1 4 781
80 1 5 772
80 1 6 773
80 1 7 783
80 1 8 791
80 1 9 820
80 1 10 742
80 2 3 801
80 2 4 761
80 2 5 746
80 2 6 797
80 2 7 792
80 2 8 788
80 2 9 761
80 2 10 794
80 3 3 770
80 3 4 787
80 3 5 772
80 3 6 748
80 3 7 786
80 3 8 798
80 3 9 789
80 3 10 779
80 4 3 807
80 4 4 761
80 4 5 770
80 4 6 765
80 4 7 824
80 4 8 797
80 4 9 791
80 4 10 795
80 5 3 768
80 5 4 781
80 5 5 789
80 5 6 783
80 5 7 806
80 5 8 791
80 5 9 781
80 5 10 806
80 6 3 785
80 6 4 720
80 6 5 739
80 6 6 740
80 6 7 768
80 6 8 773
80 6 9 789
80 6 10 797
80 7 3 784
80 7 4 794
80 7 5 799
80 7 6 775
80 7 7 760
80 7 8 778
80 7 9 758
80 7 10 759
80 8 3 720
80 8 4 802
80 8 5 764
80 8 6 793
80 8 7 804
80 8 8 783
80 8 9 760
80 8 10 779
80 9 3 797
80 9 4 773
80 9 5 790
80 9 6 808
80 9 7 815
80 9 8 741
80 9 9 765
80 9 10 750
100 0 3 1260
100 0 4 1221
100 0 5 1213
100 0 6 1227
100 0 7 1220
100 0 8 1243
100 0 9 1215
100 0 10 1233
100 1 3 1238
100 1 4 1223
100 1 5 1251
100 1 6 1267
100 1 7 1232
100 1 8 1259
100 1 9 1216
100 1 10 1216
100 2 3 1228
100 2 4 1264
100 2 5 1231
100 2 6 1220
100 2 7 1214
100 2 8 1258
100 2 9 1247
100 2 10 1234
100 3 3 1266
100 3 4 1243
100 3 5 1267
100 3 6 1227
100 3 7 1195
100 3 8 1274
100 3 9 1263
100 3 10 1224
100 4 3 1210
100 4 4 1257
100 4 5 1129
100 4 6 1265
100 4 7 1242
100 4 8 1294
100 4 9 1259
100 4 10 1175
100 5 3 1217
100 5 4 1192
100 5 5 1231
100 5 6 1225
100 5 7 1215
100 5 8 1262
100 5 9 1234
100 5 10 1247
100 6 3 1209
100 6 4 1252
100 6 5 1257
100 6 6 1228
100 6 7 1197
100 6 8 1230
100 6 9 1245
100 6 10 1232
100 7 3 1217
100 7 4 1266
100 7 5 1197
100 7 6 1252
100 7 7 1277
100 7 8 1222
100 7 9 1227
100 7 10 1246
100 8 3 1138
100 8 4 1210
100 8 5 1231
100 8 6 1184
100 8 7 1224
100 8 8 1233
100 8 9 1263
100 8 10 1211
100 9 3 1244
100 9 4 1234
100 9 5 1236
100 9 6 1120
100 9 7 1261
100 9 8 1260
100 9 9 1226
100 9 10 1251
