60 0 0 408
60 0 1 446
60 0 2 347
60 0 3 347
60 0 4 138
60 0 5 138
60 0 6 138
60 0 7 138
60 0 8 408
60 0 9 138
60 1 0 382
60 1 1 429
60 1 2 429
60 1 3 175
60 1 4 175
60 1 5 175
60 1 6 175
60 1 7 427
60 1 8 175
60 1 9 300
60 2 0 212
60 2 1 212
60 2 2 212
60 2 3 212
60 2 4 212
60 2 5 212
60 2 6 212
60 2 7 212
60 2 8 212
60 2 9 212
60 3 0 448
60 3 1 335
60 3 2 146
60 3 3 146
60 3 4 444
60 3 5 230
60 3 6 444
60 3 7 383
60 3 8 146
60 3 9 448
60 4 0 198
60 4 1 198
60 4 2 198
60 4 3 198
60 4 4 198
60 4 5 198
60 4 6 198
60 4 7 198
60 4 8 198
60 4 9 198
60 5 0 129
60 5 1 129
60 5 2 129
60 5 3 428
60 5 4 101
60 5 5 156
60 5 6 135
60 5 7 156
60 5 8 264
60 5 9 428
60 6 0 88
60 6 1 88
60 6 2 88
60 6 3 88
60 6 4 88
60 6 5 88
60 6 6 88
60 6 7 88
60 6 8 88
60 6 9 88
60 7 0 173
60 7 1 173
60 7 2 173
60 7 3 173
60 7 4 173
60 7 5 173
60 7 6 173
60 7 7 173
60 7 8 173
60 7 9 173
60 8 0 214
60 8 1 217
60 8 2 247
60 8 3 217
60 8 4 247
60 8 5 247
60 8 6 214
60 8 7 247
60 8 8 214
60 8 9 214
60 9 0 253
60 9 1 93
60 9 2 253
60 9 3 253
60 9 4 252
60 9 5 93
60 9 6 93
60 9 7 93
60 9 8 252
60 9 9 93
80 0 0 215
80 0 1 215
80 0 2 215
80 0 3 215
80 0 4 215
80 0 5 215
80 0 6 215
80 0 7 215
80 0 8 215
80 0 9 215
80 1 0 218
80 1 1 218
80 1 2 280
80 1 3 218
80 1 4 280
80 1 5 280
80 1 6 280
80 1 7 218
80 1 8 218
80 1 9 280
80 2 0 747
80 2 1 320
80 2 2 187
80 2 3 320
80 2 4 734
80 2 5 320
80 2 6 191
80 2 7 747
80 2 8 320
80 2 9 191
80 3 0 403
80 3 1 217
80 3 2 403
80 3 3 403
80 3 4 403
80 3 5 754
80 3 6 754
80 3 7 403
80 3 8 754
80 3 9 754
80 4 0 321
80 4 1 771
80 4 2 709
80 4 3 771
80 4 4 303
80 4 5 352
80 4 6 587
80 4 7 303
80 4 8 321
80 4 9 709
80 5 0 338
80 5 1 338
80 5 2 338
80 5 3 112
80 5 4 211
80 5 5 338
80 5 6 112
80 5 7 211
80 5 8 338
80 5 9 338
80 6 0 238
80 6 1 238
80 6 2 160
80 6 3 160
80 6 4 238
80 6 5 160
80 6 6 160
80 6 7 238
80 6 8 238
80 6 9 160
80 7 0 596
80 7 1 655
80 7 2 422
80 7 3 596
80 7 4 655
80 7 5 607
80 7 6 596
80 7 7 596
80 7 8 367
80 7 9 655
80 8 0 210
80 8 1 210
80 8 2 210
80 8 3 210
80 8 4 210
80 8 5 210
80 8 6 210
80 8 7 210
80 8 8 210
80 8 9 210
80 9 0 105
80 9 1 208
80 9 2 143
80 9 3 105
80 9 4 341
80 9 5 208
80 9 6 143
80 9 7 143
80 9 8 105
80 9 9 143
100 0 0 184
100 0 1 809
100 0 2 809
100 0 3 184
100 0 4 184
100 0 5 184
100 0 6 184
100 0 7 184
100 0 8 364
100 0 9 364
100 1 0 1017
100 1 1 319
100 1 2 540
100 1 3 514
100 1 4 540
100 1 5 514
100 1 6 540
100 1 7 540
100 1 8 514
100 1 9 1017
100 2 0 314
100 2 1 314
100 2 2 314
100 2 3 314
100 2 4 314
100 2 5 314
100 2 6 314
100 2 7 314
100 2 8 314
100 2 9 314
100 3 0 320
100 3 1 320
100 3 2 320
100 3 3 739
100 3 4 320
100 3 5 320
100 3 6 739
100 3 7 320
100 3 8 739
100 3 9 320
100 4 0 847
100 4 1 372
100 4 2 847
100 4 3 372
100 4 4 372
100 4 5 678
100 4 6 847
100 4 7 847
100 4 8 847
100 4 9 678
100 5 0 197
100 5 1 458
100 5 2 197
100 5 3 197
100 5 4 458
100 5 5 388
100 5 6 458
100 5 7 388
100 5 8 197
100 5 9 811
100 6 0 234
100 6 1 234
100 6 2 234
100 6 3 234
100 6 4 234
100 6 5 234
100 6 6 234
100 6 7 234
100 6 8 234
100 6 9 234
100 7 0 146
100 7 1 146
100 7 2 566
100 7 3 324
100 7 4 566
100 7 5 324
100 7 6 324
100 7 7 566
100 7 8 324
100 7 9 566
100 8 0 196
100 8 1 196
100 8 2 294
100 8 3 196
100 8 4 294
100 8 5 196
100 8 6 294
100 8 7 196
100 8 8 294
100 8 9 294
100 9 0 558
100 9 1 1059
100 9 2 936
100 9 3 1059
100 9 4 470
100 9 5 1059
100 9 6 470
100 9 7 1059
100 9 8 1059
100 9 9 494
