60 0 0 449
60 0 1 389
60 0 2 427
60 1 0 367
60 1 1 445
60 1 2 437
60 2 0 412
60 2 1 428
60 2 2 414
60 3 0 417
60 3 1 451
60 3 2 443
60 4 0 422
60 4 1 370
60 4 2 239
60 5 0 436
60 5 1 421
60 5 2 466
60 6 0 433
60 6 1 425
60 6 2 430
60 7 0 451
60 7 1 427
60 7 2 424
60 8 0 453
60 8 1 334
60 8 2 386
60 9 0 457
60 9 1 451
60 9 2 427
80 0 0 789
80 0 1 785
80 0 2 733
80 1 0 742
80 1 1 772
80 1 2 817
80 2 0 704
80 2 1 741
80 2 2 743
80 3 0 753
80 3 1 737
80 3 2 803
80 4 0 759
80 4 1 799
80 4 2 770
80 5 0 775
80 5 1 776
80 5 2 797
80 6 0 806
80 6 1 782
80 6 2 755
80 7 0 773
80 7 1 784
80 7 2 773
80 8 0 752
80 8 1 777
80 8 2 772
80 9 0 775
80 9 1 610
80 9 2 783
100 0 0 1241
100 0 1 1089
100 0 2 1190
100 1 0 1167
100 1 1 1200
100 1 2 1255
100 2 0 1222
100 2 1 1238
100 2 2 1133
100 3 0 1110
100 3 1 1193
100 3 2 1175
100 4 0 1184
100 4 1 1247
100 4 2 1147
100 5 0 1216
100 5 1 1245
100 5 2 1244
100 6 0 1166
100 6 1 1244
100 6 2 1227
100 7 0 1221
100 7 1 1223
100 7 2 1210
100 8 0 1218
100 8 1 1074
100 8 2 1181
100 9 0 1244
100 9 1 1178
100 9 2 1218
60 0 3 442
60 0 4 389
60 0 5 445
60 0 6 411
60 0 7 423
60 0 8 436
60 0 9 442
60 0 10 437
60 1 3 431
60 1 4 429
60 1 5 443
60 1 6 470
60 1 7 440
60 1 8 369
60 1 9 431
60 1 10 417
60 2 3 439
60 2 4 420
60 2 5 442
60 2 6 451
60 2 7 412
60 2 8 428
60 2 9 469
60 2 10 413
60 3 3 427
60 3 4 431
60 3 5 383
60 3 6 439
60 3 7 426
60 3 8 433
60 3 9 437
60 3 10 437
60 4 3 412
60 4 4 452
60 4 5 421
60 4 6 430
60 4 7 436
60 4 8 447
60 4 9 427
60 4 10 445
60 5 3 430
60 5 4 444
60 5 5 380
60 5 6 360
60 5 7 454
60 5 8 426
60 5 9 437
60 5 10 445
60 6 3 456
60 6 4 435
60 6 5 428
60 6 6 423
60 6 7 356
60 6 8 439
60 6 9 449
60 6 10 401
60 7 3 380
60 7 4 366
60 7 5 415
60 7 6 438
60 7 7 413
60 7 8 441
60 7 9 439
60 7 10 391
60 8 3 448
60 8 4 435
60 8 5 443
60 8 6 395
60 8 7 371
60 8 8 437
60 8 9 419
60 8 10 384
60 9 3 428
60 9 4 470
60 9 5 441
60 9 6 441
60 9 7 439
60 9 8 430
60 9 9 415
60 9 10 445
80 0 3 767
80 0 4 811
80 0 5 798
80 0 6 793
80 0 7 719
80 0 8 796
80 0 9 785
80 0 10 799
80 1 3 777
80 1 4 795
80 1 5 777
80 1 6 770
80 1 7 694
80 1 8 762
80 1 9 812
80 1 10 786
80 2 3 794
80 2 4 790
80 2 5 788
80 2 6 797
80 2 7 787
80 2 8 780
80 2 9 793
80 2 10 796
80 3 3 776
80 3 4 785
80 3 5 812
80 3 6 798
80 3 7 764
80 3 8 777
80 3 9 794
80 3 10 774
80 4 3 785
80 4 4 801
80 4 5 662
80 4 6 809
80 4 7 742
80 4 8 798
80 4 9 766
80 4 10 781
80 5 3 781
80 5 4 767
80 5 5 693
80 5 6 781
80 5 7 772
80 5 8 795
80 5 9 791
80 5 10 800
80 6 3 808
80 6 4 702
80 6 5 703
80 6 6 814
80 6 7 726
80 6 8 711
80 6 9 773
80 6 10 640
80 7 3 769
80 7 4 716
80 7 5 742
80 7 6 785
80 7 7 662
80 7 8 767
80 7 9 770
80 7 10 774
80 8 3 752
80 8 4 763
80 8 5 750
80 8 6 802
80 8 7 745
80 8 8 783
80 8 9 769
80 8 10 812
80 9 3 779
80 9 4 797
80 9 5 805
80 9 6 798
80 9 7 766
80 9 8 720
80 9 9 764
80 9 10 790
100 0 3 1073
100 0 4 1127
100 0 5 1230
100 0 6 1239
100 0 7 1246
100 0 8 1238
100 0 9 1215
100 0 10 1229
100 1 3 1243
100 1 4 1217
100 1 5 1232
100 1 6 1238
100 1 7 1252
100 1 8 975
100 1 9 1219
100 1 10 1229
100 2 3 1245
100 2 4 1205
100 2 5 1212
100 2 6 1214
100 2 7 1190
100 2 8 1197
100 2 9 1272
100 2 10 1194
100 3 3 1203
100 3 4 1216
100 3 5 1224
100 3 6 1259
100 3 7 1226
100 3 8 1138
100 3 9 1237
100 3 10 1239
100 4 3 1213
100 4 4 1263
100 4 5 1212
100 4 6 1223
100 4 7 1217
100 4 8 1231
100 4 9 1170
100 4 10 1186
100 5 3 1220
100 5 4 1195
100 5 5 1176
100 5 6 1229
100 5 7 1204
100 5 8 1216
100 5 9 1224
100 5 10 1243
100 6 3 1175
100 6 4 1205
100 6 5 1005
100 6 6 1063
100 6 7 1260
100 6 8 1230
100 6 9 1220
100 6 10 1238
100 7 3 1196
100 7 4 1177
100 7 5 1187
100 7 6 1218
100 7 7 1225
100 7 8 1237
100 7 9 1249
100 7 10 1229
100 8 3 1261
100 8 4 1246
100 8 5 1151
100 8 6 1168
100 8 7 1247
100 8 8 1190
100 8 9 1255
100 8 10 1214
100 9 3 1139
100 9 4 1230
100 9 5 1265
100 9 6 1248
100 9 7 1240
100 9 8 1186
100 9 9 1210
100 9 10 1232
