60 0 0 420
60 0 1 440
60 0 2 443
60 1 0 441
60 1 1 452
60 1 2 430
60 2 0 444
60 2 1 435
60 2 2 430
60 3 0 440
60 3 1 433
60 3 2 446
60 4 0 442
60 4 1 427
60 4 2 431
60 5 0 454
60 5 1 441
60 5 2 390
60 6 0 425
60 6 1 424
60 6 2 431
60 7 0 440
60 7 1 444
60 7 2 458
60 8 0 458
60 8 1 451
60 8 2 416
60 9 0 434
60 9 1 435
60 9 2 444
80 0 0 730
80 0 1 772
80 0 2 785
80 1 0 775
80 1 1 777
80 1 2 787
80 2 0 795
80 2 1 783
80 2 2 820
80 3 0 838
80 3 1 787
80 3 2 815
80 4 0 743
80 4 1 762
80 4 2 805
80 5 0 762
80 5 1 814
80 5 2 779
80 6 0 781
80 6 1 776
80 6 2 787
80 7 0 782
80 7 1 792
80 7 2 795
80 8 0 788
80 8 1 800
80 8 2 705
80 9 0 773
80 9 1 749
80 9 2 792
100 0 0 1166
100 0 1 1215
100 0 2 1258
100 1 0 1226
100 1 1 1233
100 1 2 1265
100 2 0 1249
100 2 1 1218
100 2 2 1203
100 3 0 1251
100 3 1 1254
100 3 2 1227
100 4 0 1237
100 4 1 1213
100 4 2 1249
100 5 0 1230
100 5 1 1234
100 5 2 1257
100 6 0 1220
100 6 1 1253
100 6 2 1240
100 7 0 1254
100 7 1 1236
100 7 2 1241
100 8 0 1231
100 8 1 1242
100 8 2 1238
100 9 0 1199
100 9 1 1242
100 9 2 1237
60 0 3 422
60 0 4 428
60 0 5 436
60 0 6 417
60 0 7 401
60 0 8 442
60 0 9 454
60 0 10 457
60 1 3 434
60 1 4 452
60 1 5 437
60 1 6 438
60 1 7 442
60 1 8 456
60 1 9 416
60 1 10 431
60 2 3 448
60 2 4 415
60 2 5 370
60 2 6 451
60 2 7 453
60 2 8 439
60 2 9 437
60 2 10 430
60 3 3 455
60 3 4 442
60 3 5 435
60 3 6 464
60 3 7 426
60 3 8 449
60 3 9 450
60 3 10 448
60 4 3 460
60 4 4 444
60 4 5 432
60 4 6 418
60 4 7 437
60 4 8 451
60 4 9 398
60 4 10 424
60 5 3 440
60 5 4 436
60 5 5 418
60 5 6 433
60 5 7 441
60 5 8 380
60 5 9 388
60 5 10 438
60 6 3 441
60 6 4 433
60 6 5 448
60 6 6 425
60 6 7 446
60 6 8 444
60 6 9 385
60 6 10 435
60 7 3 452
60 7 4 463
60 7 5 354
60 7 6 396
60 7 7 453
60 7 8 453
60 7 9 436
60 7 10 444
60 8 3 429
60 8 4 429
60 8 5 440
60 8 6 444
60 8 7 452
60 8 8 389
60 8 9 445
60 8 10 436
60 9 3 439
60 9 4 451
60 9 5 433
60 9 6 452
60 9 7 443
60 9 8 453
60 9 9 400
60 9 10 405
80 0 3 790
80 0 4 819
80 0 5 799
80 0 6 780
80 0 7 793
80 0 8 786
80 0 9 785
80 0 10 810
80 1 3 815
80 1 4 771
80 1 5 822
80 1 6 731
80 1 7 804
80 1 8 806
80 1 9 822
80 1 10 805
80 2 3 787
80 2 4 796
80 2 5 777
80 2 6 771
80 2 7 799
80 2 8 786
80 2 9 755
80 2 10 814
80 3 3 781
80 3 4 771
80 3 5 781
80 3 6 774
80 3 7 787
80 3 8 768
80 3 9 789
80 3 10 803
80 4 3 766
80 4 4 764
80 4 5 808
80 4 6 746
80 4 7 775
80 4 8 795
80 4 9 795
80 4 10 785
80 5 3 792
80 5 4 770
80 5 5 778
80 5 6 820
80 5 7 783
80 5 8 790
80 5 9 722
80 5 10 815
80 6 3 791
80 6 4 804
80 6 5 771
80 6 6 776
80 6 7 797
80 6 8 798
80 6 9 783
80 6 10 767
80 7 3 785
80 7 4 761
80 7 5 776
80 7 6 792
80 7 7 813
80 7 8 777
80 7 9 769
80 7 10 786
80 8 3 798
80 8 4 789
80 8 5 744
80 8 6 773
80 8 7 783
80 8 8 774
80 8 9 808
80 8 10 777
80 9 3 840
80 9 4 746
80 9 5 725
80 9 6 773
80 9 7 706
80 9 8 751
80 9 9 801
80 9 10 784
100 0 3 1287
100 0 4 1232
100 0 5 1266
100 0 6 1211
100 0 7 1182
100 0 8 1219
100 0 9 1250
100 0 10 1223
100 1 3 1259
100 1 4 1262
100 1 5 1218
100 1 6 1226
100 1 7 1226
100 1 8 1233
100 1 9 1245
100 1 10 1249
100 2 3 1202
100 2 4 1202
100 2 5 1220
100 2 6 1204
100 2 7 1231
100 2 8 1248
100 2 9 1208
100 2 10 1241
100 3 3 1217
100 3 4 1180
100 3 5 1224
100 3 6 1233
100 3 7 1127
100 3 8 1177
100 3 9 1186
100 3 10 1260
100 4 3 1228
100 4 4 1232
100 4 5 1255
100 4 6 1245
100 4 7 1280
100 4 8 1177
100 4 9 1182
100 4 10 1223
100 5 3 1230
100 5 4 1226
100 5 5 1169
100 5 6 1221
100 5 7 1126
100 5 8 1257
100 5 9 1251
100 5 10 1206
100 6 3 1220
100 6 4 1258
100 6 5 1255
100 6 6 1256
100 6 7 1264
100 6 8 1221
100 6 9 1179
100 6 10 1251
100 7 3 1221
100 7 4 1229
100 7 5 1234
100 7 6 1261
100 7 7 1163
100 7 8 1177
100 7 9 1244
100 7 10 1219
100 8 3 1254
100 8 4 1260
100 8 5 1145
100 8 6 1205
100 8 7 1220
100 8 8 1232
100 8 9 1227
100 8 10 1201
100 9 3 1200
100 9 4 1247
100 9 5 1224
100 9 6 1195
100 9 7 1159
100 9 8 1209
100 9 9 1141
100 9 10 1277
