60 0 0 405
60 0 1 433
60 0 2 423
60 1 0 435
60 1 1 449
60 1 2 419
60 2 0 427
60 2 1 433
60 2 2 412
60 3 0 449
60 3 1 451
60 3 2 427
60 4 0 439
60 4 1 464
60 4 2 445
60 5 0 431
60 5 1 423
60 5 2 434
60 6 0 431
60 6 1 427
60 6 2 418
60 7 0 438
60 7 1 444
60 7 2 440
60 8 0 435
60 8 1 426
60 8 2 419
60 9 0 451
60 9 1 457
60 9 2 454
80 0 0 790
80 0 1 766
80 0 2 776
80 1 0 793
80 1 1 727
80 1 2 768
80 2 0 765
80 2 1 739
80 2 2 777
80 3 0 788
80 3 1 767
80 3 2 805
80 4 0 759
80 4 1 755
80 4 2 780
80 5 0 786
80 5 1 779
80 5 2 786
80 6 0 800
80 6 1 800
80 6 2 692
80 7 0 779
80 7 1 758
80 7 2 766
80 8 0 772
80 8 1 795
80 8 2 813
80 9 0 770
80 9 1 806
80 9 2 807
100 0 0 1262
100 0 1 1233
100 0 2 1152
100 1 0 1222
100 1 1 1282
100 1 2 1250
100 2 0 1168
100 2 1 1248
100 2 2 1143
100 3 0 1123
100 3 1 1220
100 3 2 1239
100 4 0 1193
100 4 1 1071
100 4 2 1225
100 5 0 1218
100 5 1 1236
100 5 2 1239
100 6 0 1179
100 6 1 1261
100 6 2 1229
100 7 0 1245
100 7 1 1241
100 7 2 1220
100 8 0 1188
100 8 1 1199
100 8 2 1230
100 9 0 1238
100 9 1 1234
100 9 2 1248
60 0 3 397
60 0 4 455
60 0 5 448
60 0 6 414
60 0 7 454
60 0 8 447
60 0 9 455
60 0 10 421
60 1 3 435
60 1 4 447
60 1 5 424
60 1 6 428
60 1 7 419
60 1 8 389
60 1 9 426
60 1 10 439
60 2 3 424
60 2 4 454
60 2 5 439
60 2 6 456
60 2 7 421
60 2 8 438
60 2 9 441
60 2 10 437
60 3 3 440
60 3 4 437
60 3 5 423
60 3 6 434
60 3 7 438
60 3 8 446
60 3 9 451
60 3 10 445
60 4 3 430
60 4 4 440
60 4 5 432
60 4 6 379
60 4 7 405
60 4 8 443
60 4 9 452
60 4 10 420
60 5 3 433
60 5 4 430
60 5 5 431
60 5 6 424
60 5 7 451
60 5 8 455
60 5 9 430
60 5 10 430
60 6 3 434
60 6 4 394
60 6 5 442
60 6 6 445
60 6 7 444
60 6 8 439
60 6 9 435
60 6 10 445
60 7 3 446
60 7 4 422
60 7 5 426
60 7 6 343
60 7 7 427
60 7 8 424
60 7 9 417
60 7 10 429
60 8 3 406
60 8 4 421
60 8 5 359
60 8 6 463
60 8 7 440
60 8 8 445
60 8 9 445
60 8 10 453
60 9 3 467
60 9 4 412
60 9 5 438
60 9 6 432
60 9 7 445
60 9 8 443
60 9 9 451
60 9 10 438
80 0 3 798
80 0 4 776
80 0 5 783
80 0 6 789
80 0 7 810
80 0 8 777
80 0 9 818
80 0 10 797
80 1 3 795
80 1 4 784
80 1 5 732
80 1 6 789
80 1 7 768
80 1 8 783
80 1 9 773
80 1 10 803
80 2 3 762
80 2 4 737
80 2 5 762
80 2 6 791
80 2 7 792
80 2 8 776
80 2 9 697
80 2 10 795
80 3 3 805
80 3 4 769
80 3 5 745
80 3 6 751
80 3 7 785
80 3 8 778
80 3 9 631
80 3 10 787
80 4 3 766
80 4 4 772
80 4 5 599
80 4 6 788
80 4 7 782
80 4 8 731
80 4 9 779
80 4 10 789
80 5 3 819
80 5 4 818
80 5 5 695
80 5 6 777
80 5 7 807
80 5 8 787
80 5 9 805
80 5 10 799
80 6 3 789
80 6 4 776
80 6 5 786
80 6 6 781
80 6 7 792
80 6 8 676
80 6 9 747
80 6 10 785
80 7 3 777
80 7 4 778
80 7 5 794
80 7 6 765
80 7 7 735
80 7 8 747
80 7 9 717
80 7 10 816
80 8 3 783
80 8 4 817
80 8 5 680
80 8 6 773
80 8 7 745
80 8 8 814
80 8 9 780
80 8 10 789
80 9 3 789
80 9 4 779
80 9 5 774
80 9 6 812
80 9 7 786
80 9 8 760
80 9 9 777
80 9 10 771
100 0 3 1218
100 0 4 1262
100 0 5 1217
100 0 6 1189
100 0 7 1227
100 0 8 1234
100 0 9 1252
100 0 10 1246
100 1 3 1253
100 1 4 1248
100 1 5 1229
100 1 6 1248
100 1 7 1238
100 1 8 1088
100 1 9 1156
100 1 10 1204
100 2 3 1248
100 2 4 1187
100 2 5 1245
100 2 6 1212
100 2 7 1210
100 2 8 1253
100 2 9 1215
100 2 10 1239
100 3 3 1225
100 3 4 1266
100 3 5 1169
100 3 6 1235
100 3 7 1161
100 3 8 1219
100 3 9 1239
100 3 10 1116
100 4 3 1228
100 4 4 1218
100 4 5 1202
100 4 6 1156
100 4 7 1170
100 4 8 1203
100 4 9 1215
100 4 10 1225
100 5 3 1151
100 5 4 1245
100 5 5 1226
100 5 6 1204
100 5 7 1209
100 5 8 1196
100 5 9 1246
100 5 10 1218
100 6 3 1185
100 6 4 1241
100 6 5 1221
100 6 6 1201
100 6 7 1222
100 6 8 1232
100 6 9 1206
100 6 10 1175
100 7 3 1191
100 7 4 1232
100 7 5 1257
100 7 6 1254
100 7 7 1257
100 7 8 1251
100 7 9 1167
100 7 10 1162
100 8 3 1203
100 8 4 1221
100 8 5 1265
100 8 6 1218
100 8 7 1237
100 8 8 1231
100 8 9 1231
100 8 10 1286
100 9 3 1251
100 9 4 1221
100 9 5 1186
100 9 6 1144
100 9 7 1223
100 9 8 1206
100 9 9 1225
100 9 10 1273
