60 0 0 435
60 0 1 402
60 0 2 436
60 1 0 436
60 1 1 429
60 1 2 434
60 2 0 438
60 2 1 424
60 2 2 436
60 3 0 463
60 3 1 444
60 3 2 441
60 4 0 444
60 4 1 428
60 4 2 426
60 5 0 428
60 5 1 425
60 5 2 455
60 6 0 435
60 6 1 433
60 6 2 436
60 7 0 396
60 7 1 422
60 7 2 422
60 8 0 426
60 8 1 385
60 8 2 423
60 9 0 437
60 9 1 446
60 9 2 440
80 0 0 766
80 0 1 775
80 0 2 779
80 1 0 785
80 1 1 750
80 1 2 793
80 2 0 729
80 2 1 774
80 2 2 767
80 3 0 793
80 3 1 802
80 3 2 762
80 4 0 799
80 4 1 810
80 4 2 798
80 5 0 771
80 5 1 751
80 5 2 807
80 6 0 798
80 6 1 784
80 6 2 796
80 7 0 788
80 7 1 779
80 7 2 775
80 8 0 760
80 8 1 796
80 8 2 754
80 9 0 789
80 9 1 781
80 9 2 788
100 0 0 1262
100 0 1 1162
100 0 2 1207
100 1 0 1270
100 1 1 1227
100 1 2 1227
100 2 0 1228
100 2 1 1216
100 2 2 1142
100 3 0 1258
100 3 1 1225
100 3 2 1202
100 4 0 1212
100 4 1 1240
100 4 2 1185
100 5 0 1267
100 5 1 1202
100 5 2 1246
100 6 0 1194
100 6 1 1205
100 6 2 1215
100 7 0 1215
100 7 1 1258
100 7 2 1225
100 8 0 1235
100 8 1 1266
100 8 2 1235
100 9 0 1254
100 9 1 1227
100 9 2 1253
60 0 3 455
60 0 4 452
60 0 5 457
60 0 6 460
60 0 7 461
60 0 8 447
60 0 9 473
60 0 10 437
60 1 3 422
60 1 4 319
60 1 5 442
60 1 6 419
60 1 7 449
60 1 8 455
60 1 9 454
60 1 10 420
60 2 3 438
60 2 4 442
60 2 5 450
60 2 6 448
60 2 7 453
60 2 8 449
60 2 9 441
60 2 10 439
60 3 3 460
60 3 4 383
60 3 5 460
60 3 6 430
60 3 7 436
60 3 8 433
60 3 9 460
60 3 10 428
60 4 3 446
60 4 4 418
60 4 5 400
60 4 6 447
60 4 7 436
60 4 8 453
60 4 9 438
60 4 10 438
60 5 3 407
60 5 4 452
60 5 5 426
60 5 6 423
60 5 7 442
60 5 8 447
60 5 9 459
60 5 10 454
60 6 3 412
60 6 4 459
60 6 5 360
60 6 6 444
60 6 7 455
60 6 8 479
60 6 9 437
60 6 10 455
60 7 3 437
60 7 4 440
60 7 5 450
60 7 6 448
60 7 7 463
60 7 8 428
60 7 9 443
60 7 10 458
60 8 3 468
60 8 4 427
60 8 5 444
60 8 6 398
60 8 7 437
60 8 8 440
60 8 9 409
60 8 10 439
60 9 3 449
60 9 4 373
60 9 5 453
60 9 6 436
60 9 7 404
60 9 8 450
60 9 9 401
60 9 10 441
80 0 3 782
80 0 4 791
80 0 5 748
80 0 6 800
80 0 7 762
80 0 8 760
80 0 9 764
80 0 10 792
80 1 3 778
80 1 4 794
80 1 5 802
80 1 6 801
80 1 7 805
80 1 8 800
80 1 9 796
80 1 10 714
80 2 3 784
80 2 4 753
80 2 5 723
80 2 6 795
80 2 7 765
80 2 8 793
80 2 9 818
80 2 10 766
80 3 3 795
80 3 4 770
80 3 5 739
80 3 6 691
80 3 7 778
80 3 8 764
80 3 9 790
80 3 10 796
80 4 3 772
80 4 4 790
80 4 5 781
80 4 6 808
80 4 7 795
80 4 8 798
80 4 9 809
80 4 10 758
80 5 3 781
80 5 4 788
80 5 5 774
80 5 6 769
80 5 7 793
80 5 8 789
80 5 9 769
80 5 10 811
80 6 3 791
80 6 4 781
80 6 5 765
80 6 6 791
80 6 7 753
80 6 8 787
80 6 9 785
80 6 10 794
80 7 3 797
80 7 4 707
80 7 5 801
80 7 6 798
80 7 7 781
80 7 8 774
80 7 9 805
80 7 10 748
80 8 3 764
80 8 4 706
80 8 5 770
80 8 6 766
80 8 7 822
80 8 8 761
80 8 9 785
80 8 10 793
80 9 3 783
80 9 4 800
80 9 5 812
80 9 6 777
80 9 7 805
80 9 8 805
80 9 9 651
80 9 10 764
100 0 3 1214
100 0 4 1290
100 0 5 1233
100 0 6 1265
100 0 7 1244
100 0 8 1202
100 0 9 1222
100 0 10 1214
100 1 3 1221
100 1 4 1249
100 1 5 1136
100 1 6 1219
100 1 7 1230
100 1 8 1249
100 1 9 1224
100 1 10 1251
100 2 3 1236
100 2 4 1214
100 2 5 1180
100 2 6 1185
100 2 7 1157
100 2 8 1246
100 2 9 1227
100 2 10 1179
100 3 3 1238
100 3 4 1196
100 3 5 1150
100 3 6 1244
100 3 7 1252
100 3 8 1200
100 3 9 1280
100 3 10 1227
100 4 3 1231
100 4 4 1219
100 4 5 1219
100 4 6 1227
100 4 7 1231
100 4 8 1240
100 4 9 1246
100 4 10 1200
100 5 3 1226
100 5 4 1099
100 5 5 1234
100 5 6 1200
100 5 7 1248
100 5 8 1194
100 5 9 1209
100 5 10 1263
100 6 3 1228
100 6 4 1187
100 6 5 1250
100 6 6 1172
100 6 7 1228
100 6 8 1222
100 6 9 1226
100 6 10 1242
100 7 3 1262
100 7 4 1266
100 7 5 1240
100 7 6 1216
100 7 7 1245
100 7 8 1265
100 7 9 1200
100 7 10 1241
100 8 3 1252
100 8 4 1243
100 8 5 1257
100 8 6 1158
100 8 7 1231
100 8 8 1244
100 8 9 1197
100 8 10 1244
100 9 3 1192
100 9 4 1236
100 9 5 1257
100 9 6 1165
100 9 7 1238
100 9 8 1194
100 9 9 1214
100 9 10 1176
