60 0 0 439
60 0 1 460
60 0 2 451
60 1 0 444
60 1 1 441
60 1 2 461
60 2 0 439
60 2 1 364
60 2 2 425
60 3 0 424
60 3 1 419
60 3 2 462
60 4 0 461
60 4 1 427
60 4 2 427
60 5 0 440
60 5 1 441
60 5 2 449
60 6 0 449
60 6 1 425
60 6 2 441
60 7 0 427
60 7 1 440
60 7 2 466
60 8 0 449
60 8 1 441
60 8 2 431
60 9 0 448
60 9 1 435
60 9 2 429
80 0 0 768
80 0 1 780
80 0 2 783
80 1 0 769
80 1 1 824
80 1 2 778
80 2 0 764
80 2 1 793
80 2 2 770
80 3 0 794
80 3 1 772
80 3 2 736
80 4 0 800
80 4 1 808
80 4 2 746
80 5 0 813
80 5 1 789
80 5 2 774
80 6 0 776
80 6 1 763
80 6 2 745
80 7 0 767
80 7 1 802
80 7 2 818
80 8 0 783
80 8 1 790
80 8 2 825
80 9 0 782
80 9 1 804
80 9 2 781
100 0 0 1252
100 0 1 1160
100 0 2 1214
100 1 0 1275
100 1 1 1248
100 1 2 1233
100 2 0 1224
100 2 1 1253
100 2 2 1216
100 3 0 1241
100 3 1 1243
100 3 2 1217
100 4 0 1244
100 4 1 1237
100 4 2 1135
100 5 0 1242
100 5 1 1259
100 5 2 1225
100 6 0 1218
100 6 1 1245
100 6 2 1260
100 7 0 1228
100 7 1 1198
100 7 2 1061
100 8 0 1246
100 8 1 1237
100 8 2 1237
100 9 0 1212
100 9 1 1197
100 9 2 1258
