60 0 0 424
60 0 1 426
60 0 2 379
60 1 0 463
60 1 1 443
60 1 2 442
60 2 0 436
60 2 1 436
60 2 2 441
60 3 0 458
60 3 1 426
60 3 2 439
60 4 0 437
60 4 1 445
60 4 2 433
60 5 0 442
60 5 1 436
60 5 2 464
60 6 0 438
60 6 1 438
60 6 2 455
60 7 0 458
60 7 1 448
60 7 2 409
60 8 0 445
60 8 1 469
60 8 2 389
60 9 0 442
60 9 1 413
60 9 2 460
80 0 0 791
80 0 1 810
80 0 2 794
80 1 0 800
80 1 1 795
80 1 2 794
80 2 0 779
80 2 1 759
80 2 2 799
80 3 0 810
80 3 1 677
80 3 2 775
80 4 0 760
80 4 1 677
80 4 2 789
80 5 0 799
80 5 1 733
80 5 2 812
80 6 0 794
80 6 1 774
80 6 2 787
80 7 0 778
80 7 1 796
80 7 2 775
80 8 0 781
80 8 1 788
80 8 2 753
80 9 0 784
80 9 1 792
80 9 2 809
100 0 0 1184
100 0 1 1223
100 0 2 1222
100 1 0 1193
100 1 1 1193
100 1 2 1246
100 2 0 1228
100 2 1 1225
100 2 2 1197
100 3 0 1248
100 3 1 1233
100 3 2 1220
100 4 0 1132
100 4 1 1232
100 4 2 1207
100 5 0 1246
100 5 1 1061
100 5 2 1251
100 6 0 1122
100 6 1 1258
100 6 2 1250
100 7 0 1228
100 7 1 1219
100 7 2 1233
100 8 0 1204
100 8 1 1185
100 8 2 1187
100 9 0 1220
100 9 1 1266
100 9 2 1224
60 0 3 427
60 0 4 420
60 0 5 440
60 0 6 430
60 0 7 444
60 0 8 438
60 0 9 430
60 0 10 447
60 1 3 359
60 1 4 447
60 1 5 456
60 1 6 451
60 1 7 359
60 1 8 366
60 1 9 437
60 1 10 404
60 2 3 451
60 2 4 427
60 2 5 399
60 2 6 430
60 2 7 429
60 2 8 418
60 2 9 431
60 2 10 433
60 3 3 442
60 3 4 445
60 3 5 431
60 3 6 413
60 3 7 445
60 3 8 453
60 3 9 462
60 3 10 413
60 4 3 455
60 4 4 436
60 4 5 430
60 4 6 365
60 4 7 460
60 4 8 412
60 4 9 432
60 4 10 425
60 5 3 450
60 5 4 418
60 5 5 443
60 5 6 451
60 5 7 421
60 5 8 443
60 5 9 474
60 5 10 411
60 6 3 444
60 6 4 453
60 6 5 421
60 6 6 376
60 6 7 437
60 6 8 444
60 6 9 444
60 6 10 441
60 7 3 376
60 7 4 442
60 7 5 442
60 7 6 401
60 7 7 447
60 7 8 430
60 7 9 431
60 7 10 432
60 8 3 435
60 8 4 426
60 8 5 445
60 8 6 437
60 8 7 441
60 8 8 418
60 8 9 412
60 8 10 440
60 9 3 448
60 9 4 394
60 9 5 429
60 9 6 438
60 9 7 440
60 9 8 434
60 9 9 461
60 9 10 444
80 0 3 789
80 0 4 759
80 0 5 791
80 0 6 754
80 0 7 792
80 0 8 828
80 0 9 776
80 0 10 762
80 1 3 738
80 1 4 789
80 1 5 773
80 1 6 808
80 1 7 780
80 1 8 735
80 1 9 752
80 1 10 764
80 2 3 785
80 2 4 791
80 2 5 771
80 2 6 766
80 2 7 804
80 2 8 767
80 2 9 773
80 2 10 767
80 3 3 756
80 3 4 790
80 3 5 776
80 3 6 778
80 3 7 697
80 3 8 793
80 3 9 765
80 3 10 734
80 4 3 805
80 4 4 725
80 4 5 702
80 4 6 767
80 4 7 812
80 4 8 770
80 4 9 803
80 4 10 790
80 5 3 746
80 5 4 729
80 5 5 787
80 5 6 791
80 5 7 711
80 5 8 788
80 5 9 800
80 5 10 781
80 6 3 787
80 6 4 785
80 6 5 766
80 6 6 772
80 6 7 792
80 6 8 752
80 6 9 805
80 6 10 763
80 7 3 671
80 7 4 794
80 7 5 567
80 7 6 779
80 7 7 808
80 7 8 784
80 7 9 778
80 7 10 802
80 8 3 785
80 8 4 793
80 8 5 790
80 8 6 807
80 8 7 767
80 8 8 734
80 8 9 776
80 8 10 746
80 9 3 798
80 9 4 772
80 9 5 774
80 9 6 780
80 9 7 708
80 9 8 796
80 9 9 812
80 9 10 786
100 0 3 1252
100 0 4 1214
100 0 5 1224
100 0 6 1176
100 0 7 1219
100 0 8 1240
100 0 9 1245
100 0 10 1269
100 1 3 1231
100 1 4 1217
100 1 5 1194
100 1 6 1077
100 1 7 1193
100 1 8 1250
100 1 9 1202
100 1 10 1253
100 2 3 1150
100 2 4 1185
100 2 5 1200
100 2 6 1225
100 2 7 1242
100 2 8 1240
100 2 9 1229
100 2 10 1260
100 3 3 1229
100 3 4 1212
100 3 5 1177
100 3 6 1226
100 3 7 1241
100 3 8 1199
100 3 9 1238
100 3 10 1255
100 4 3 1206
100 4 4 1215
100 4 5 1204
100 4 6 1239
100 4 7 1235
100 4 8 1233
100 4 9 1205
100 4 10 1205
100 5 3 1180
100 5 4 1188
100 5 5 1245
100 5 6 1242
100 5 7 1228
100 5 8 1190
100 5 9 1210
100 5 10 1256
100 6 3 1229
100 6 4 1169
100 6 5 1254
100 6 6 1244
100 6 7 1248
100 6 8 1191
100 6 9 1261
100 6 10 1254
100 7 3 1228
100 7 4 1234
100 7 5 1193
100 7 6 1251
100 7 7 1268
100 7 8 1217
100 7 9 1131
100 7 10 1252
100 8 3 1202
100 8 4 1156
100 8 5 1292
100 8 6 1162
100 8 7 1245
100 8 8 1191
100 8 9 1256
100 8 10 1248
100 9 3 1271
100 9 4 1257
100 9 5 1215
100 9 6 1146
100 9 7 1205
100 9 8 1198
100 9 9 1242
100 9 10 1230
