60 0 0 450
60 0 1 450
60 0 2 423
60 1 0 412
60 1 1 410
60 1 2 417
60 2 0 446
60 2 1 451
60 2 2 440
60 3 0 453
60 3 1 453
60 3 2 428
60 4 0 432
60 4 1 452
60 4 2 436
60 5 0 446
60 5 1 404
60 5 2 457
60 6 0 435
60 6 1 450
60 6 2 426
60 7 0 394
60 7 1 433
60 7 2 440
60 8 0 433
60 8 1 442
60 8 2 473
60 9 0 436
60 9 1 409
60 9 2 445
80 0 0 788
80 0 1 775
80 0 2 813
80 1 0 819
80 1 1 787
80 1 2 802
80 2 0 795
80 2 1 769
80 2 2 774
80 3 0 798
80 3 1 808
80 3 2 766
80 4 0 791
80 4 1 748
80 4 2 799
80 5 0 786
80 5 1 775
80 5 2 755
80 6 0 791
80 6 1 778
80 6 2 779
80 7 0 792
80 7 1 793
80 7 2 803
80 8 0 787
80 8 1 798
80 8 2 758
80 9 0 809
80 9 1 763
80 9 2 802
100 0 0 1239
100 0 1 1250
100 0 2 1071
100 1 0 1228
100 1 1 1226
100 1 2 1221
100 2 0 1202
100 2 1 1238
100 2 2 1232
100 3 0 1239
100 3 1 1264
100 3 2 1202
100 4 0 1230
100 4 1 1238
100 4 2 1253
100 5 0 1159
100 5 1 1222
100 5 2 1248
100 6 0 1258
100 6 1 1162
100 6 2 1218
100 7 0 1273
100 7 1 1243
100 7 2 1256
100 8 0 1258
100 8 1 1267
100 8 2 1265
100 9 0 1225
100 9 1 1267
100 9 2 1210
60 0 3 447
60 0 4 471
60 0 5 422
60 0 6 467
60 0 7 444
60 0 8 410
60 0 9 411
60 0 10 446
60 1 3 465
60 1 4 350
60 1 5 426
60 1 6 426
60 1 7 434
60 1 8 431
60 1 9 438
60 1 10 428
60 2 3 420
60 2 4 440
60 2 5 439
60 2 6 453
60 2 7 444
60 2 8 452
60 2 9 458
60 2 10 446
60 3 3 441
60 3 4 423
60 3 5 444
60 3 6 432
60 3 7 434
60 3 8 436
60 3 9 437
60 3 10 448
60 4 3 440
60 4 4 451
60 4 5 429
60 4 6 451
60 4 7 440
60 4 8 435
60 4 9 440
60 4 10 454
60 5 3 463
60 5 4 453
60 5 5 435
60 5 6 419
60 5 7 352
60 5 8 447
60 5 9 440
60 5 10 441
60 6 3 452
60 6 4 444
60 6 5 447
60 6 6 458
60 6 7 447
60 6 8 440
60 6 9 431
60 6 10 389
60 7 3 433
60 7 4 412
60 7 5 442
60 7 6 439
60 7 7 450
60 7 8 453
60 7 9 449
60 7 10 441
60 8 3 440
60 8 4 400
60 8 5 434
60 8 6 443
60 8 7 398
60 8 8 456
60 8 9 450
60 8 10 453
60 9 3 460
60 9 4 434
60 9 5 452
60 9 6 418
60 9 7 429
60 9 8 439
60 9 9 465
60 9 10 450
80 0 3 798
80 0 4 768
80 0 5 779
80 0 6 808
80 0 7 732
80 0 8 793
80 0 9 787
80 0 10 770
80 1 3 777
80 1 4 787
80 1 5 794
80 1 6 794
80 1 7 819
80 1 8 788
80 1 9 777
80 1 10 798
80 2 3 798
80 2 4 777
80 2 5 806
80 2 6 773
80 2 7 745
80 2 8 766
80 2 9 797
80 2 10 787
80 3 3 769
80 3 4 789
80 3 5 790
80 3 6 773
80 3 7 775
80 3 8 773
80 3 9 784
80 3 10 774
80 4 3 800
80 4 4 782
80 4 5 799
80 4 6 809
80 4 7 648
80 4 8 821
80 4 9 750
80 4 10 706
80 5 3 815
80 5 4 804
80 5 5 777
80 5 6 768
80 5 7 794
80 5 8 810
80 5 9 725
80 5 10 807
80 6 3 661
80 6 4 769
80 6 5 806
80 6 6 782
80 6 7 764
80 6 8 781
80 6 9 783
80 6 10 801
80 7 3 751
80 7 4 768
80 7 5 760
80 7 6 781
80 7 7 794
80 7 8 792
80 7 9 818
80 7 10 741
80 8 3 803
80 8 4 781
80 8 5 784
80 8 6 782
80 8 7 811
80 8 8 750
80 8 9 765
80 8 10 764
80 9 3 781
80 9 4 788
80 9 5 788
80 9 6 795
80 9 7 711
80 9 8 697
80 9 9 771
80 9 10 795
100 0 3 1159
100 0 4 1199
100 0 5 1239
100 0 6 1250
100 0 7 1255
100 0 8 1248
100 0 9 1242
100 0 10 1224
100 1 3 1241
100 1 4 1249
100 1 5 1228
100 1 6 1241
100 1 7 1214
100 1 8 1237
100 1 9 1246
100 1 10 1233
100 2 3 1246
100 2 4 1271
100 2 5 1276
100 2 6 1268
100 2 7 1261
100 2 8 1249
100 2 9 1199
100 2 10 1238
100 3 3 1190
100 3 4 1253
100 3 5 1230
100 3 6 1265
100 3 7 1255
100 3 8 1181
100 3 9 1245
100 3 10 1235
100 4 3 1248
100 4 4 1230
100 4 5 1226
100 4 6 1234
100 4 7 1199
100 4 8 1245
100 4 9 1215
100 4 10 1198
100 5 3 1254
100 5 4 1232
100 5 5 1236
100 5 6 1256
100 5 7 1219
100 5 8 1241
100 5 9 1265
100 5 10 1237
100 6 3 1258
100 6 4 1234
100 6 5 1253
100 6 6 1240
100 6 7 1237
100 6 8 1239
100 6 9 1228
100 6 10 1241
100 7 3 1237
100 7 4 1249
100 7 5 1242
100 7 6 1206
100 7 7 1235
100 7 8 1227
100 7 9 1213
100 7 10 1252
100 8 3 1204
100 8 4 1195
100 8 5 1234
100 8 6 1240
100 8 7 1237
100 8 8 1253
100 8 9 1178
100 8 10 1187
100 9 3 1246
100 9 4 1250
100 9 5 1240
100 9 6 1229
100 9 7 1245
100 9 8 1223
100 9 9 1180
100 9 10 1129
