60 0 0 461
60 0 1 457
60 0 2 454
60 1 0 451
60 1 1 451
60 1 2 387
60 2 0 431
60 2 1 441
60 2 2 459
60 3 0 432
60 3 1 440
60 3 2 364
60 4 0 428
60 4 1 450
60 4 2 441
60 5 0 430
60 5 1 438
60 5 2 433
60 6 0 449
60 6 1 452
60 6 2 401
60 7 0 442
60 7 1 451
60 7 2 450
60 8 0 438
60 8 1 431
60 8 2 419
60 9 0 429
60 9 1 425
60 9 2 450
80 0 0 724
80 0 1 793
80 0 2 780
80 1 0 801
80 1 1 761
80 1 2 758
80 2 0 786
80 2 1 810
80 2 2 790
80 3 0 762
80 3 1 791
80 3 2 805
80 4 0 758
80 4 1 726
80 4 2 778
80 5 0 790
80 5 1 798
80 5 2 788
80 6 0 782
80 6 1 773
80 6 2 795
80 7 0 787
80 7 1 792
80 7 2 772
80 8 0 795
80 8 1 793
80 8 2 767
80 9 0 789
80 9 1 802
80 9 2 805
100 0 0 1259
100 0 1 1228
100 0 2 1205
100 1 0 1208
100 1 1 1212
100 1 2 1267
100 2 0 1121
100 2 1 1135
100 2 2 1251
100 3 0 1224
100 3 1 1176
100 3 2 1141
100 4 0 1240
100 4 1 1233
100 4 2 1254
100 5 0 1162
100 5 1 1206
100 5 2 1070
100 6 0 1217
100 6 1 1180
100 6 2 1229
100 7 0 1202
100 7 1 1173
100 7 2 1223
100 8 0 1234
100 8 1 1209
100 8 2 1204
100 9 0 1145
100 9 1 1254
100 9 2 1113
60 0 3 448
60 0 4 442
60 0 5 439
60 0 6 408
60 0 7 447
60 0 8 458
60 0 9 444
60 0 10 440
60 1 3 420
60 1 4 430
60 1 5 439
60 1 6 429
60 1 7 428
60 1 8 449
60 1 9 461
60 1 10 431
60 2 3 449
60 2 4 402
60 2 5 331
60 2 6 440
60 2 7 435
60 2 8 367
60 2 9 438
60 2 10 411
60 3 3 422
60 3 4 409
60 3 5 422
60 3 6 445
60 3 7 436
60 3 8 474
60 3 9 440
60 3 10 429
60 4 3 462
60 4 4 437
60 4 5 435
60 4 6 417
60 4 7 447
60 4 8 297
60 4 9 467
60 4 10 440
60 5 3 439
60 5 4 457
60 5 5 393
60 5 6 431
60 5 7 393
60 5 8 440
60 5 9 443
60 5 10 435
60 6 3 384
60 6 4 444
60 6 5 418
60 6 6 448
60 6 7 465
60 6 8 438
60 6 9 457
60 6 10 423
60 7 3 450
60 7 4 426
60 7 5 367
60 7 6 456
60 7 7 421
60 7 8 451
60 7 9 452
60 7 10 431
60 8 3 418
60 8 4 436
60 8 5 392
60 8 6 458
60 8 7 430
60 8 8 438
60 8 9 456
60 8 10 438
60 9 3 451
60 9 4 441
60 9 5 431
60 9 6 440
60 9 7 440
60 9 8 446
60 9 9 446
60 9 10 446
80 0 3 765
80 0 4 780
80 0 5 754
80 0 6 762
80 0 7 811
80 0 8 801
80 0 9 791
80 0 10 791
80 1 3 800
80 1 4 775
80 1 5 767
80 1 6 771
80 1 7 800
80 1 8 815
80 1 9 713
80 1 10 786
80 2 3 769
80 2 4 779
80 2 5 713
80 2 6 810
80 2 7 806
80 2 8 803
80 2 9 813
80 2 10 710
80 3 3 726
80 3 4 776
80 3 5 813
80 3 6 777
80 3 7 769
80 3 8 806
80 3 9 801
80 3 10 807
80 4 3 789
80 4 4 767
80 4 5 791
80 4 6 736
80 4 7 777
80 4 8 798
80 4 9 807
80 4 10 708
80 5 3 784
80 5 4 783
80 5 5 728
80 5 6 816
80 5 7 727
80 5 8 762
80 5 9 788
80 5 10 792
80 6 3 802
80 6 4 741
80 6 5 698
80 6 6 790
80 6 7 790
80 6 8 803
80 6 9 792
80 6 10 788
80 7 3 773
80 7 4 766
80 7 5 790
80 7 6 793
80 7 7 778
80 7 8 810
80 7 9 740
80 7 10 781
80 8 3 745
80 8 4 816
80 8 5 771
80 8 6 796
80 8 7 773
80 8 8 791
80 8 9 802
80 8 10 783
80 9 3 779
80 9 4 649
80 9 5 812
80 9 6 788
80 9 7 790
80 9 8 789
80 9 9 789
80 9 10 823
100 0 3 1212
100 0 4 1217
100 0 5 1225
100 0 6 1235
100 0 7 1175
100 0 8 1176
100 0 9 1244
100 0 10 1188
100 1 3 1196
100 1 4 1227
100 1 5 1252
100 1 6 1217
100 1 7 1198
100 1 8 1195
100 1 9 1241
100 1 10 1234
100 2 3 1150
100 2 4 1241
100 2 5 1205
100 2 6 1221
100 2 7 1214
100 2 8 1222
100 2 9 1217
100 2 10 1249
100 3 3 1236
100 3 4 1238
100 3 5 1190
100 3 6 1210
100 3 7 1228
100 3 8 1187
100 3 9 1215
100 3 10 1239
100 4 3 1238
100 4 4 1208
100 4 5 1214
100 4 6 1258
100 4 7 1216
100 4 8 1225
100 4 9 1258
100 4 10 1194
100 5 3 1225
100 5 4 1220
100 5 5 1254
100 5 6 1200
100 5 7 1201
100 5 8 1194
100 5 9 1211
100 5 10 1238
100 6 3 1236
100 6 4 1248
100 6 5 1218
100 6 6 1240
100 6 7 1075
100 6 8 1215
100 6 9 1231
100 6 10 1228
100 7 3 1245
100 7 4 1228
100 7 5 1232
100 7 6 1259
100 7 7 1162
100 7 8 1235
100 7 9 1223
100 7 10 1240
100 8 3 1284
100 8 4 1238
100 8 5 1224
100 8 6 1204
100 8 7 1203
100 8 8 1216
100 8 9 1269
100 8 10 1263
100 9 3 1222
100 9 4 1207
100 9 5 1252
100 9 6 1228
100 9 7 1215
100 9 8 1223
100 9 9 1246
100 9 10 1178
