60 0 0 446
60 0 1 425
60 0 2 416
60 1 0 426
60 1 1 447
60 1 2 431
60 2 0 401
60 2 1 345
60 2 2 419
60 3 0 409
60 3 1 356
60 3 2 442
60 4 0 421
60 4 1 449
60 4 2 404
60 5 0 414
60 5 1 451
60 5 2 440
60 6 0 401
60 6 1 434
60 6 2 419
60 7 0 364
60 7 1 452
60 7 2 430
60 8 0 450
60 8 1 433
60 8 2 441
60 9 0 328
60 9 1 446
60 9 2 440
80 0 0 765
80 0 1 656
80 0 2 785
80 1 0 788
80 1 1 758
80 1 2 816
80 2 0 709
80 2 1 801
80 2 2 775
80 3 0 751
80 3 1 757
80 3 2 760
80 4 0 712
80 4 1 797
80 4 2 755
80 5 0 803
80 5 1 745
80 5 2 775
80 6 0 765
80 6 1 789
80 6 2 730
80 7 0 722
80 7 1 794
80 7 2 759
80 8 0 821
80 8 1 704
80 8 2 781
80 9 0 655
80 9 1 730
80 9 2 787
100 0 0 1174
100 0 1 1215
100 0 2 1184
100 1 0 1188
100 1 1 1237
100 1 2 1226
100 2 0 1249
100 2 1 1209
100 2 2 1187
100 3 0 1082
100 3 1 1123
100 3 2 1221
100 4 0 1139
100 4 1 1233
100 4 2 917
100 5 0 1235
100 5 1 1232
100 5 2 1195
100 6 0 1214
100 6 1 1230
100 6 2 1251
100 7 0 1237
100 7 1 1148
100 7 2 1226
100 8 0 1246
100 8 1 1122
100 8 2 1217
100 9 0 1267
100 9 1 1149
100 9 2 1170
60 0 3 422
60 0 4 356
60 0 5 435
60 0 6 419
60 0 7 300
60 0 8 444
60 0 9 377
60 0 10 457
60 1 3 432
60 1 4 453
60 1 5 437
60 1 6 439
60 1 7 418
60 1 8 433
60 1 9 444
60 1 10 439
60 2 3 408
60 2 4 439
60 2 5 448
60 2 6 303
60 2 7 440
60 2 8 443
60 2 9 425
60 2 10 351
60 3 3 405
60 3 4 437
60 3 5 409
60 3 6 314
60 3 7 420
60 3 8 420
60 3 9 435
60 3 10 428
60 4 3 333
60 4 4 441
60 4 5 445
60 4 6 417
60 4 7 414
60 4 8 385
60 4 9 439
60 4 10 440
60 5 3 448
60 5 4 411
60 5 5 412
60 5 6 429
60 5 7 430
60 5 8 451
60 5 9 408
60 5 10 432
60 6 3 445
60 6 4 425
60 6 5 421
60 6 6 419
60 6 7 440
60 6 8 429
60 6 9 426
60 6 10 446
60 7 3 420
60 7 4 444
60 7 5 455
60 7 6 444
60 7 7 440
60 7 8 418
60 7 9 441
60 7 10 432
60 8 3 415
60 8 4 441
60 8 5 416
60 8 6 335
60 8 7 410
60 8 8 443
60 8 9 442
60 8 10 434
60 9 3 424
60 9 4 455
60 9 5 435
60 9 6 440
60 9 7 446
60 9 8 344
60 9 9 428
60 9 10 429
80 0 3 790
80 0 4 798
80 0 5 793
80 0 6 719
80 0 7 774
80 0 8 632
80 0 9 770
80 0 10 764
80 1 3 802
80 1 4 792
80 1 5 810
80 1 6 726
80 1 7 763
80 1 8 754
80 1 9 785
80 1 10 754
80 2 3 821
80 2 4 733
80 2 5 734
80 2 6 808
80 2 7 723
80 2 8 767
80 2 9 718
80 2 10 770
80 3 3 768
80 3 4 788
80 3 5 797
80 3 6 790
80 3 7 745
80 3 8 714
80 3 9 777
80 3 10 807
80 4 3 768
80 4 4 778
80 4 5 777
80 4 6 798
80 4 7 728
80 4 8 803
80 4 9 777
80 4 10 729
80 5 3 790
80 5 4 701
80 5 5 619
80 5 6 780
80 5 7 722
80 5 8 792
80 5 9 642
80 5 10 769
80 6 3 751
80 6 4 761
80 6 5 770
80 6 6 698
80 6 7 685
80 6 8 769
80 6 9 795
80 6 10 775
80 7 3 777
80 7 4 711
80 7 5 659
80 7 6 765
80 7 7 791
80 7 8 542
80 7 9 791
80 7 10 800
80 8 3 712
80 8 4 810
80 8 5 796
80 8 6 784
80 8 7 764
80 8 8 764
80 8 9 787
80 8 10 778
80 9 3 627
80 9 4 789
80 9 5 779
80 9 6 813
80 9 7 790
80 9 8 785
80 9 9 715
80 9 10 790
100 0 3 1235
100 0 4 1175
100 0 5 1214
100 0 6 1243
100 0 7 1215
100 0 8 1245
100 0 9 1220
100 0 10 1239
100 1 3 1212
100 1 4 1162
100 1 5 1252
100 1 6 1224
100 1 7 1225
100 1 8 1228
100 1 9 1116
100 1 10 1223
100 2 3 1210
100 2 4 1259
100 2 5 1236
100 2 6 1189
100 2 7 1170
100 2 8 1221
100 2 9 1119
100 2 10 1159
100 3 3 1208
100 3 4 1143
100 3 5 1217
100 3 6 1179
100 3 7 1213
100 3 8 1171
100 3 9 1217
100 3 10 1121
100 4 3 1092
100 4 4 1200
100 4 5 1208
100 4 6 1213
100 4 7 1223
100 4 8 1250
100 4 9 1192
100 4 10 1145
100 5 3 1146
100 5 4 1189
100 5 5 1009
100 5 6 1210
100 5 7 1215
100 5 8 1136
100 5 9 1231
100 5 10 1151
100 6 3 1155
100 6 4 1273
100 6 5 1225
100 6 6 1151
100 6 7 1231
100 6 8 1239
100 6 9 1227
100 6 10 991
100 7 3 1188
100 7 4 1244
100 7 5 1228
100 7 6 1152
100 7 7 1015
100 7 8 1264
100 7 9 1246
100 7 10 1219
100 8 3 1243
100 8 4 1227
100 8 5 1231
100 8 6 1189
100 8 7 1036
100 8 8 1183
100 8 9 1044
100 8 10 1220
100 9 3 1239
100 9 4 1218
100 9 5 1083
100 9 6 1251
100 9 7 1221
100 9 8 1050
100 9 9 1181
100 9 10 1219
