60 0 0 452
60 0 1 403
60 0 2 438
60 1 0 450
60 1 1 436
60 1 2 425
60 2 0 433
60 2 1 414
60 2 2 439
60 3 0 420
60 3 1 432
60 3 2 443
60 4 0 446
60 4 1 423
60 4 2 429
60 5 0 397
60 5 1 456
60 5 2 455
60 6 0 446
60 6 1 414
60 6 2 464
60 7 0 440
60 7 1 458
60 7 2 458
60 8 0 419
60 8 1 443
60 8 2 436
60 9 0 471
60 9 1 419
60 9 2 448
80 0 0 794
80 0 1 765
80 0 2 773
80 1 0 776
80 1 1 752
80 1 2 773
80 2 0 751
80 2 1 759
80 2 2 809
80 3 0 724
80 3 1 780
80 3 2 783
80 4 0 765
80 4 1 781
80 4 2 766
80 5 0 768
80 5 1 817
80 5 2 740
80 6 0 786
80 6 1 793
80 6 2 787
80 7 0 805
80 7 1 768
80 7 2 776
80 8 0 773
80 8 1 756
80 8 2 786
80 9 0 738
80 9 1 805
80 9 2 791
100 0 0 1148
100 0 1 1254
100 0 2 1239
100 1 0 1229
100 1 1 1242
100 1 2 1113
100 2 0 1154
100 2 1 1237
100 2 2 1196
100 3 0 1239
100 3 1 1251
100 3 2 1038
100 4 0 1177
100 4 1 1222
100 4 2 1232
100 5 0 1226
100 5 1 1203
100 5 2 1226
100 6 0 1268
100 6 1 1217
100 6 2 1229
100 7 0 1218
100 7 1 1169
100 7 2 1229
100 8 0 1214
100 8 1 1234
100 8 2 1238
100 9 0 1132
100 9 1 1216
100 9 2 1273
60 0 3 436
60 0 4 455
60 0 5 435
60 0 6 371
60 0 7 458
60 0 8 442
60 0 9 400
60 0 10 410
60 1 3 441
60 1 4 443
60 1 5 428
60 1 6 445
60 1 7 450
60 1 8 439
60 1 9 431
60 1 10 444
60 2 3 428
60 2 4 440
60 2 5 405
60 2 6 423
60 2 7 435
60 2 8 454
60 2 9 449
60 2 10 433
60 3 3 476
60 3 4 456
60 3 5 450
60 3 6 418
60 3 7 412
60 3 8 409
60 3 9 391
60 3 10 438
60 4 3 337
60 4 4 439
60 4 5 403
60 4 6 403
60 4 7 419
60 4 8 324
60 4 9 437
60 4 10 452
60 5 3 439
60 5 4 447
60 5 5 442
60 5 6 450
60 5 7 453
60 5 8 452
60 5 9 465
60 5 10 374
60 6 3 421
60 6 4 360
60 6 5 441
60 6 6 410
60 6 7 372
60 6 8 439
60 6 9 437
60 6 10 438
60 7 3 411
60 7 4 425
60 7 5 434
60 7 6 451
60 7 7 415
60 7 8 442
60 7 9 449
60 7 10 451
60 8 3 424
60 8 4 382
60 8 5 430
60 8 6 456
60 8 7 432
60 8 8 445
60 8 9 422
60 8 10 437
60 9 3 426
60 9 4 446
60 9 5 445
60 9 6 439
60 9 7 426
60 9 8 429
60 9 9 429
60 9 10 444
80 0 3 708
80 0 4 755
80 0 5 808
80 0 6 745
80 0 7 737
80 0 8 804
80 0 9 793
80 0 10 775
80 1 3 783
80 1 4 781
80 1 5 781
80 1 6 809
80 1 7 764
80 1 8 770
80 1 9 750
80 1 10 786
80 2 3 790
80 2 4 786
80 2 5 777
80 2 6 820
80 2 7 785
80 2 8 766
80 2 9 788
80 2 10 793
80 3 3 808
80 3 4 785
80 3 5 761
80 3 6 790
80 3 7 781
80 3 8 772
80 3 9 784
80 3 10 811
80 4 3 724
80 4 4 721
80 4 5 790
80 4 6 790
80 4 7 780
80 4 8 811
80 4 9 784
80 4 10 767
80 5 3 786
80 5 4 766
80 5 5 738
80 5 6 796
80 5 7 713
80 5 8 728
80 5 9 751
80 5 10 774
80 6 3 746
80 6 4 801
80 6 5 811
80 6 6 761
80 6 7 784
80 6 8 801
80 6 9 816
80 6 10 763
80 7 3 817
80 7 4 710
80 7 5 817
80 7 6 761
80 7 7 770
80 7 8 782
80 7 9 776
80 7 10 788
80 8 3 786
80 8 4 767
80 8 5 789
80 8 6 819
80 8 7 766
80 8 8 797
80 8 9 659
80 8 10 803
80 9 3 783
80 9 4 749
80 9 5 782
80 9 6 784
80 9 7 809
80 9 8 764
80 9 9 799
80 9 10 785
100 0 3 1256
100 0 4 1252
100 0 5 1253
100 0 6 1247
100 0 7 1219
100 0 8 1273
100 0 9 1244
100 0 10 1217
100 1 3 1243
100 1 4 1247
100 1 5 1237
100 1 6 1257
100 1 7 1235
100 1 8 1205
100 1 9 1239
100 1 10 1272
100 2 3 1169
100 2 4 1231
100 2 5 1226
100 2 6 1215
100 2 7 1197
100 2 8 1096
100 2 9 1243
100 2 10 1194
100 3 3 1268
100 3 4 1195
100 3 5 1258
100 3 6 1216
100 3 7 1218
100 3 8 1247
100 3 9 1230
100 3 10 1288
100 4 3 1211
100 4 4 1118
100 4 5 1236
100 4 6 1229
100 4 7 1223
100 4 8 1209
100 4 9 1238
100 4 10 1227
100 5 3 1284
100 5 4 1207
100 5 5 1107
100 5 6 1246
100 5 7 1267
100 5 8 1230
100 5 9 1245
100 5 10 1240
100 6 3 1208
100 6 4 1195
100 6 5 1220
100 6 6 1244
100 6 7 1218
100 6 8 1230
100 6 9 1221
100 6 10 1229
100 7 3 1253
100 7 4 1255
100 7 5 1249
100 7 6 1251
100 7 7 1204
100 7 8 1249
100 7 9 1253
100 7 10 1203
100 8 3 1255
100 8 4 1253
100 8 5 1229
100 8 6 1180
100 8 7 1200
100 8 8 1203
100 8 9 1232
100 8 10 1252
100 9 3 1273
100 9 4 1258
100 9 5 1211
100 9 6 1254
100 9 7 1204
100 9 8 1223
100 9 9 1234
100 9 10 1199
