60 0 0 441
60 0 1 450
60 0 2 466
60 1 0 420
60 1 1 414
60 1 2 446
60 2 0 392
60 2 1 448
60 2 2 441
60 3 0 441
60 3 1 454
60 3 2 442
60 4 0 440
60 4 1 429
60 4 2 425
60 5 0 449
60 5 1 445
60 5 2 451
60 6 0 423
60 6 1 429
60 6 2 445
60 7 0 446
60 7 1 418
60 7 2 442
60 8 0 439
60 8 1 440
60 8 2 448
60 9 0 467
60 9 1 450
60 9 2 446
80 0 0 782
80 0 1 754
80 0 2 794
80 1 0 797
80 1 1 759
80 1 2 763
80 2 0 813
80 2 1 754
80 2 2 782
80 3 0 810
80 3 1 793
80 3 2 781
80 4 0 786
80 4 1 744
80 4 2 702
80 5 0 767
80 5 1 793
80 5 2 809
80 6 0 796
80 6 1 776
80 6 2 775
80 7 0 802
80 7 1 760
80 7 2 779
80 8 0 701
80 8 1 712
80 8 2 806
80 9 0 794
80 9 1 811
80 9 2 795
100 0 0 1240
100 0 1 1206
100 0 2 1266
100 1 0 1136
100 1 1 1206
100 1 2 1183
100 2 0 1266
100 2 1 1187
100 2 2 1153
100 3 0 1207
100 3 1 1191
100 3 2 1224
100 4 0 1213
100 4 1 1206
100 4 2 1246
100 5 0 1233
100 5 1 1181
100 5 2 1250
100 6 0 1230
100 6 1 1242
100 6 2 1200
100 7 0 1268
100 7 1 1252
100 7 2 1212
100 8 0 1232
100 8 1 1241
100 8 2 1297
100 9 0 1257
100 9 1 1189
100 9 2 1280
60 0 3 469
60 0 4 442
60 0 5 432
60 0 6 415
60 0 7 457
60 0 8 433
60 0 9 433
60 0 10 456
60 1 3 443
60 1 4 444
60 1 5 457
60 1 6 442
60 1 7 402
60 1 8 443
60 1 9 453
60 1 10 437
60 2 3 432
60 2 4 432
60 2 5 442
60 2 6 459
60 2 7 439
60 2 8 434
60 2 9 454
60 2 10 444
60 3 3 458
60 3 4 448
60 3 5 438
60 3 6 444
60 3 7 410
60 3 8 440
60 3 9 407
60 3 10 431
60 4 3 443
60 4 4 417
60 4 5 446
60 4 6 443
60 4 7 442
60 4 8 438
60 4 9 449
60 4 10 416
60 5 3 422
60 5 4 448
60 5 5 426
60 5 6 438
60 5 7 454
60 5 8 426
60 5 9 432
60 5 10 457
60 6 3 382
60 6 4 417
60 6 5 416
60 6 6 429
60 6 7 425
60 6 8 438
60 6 9 394
60 6 10 451
60 7 3 432
60 7 4 373
60 7 5 379
60 7 6 454
60 7 7 455
60 7 8 447
60 7 9 447
60 7 10 446
60 8 3 394
60 8 4 429
60 8 5 399
60 8 6 434
60 8 7 418
60 8 8 432
60 8 9 458
60 8 10 433
60 9 3 481
60 9 4 443
60 9 5 441
60 9 6 432
60 9 7 443
60 9 8 446
60 9 9 398
60 9 10 419
80 0 3 790
80 0 4 751
80 0 5 797
80 0 6 757
80 0 7 801
80 0 8 802
80 0 9 790
80 0 10 790
80 1 3 689
80 1 4 800
80 1 5 776
80 1 6 756
80 1 7 789
80 1 8 735
80 1 9 799
80 1 10 799
80 2 3 794
80 2 4 803
80 2 5 773
80 2 6 626
80 2 7 797
80 2 8 810
80 2 9 804
80 2 10 793
80 3 3 802
80 3 4 764
80 3 5 764
80 3 6 738
80 3 7 788
80 3 8 822
80 3 9 740
80 3 10 817
80 4 3 795
80 4 4 736
80 4 5 792
80 4 6 782
80 4 7 779
80 4 8 793
80 4 9 808
80 4 10 780
80 5 3 762
80 5 4 740
80 5 5 793
80 5 6 773
80 5 7 721
80 5 8 783
80 5 9 775
80 5 10 739
80 6 3 816
80 6 4 789
80 6 5 799
80 6 6 783
80 6 7 772
80 6 8 723
80 6 9 787
80 6 10 796
80 7 3 803
80 7 4 791
80 7 5 811
80 7 6 782
80 7 7 709
80 7 8 731
80 7 9 773
80 7 10 815
80 8 3 796
80 8 4 759
80 8 5 756
80 8 6 816
80 8 7 714
80 8 8 763
80 8 9 805
80 8 10 758
80 9 3 813
80 9 4 787
80 9 5 785
80 9 6 799
80 9 7 792
80 9 8 776
80 9 9 810
80 9 10 790
100 0 3 1133
100 0 4 1253
100 0 5 1139
100 0 6 1254
100 0 7 1223
100 0 8 1231
100 0 9 1205
100 0 10 1219
100 1 3 1259
100 1 4 1250
100 1 5 1234
100 1 6 1216
100 1 7 1243
100 1 8 1254
100 1 9 1235
100 1 10 1230
100 2 3 1245
100 2 4 1205
100 2 5 1237
100 2 6 1249
100 2 7 1239
100 2 8 1246
100 2 9 1173
100 2 10 1221
100 3 3 1190
100 3 4 1234
100 3 5 1299
100 3 6 1206
100 3 7 1218
100 3 8 1234
100 3 9 1258
100 3 10 1255
100 4 3 1229
100 4 4 1213
100 4 5 1250
100 4 6 1227
100 4 7 1244
100 4 8 1218
100 4 9 1245
100 4 10 1236
100 5 3 1205
100 5 4 1273
100 5 5 1160
100 5 6 1215
100 5 7 1185
100 5 8 1226
100 5 9 1253
100 5 10 1227
100 6 3 1204
100 6 4 1225
100 6 5 1229
100 6 6 1262
100 6 7 1218
100 6 8 1250
100 6 9 1252
100 6 10 1227
100 7 3 1195
100 7 4 1249
100 7 5 1232
100 7 6 1230
100 7 7 1266
100 7 8 1266
100 7 9 1230
100 7 10 1232
100 8 3 1242
100 8 4 1165
100 8 5 1188
100 8 6 1276
100 8 7 1220
100 8 8 1219
100 8 9 1227
100 8 10 1205
100 9 3 1199
100 9 4 1245
100 9 5 1221
100 9 6 1253
100 9 7 1208
100 9 8 1213
100 9 9 1248
100 9 10 1215
