60 0 0 436
60 0 1 452
60 0 2 365
60 1 0 440
60 1 1 426
60 1 2 447
60 2 0 405
60 2 1 449
60 2 2 425
60 3 0 459
60 3 1 403
60 3 2 387
60 4 0 434
60 4 1 448
60 4 2 408
60 5 0 464
60 5 1 448
60 5 2 446
60 6 0 433
60 6 1 432
60 6 2 403
60 7 0 445
60 7 1 434
60 7 2 432
60 8 0 406
60 8 1 385
60 8 2 417
60 9 0 468
60 9 1 448
60 9 2 437
80 0 0 789
80 0 1 771
80 0 2 762
80 1 0 786
80 1 1 794
80 1 2 782
80 2 0 764
80 2 1 720
80 2 2 764
80 3 0 765
80 3 1 702
80 3 2 785
80 4 0 695
80 4 1 737
80 4 2 804
80 5 0 793
80 5 1 780
80 5 2 801
80 6 0 787
80 6 1 755
80 6 2 785
80 7 0 805
80 7 1 793
80 7 2 799
80 8 0 747
80 8 1 776
80 8 2 790
80 9 0 762
80 9 1 801
80 9 2 770
100 0 0 1238
100 0 1 1189
100 0 2 1152
100 1 0 1265
100 1 1 1274
100 1 2 1162
100 2 0 1235
100 2 1 1219
100 2 2 1219
100 3 0 1215
100 3 1 1234
100 3 2 1236
100 4 0 1242
100 4 1 1201
100 4 2 1191
100 5 0 1251
100 5 1 1173
100 5 2 1243
100 6 0 1218
100 6 1 1167
100 6 2 1160
100 7 0 1209
100 7 1 1250
100 7 2 1211
100 8 0 1230
100 8 1 1268
100 8 2 1256
100 9 0 1194
100 9 1 1214
100 9 2 1179
60 0 3 441
60 0 4 413
60 0 5 446
60 0 6 459
60 0 7 443
60 0 8 444
60 0 9 398
60 0 10 454
60 1 3 445
60 1 4 467
60 1 5 439
60 1 6 442
60 1 7 453
60 1 8 448
60 1 9 435
60 1 10 462
60 2 3 444
60 2 4 380
60 2 5 390
60 2 6 446
60 2 7 438
60 2 8 432
60 2 9 439
60 2 10 444
60 3 3 411
60 3 4 450
60 3 5 433
60 3 6 440
60 3 7 435
60 3 8 436
60 3 9 441
60 3 10 440
60 4 3 454
60 4 4 438
60 4 5 439
60 4 6 350
60 4 7 448
60 4 8 438
60 4 9 452
60 4 10 442
60 5 3 408
60 5 4 422
60 5 5 462
60 5 6 449
60 5 7 430
60 5 8 432
60 5 9 414
60 5 10 433
60 6 3 457
60 6 4 428
60 6 5 448
60 6 6 414
60 6 7 437
60 6 8 445
60 6 9 417
60 6 10 452
60 7 3 441
60 7 4 408
60 7 5 400
60 7 6 389
60 7 7 458
60 7 8 422
60 7 9 449
60 7 10 429
60 8 3 408
60 8 4 432
60 8 5 456
60 8 6 442
60 8 7 461
60 8 8 444
60 8 9 434
60 8 10 447
60 9 3 461
60 9 4 449
60 9 5 398
60 9 6 423
60 9 7 435
60 9 8 441
60 9 9 394
60 9 10 442
80 0 3 791
80 0 4 762
80 0 5 777
80 0 6 802
80 0 7 805
80 0 8 787
80 0 9 779
80 0 10 792
80 1 3 806
80 1 4 802
80 1 5 769
80 1 6 767
80 1 7 772
80 1 8 789
80 1 9 775
80 1 10 775
80 2 3 778
80 2 4 745
80 2 5 781
80 2 6 818
80 2 7 805
80 2 8 806
80 2 9 783
80 2 10 767
80 3 3 781
80 3 4 787
80 3 5 757
80 3 6 806
80 3 7 796
80 3 8 759
80 3 9 788
80 3 10 791
80 4 3 729
80 4 4 793
80 4 5 639
80 4 6 797
80 4 7 766
80 4 8 805
80 4 9 775
80 4 10 751
80 5 3 792
80 5 4 729
80 5 5 759
80 5 6 797
80 5 7 769
80 5 8 781
80 5 9 807
80 5 10 781
80 6 3 785
80 6 4 755
80 6 5 775
80 6 6 776
80 6 7 793
80 6 8 752
80 6 9 810
80 6 10 767
80 7 3 808
80 7 4 789
80 7 5 772
80 7 6 775
80 7 7 816
80 7 8 765
80 7 9 737
80 7 10 752
80 8 3 786
80 8 4 804
80 8 5 794
80 8 6 765
80 8 7 778
80 8 8 775
80 8 9 791
80 8 10 785
80 9 3 754
80 9 4 790
80 9 5 785
80 9 6 795
80 9 7 812
80 9 8 774
80 9 9 750
80 9 10 813
100 0 3 1246
100 0 4 1233
100 0 5 1183
100 0 6 1206
100 0 7 1265
100 0 8 1233
100 0 9 1246
100 0 10 1174
100 1 3 1211
100 1 4 1209
100 1 5 1227
100 1 6 1233
100 1 7 1214
100 1 8 1215
100 1 9 1263
100 1 10 1216
100 2 3 1218
100 2 4 1232
100 2 5 1229
100 2 6 1185
100 2 7 1190
100 2 8 1192
100 2 9 1227
100 2 10 1227
100 3 3 1233
100 3 4 1185
100 3 5 1225
100 3 6 1151
100 3 7 1199
100 3 8 1176
100 3 9 1265
100 3 10 1265
100 4 3 1214
100 4 4 1249
100 4 5 1191
100 4 6 1189
100 4 7 1234
100 4 8 1129
100 4 9 1255
100 4 10 1239
100 5 3 1195
100 5 4 1209
100 5 5 1164
100 5 6 1250
100 5 7 1241
100 5 8 1218
100 5 9 1205
100 5 10 1230
100 6 3 1250
100 6 4 1222
100 6 5 1207
100 6 6 1169
100 6 7 1176
100 6 8 1246
100 6 9 1238
100 6 10 1235
100 7 3 1219
100 7 4 1237
100 7 5 1197
100 7 6 1205
100 7 7 1264
100 7 8 1233
100 7 9 1212
100 7 10 1199
100 8 3 1249
100 8 4 1296
100 8 5 1240
100 8 6 1250
100 8 7 1220
100 8 8 1140
100 8 9 1248
100 8 10 1186
100 9 3 1049
100 9 4 1240
100 9 5 1253
100 9 6 1212
100 9 7 1222
100 9 8 1238
100 9 9 1145
100 9 10 1202
