60 0 0 332
60 0 1 476
60 0 2 403
60 1 0 412
60 1 1 437
60 1 2 382
60 2 0 428
60 2 1 429
60 2 2 428
60 3 0 443
60 3 1 425
60 3 2 438
60 4 0 425
60 4 1 427
60 4 2 388
60 5 0 415
60 5 1 413
60 5 2 408
60 6 0 447
60 6 1 441
60 6 2 435
60 7 0 396
60 7 1 390
60 7 2 405
60 8 0 442
60 8 1 455
60 8 2 403
60 9 0 452
60 9 1 416
60 9 2 439
80 0 0 798
80 0 1 800
80 0 2 796
80 1 0 811
80 1 1 804
80 1 2 818
80 2 0 764
80 2 1 773
80 2 2 779
80 3 0 768
80 3 1 796
80 3 2 794
80 4 0 773
80 4 1 764
80 4 2 773
80 5 0 774
80 5 1 791
80 5 2 764
80 6 0 789
80 6 1 748
80 6 2 805
80 7 0 686
80 7 1 775
80 7 2 727
80 8 0 762
80 8 1 764
80 8 2 734
80 9 0 795
80 9 1 768
80 9 2 671
100 0 0 1234
100 0 1 1195
100 0 2 1240
100 1 0 1132
100 1 1 1249
100 1 2 1277
100 2 0 1248
100 2 1 1246
100 2 2 1085
100 3 0 1201
100 3 1 987
100 3 2 1133
100 4 0 1226
100 4 1 1259
100 4 2 1214
100 5 0 1231
100 5 1 1230
100 5 2 1243
100 6 0 1247
100 6 1 1204
100 6 2 1245
100 7 0 1137
100 7 1 1244
100 7 2 1254
100 8 0 1207
100 8 1 1143
100 8 2 1257
100 9 0 1239
100 9 1 1236
100 9 2 1235
60 0 3 460
60 0 4 442
60 0 5 383
60 0 6 388
60 0 7 432
60 0 8 426
60 0 9 434
60 0 10 446
60 1 3 431
60 1 4 442
60 1 5 434
60 1 6 454
60 1 7 421
60 1 8 450
60 1 9 432
60 1 10 450
60 2 3 398
60 2 4 390
60 2 5 417
60 2 6 426
60 2 7 450
60 2 8 454
60 2 9 435
60 2 10 378
60 3 3 431
60 3 4 442
60 3 5 445
60 3 6 439
60 3 7 403
60 3 8 402
60 3 9 435
60 3 10 434
60 4 3 435
60 4 4 448
60 4 5 413
60 4 6 401
60 4 7 456
60 4 8 406
60 4 9 456
60 4 10 432
60 5 3 445
60 5 4 455
60 5 5 430
60 5 6 423
60 5 7 460
60 5 8 438
60 5 9 433
60 5 10 469
60 6 3 448
60 6 4 427
60 6 5 411
60 6 6 421
60 6 7 451
60 6 8 439
60 6 9 434
60 6 10 424
60 7 3 426
60 7 4 452
60 7 5 426
60 7 6 439
60 7 7 451
60 7 8 381
60 7 9 441
60 7 10 448
60 8 3 443
60 8 4 445
60 8 5 451
60 8 6 445
60 8 7 447
60 8 8 411
60 8 9 426
60 8 10 459
60 9 3 431
60 9 4 433
60 9 5 436
60 9 6 449
60 9 7 452
60 9 8 439
60 9 9 456
60 9 10 430
80 0 3 774
80 0 4 760
80 0 5 744
80 0 6 730
80 0 7 783
80 0 8 768
80 0 9 787
80 0 10 648
80 1 3 791
80 1 4 702
80 1 5 791
80 1 6 796
80 1 7 709
80 1 8 789
80 1 9 790
80 1 10 760
80 2 3 783
80 2 4 797
80 2 5 792
80 2 6 802
80 2 7 796
80 2 8 774
80 2 9 813
80 2 10 792
80 3 3 687
80 3 4 763
80 3 5 774
80 3 6 758
80 3 7 789
80 3 8 799
80 3 9 778
80 3 10 739
80 4 3 796
80 4 4 783
80 4 5 765
80 4 6 792
80 4 7 761
80 4 8 765
80 4 9 785
80 4 10 791
80 5 3 786
80 5 4 797
80 5 5 772
80 5 6 749
80 5 7 773
80 5 8 785
80 5 9 779
80 5 10 785
80 6 3 760
80 6 4 769
80 6 5 815
80 6 6 792
80 6 7 783
80 6 8 803
80 6 9 781
80 6 10 762
80 7 3 785
80 7 4 771
80 7 5 688
80 7 6 816
80 7 7 655
80 7 8 752
80 7 9 790
80 7 10 760
80 8 3 779
80 8 4 746
80 8 5 769
80 8 6 799
80 8 7 782
80 8 8 783
80 8 9 775
80 8 10 757
80 9 3 764
80 9 4 759
80 9 5 771
80 9 6 792
80 9 7 788
80 9 8 766
80 9 9 775
80 9 10 787
100 0 3 1208
100 0 4 1281
100 0 5 1217
100 0 6 1214
100 0 7 1243
100 0 8 1258
100 0 9 1240
100 0 10 1228
100 1 3 1201
100 1 4 1227
100 1 5 1163
100 1 6 1249
100 1 7 1064
100 1 8 1211
100 1 9 1245
100 1 10 1204
100 2 3 1230
100 2 4 1154
100 2 5 1258
100 2 6 1213
100 2 7 1228
100 2 8 1214
100 2 9 1235
100 2 10 1220
100 3 3 1269
100 3 4 1127
100 3 5 1243
100 3 6 1199
100 3 7 1151
100 3 8 1256
100 3 9 1235
100 3 10 1245
100 4 3 1135
100 4 4 1205
100 4 5 1234
100 4 6 1226
100 4 7 1223
100 4 8 1260
100 4 9 1241
100 4 10 1187
100 5 3 1219
100 5 4 1225
100 5 5 1228
100 5 6 1261
100 5 7 1207
100 5 8 1235
100 5 9 1243
100 5 10 1237
100 6 3 1187
100 6 4 1244
100 6 5 1243
100 6 6 1220
100 6 7 1278
100 6 8 1233
100 6 9 1222
100 6 10 1173
100 7 3 1205
100 7 4 1225
100 7 5 1273
100 7 6 1255
100 7 7 1174
100 7 8 1210
100 7 9 1239
100 7 10 1236
100 8 3 1246
100 8 4 1223
100 8 5 1225
100 8 6 1238
100 8 7 1130
100 8 8 1249
100 8 9 1194
100 8 10 1209
100 9 3 1171
100 9 4 1248
100 9 5 1244
100 9 6 1260
100 9 7 1252
100 9 8 1236
100 9 9 1222
100 9 10 1217
