60 0 0 451
60 0 1 415
60 0 2 430
60 1 0 461
60 1 1 452
60 1 2 443
60 2 0 439
60 2 1 428
60 2 2 445
60 3 0 419
60 3 1 434
60 3 2 439
60 4 0 433
60 4 1 429
60 4 2 466
60 5 0 425
60 5 1 397
60 5 2 453
60 6 0 386
60 6 1 444
60 6 2 449
60 7 0 453
60 7 1 442
60 7 2 454
60 8 0 452
60 8 1 455
60 8 2 418
60 9 0 449
60 9 1 462
60 9 2 456
80 0 0 773
80 0 1 831
80 0 2 732
80 1 0 790
80 1 1 757
80 1 2 792
80 2 0 757
80 2 1 798
80 2 2 777
80 3 0 809
80 3 1 736
80 3 2 805
80 4 0 768
80 4 1 751
80 4 2 747
80 5 0 812
80 5 1 785
80 5 2 799
80 6 0 778
80 6 1 822
80 6 2 734
80 7 0 794
80 7 1 807
80 7 2 788
80 8 0 796
80 8 1 799
80 8 2 776
80 9 0 778
80 9 1 783
80 9 2 783
100 0 0 1239
100 0 1 1207
100 0 2 1210
100 1 0 1184
100 1 1 1253
100 1 2 1237
100 2 0 1233
100 2 1 1162
100 2 2 1208
100 3 0 1187
100 3 1 1250
100 3 2 1266
100 4 0 1268
100 4 1 1233
100 4 2 1239
100 5 0 1211
100 5 1 1246
100 5 2 1252
100 6 0 1240
100 6 1 1239
100 6 2 1216
100 7 0 1226
100 7 1 1266
100 7 2 1209
100 8 0 1259
100 8 1 1179
100 8 2 1227
100 9 0 1228
100 9 1 1271
100 9 2 1253
