60 0 0 59
60 0 1 90
60 0 2 29
60 0 3 120
60 0 4 60
60 0 5 60
60 0 6 60
60 0 7 60
60 0 8 214
60 0 9 60
60 1 0 91
60 1 1 32
60 1 2 87
60 1 3 432
60 1 4 89
60 1 5 89
60 1 6 89
60 1 7 64
60 1 8 59
60 1 9 59
60 2 0 88
60 2 1 30
60 2 2 30
60 2 3 30
60 2 4 30
60 2 5 170
60 2 6 30
60 2 7 30
60 2 8 30
60 2 9 30
60 3 0 88
60 3 1 81
60 3 2 182
60 3 3 58
60 3 4 54
60 3 5 134
60 3 6 81
60 3 7 62
60 3 8 61
60 3 9 88
60 4 0 34
60 4 1 34
60 4 2 34
60 4 3 212
60 4 4 34
60 4 5 34
60 4 6 34
60 4 7 34
60 4 8 34
60 4 9 34
60 5 0 103
60 5 1 63
60 5 2 91
60 5 3 115
60 5 4 430
60 5 5 58
60 5 6 29
60 5 7 58
60 5 8 86
60 5 9 29
60 6 0 27
60 6 1 88
60 6 2 27
60 6 3 27
60 6 4 27
60 6 5 27
60 6 6 27
60 6 7 27
60 6 8 27
60 6 9 27
60 7 0 152
60 7 1 35
60 7 2 35
60 7 3 35
60 7 4 35
60 7 5 35
60 7 6 35
60 7 7 35
60 7 8 35
60 7 9 35
60 8 0 123
60 8 1 35
60 8 2 59
60 8 3 24
60 8 4 59
60 8 5 59
60 8 6 24
60 8 7 59
60 8 8 35
60 8 9 35
60 9 0 59
60 9 1 34
60 9 2 59
60 9 3 59
60 9 4 34
60 9 5 34
60 9 6 62
60 9 7 62
60 9 8 59
60 9 9 209
80 0 0 38
80 0 1 79
80 0 2 38
80 0 3 38
80 0 4 38
80 0 5 38
80 0 6 209
80 0 7 38
80 0 8 79
80 0 9 38
80 1 0 104
80 1 1 36
80 1 2 70
80 1 3 36
80 1 4 70
80 1 5 217
80 1 6 70
80 1 7 104
80 1 8 36
80 1 9 70
80 2 0 82
80 2 1 81
80 2 2 82
80 2 3 81
80 2 4 126
80 2 5 81
80 2 6 89
80 2 7 153
80 2 8 81
80 2 9 78
80 3 0 83
80 3 1 647
80 3 2 116
80 3 3 83
80 3 4 83
80 3 5 45
80 3 6 88
80 3 7 83
80 3 8 81
80 3 9 150
80 4 0 114
80 4 1 291
80 4 2 159
80 4 3 183
80 4 4 89
80 4 5 79
80 4 6 80
80 4 7 35
80 4 8 114
80 4 9 124
80 5 0 81
80 5 1 155
80 5 2 81
80 5 3 140
80 5 4 38
80 5 5 81
80 5 6 68
80 5 7 572
80 5 8 81
80 5 9 81
80 6 0 199
80 6 1 777
80 6 2 85
80 6 3 40
80 6 4 81
80 6 5 40
80 6 6 40
80 6 7 81
80 6 8 81
80 6 9 85
80 7 0 76
80 7 1 39
80 7 2 216
80 7 3 76
80 7 4 120
80 7 5 156
80 7 6 76
80 7 7 76
80 7 8 39
80 7 9 37
80 8 0 80
80 8 1 40
80 8 2 40
80 8 3 40
80 8 4 40
80 8 5 40
80 8 6 40
80 8 7 80
80 8 8 40
80 8 9 40
80 9 0 34
80 9 1 68
80 9 2 102
80 9 3 141
80 9 4 106
80 9 5 134
80 9 6 72
80 9 7 102
80 9 8 34
80 9 9 72
100 0 0 44
100 0 1 135
100 0 2 355
100 0 3 92
100 0 4 92
100 0 5 44
100 0 6 275
100 0 7 89
100 0 8 138
100 0 9 92
100 1 0 196
100 1 1 443
100 1 2 102
100 1 3 145
100 1 4 102
100 1 5 101
100 1 6 815
100 1 7 439
100 1 8 145
100 1 9 196
100 2 0 55
100 2 1 55
100 2 2 55
100 2 3 55
100 2 4 55
100 2 5 55
100 2 6 55
100 2 7 55
100 2 8 55
100 2 9 55
100 3 0 93
100 3 1 93
100 3 2 93
100 3 3 86
100 3 4 41
100 3 5 93
100 3 6 86
100 3 7 93
100 3 8 86
100 3 9 93
100 4 0 143
100 4 1 98
100 4 2 143
100 4 3 98
100 4 4 98
100 4 5 95
100 4 6 143
100 4 7 143
100 4 8 143
100 4 9 193
100 5 0 64
100 5 1 116
100 5 2 64
100 5 3 64
100 5 4 116
100 5 5 120
100 5 6 116
100 5 7 120
100 5 8 113
100 5 9 172
100 6 0 54
100 6 1 54
100 6 2 54
100 6 3 54
100 6 4 54
100 6 5 54
100 6 6 54
100 6 7 100
100 6 8 54
100 6 9 54
100 7 0 50
100 7 1 50
100 7 2 156
100 7 3 106
100 7 4 156
100 7 5 106
100 7 6 154
100 7 7 156
100 7 8 106
100 7 9 156
100 8 0 50
100 8 1 50
100 8 2 152
100 8 3 50
100 8 4 104
100 8 5 98
100 8 6 152
100 8 7 50
100 8 8 104
100 8 9 152
100 9 0 221
100 9 1 156
100 9 2 144
100 9 3 156
100 9 4 190
100 9 5 202
100 9 6 139
100 9 7 202
100 9 8 202
100 9 9 199
