60 0 0 462
60 0 1 459
60 0 2 439
60 1 0 381
60 1 1 444
60 1 2 367
60 2 0 417
60 2 1 354
60 2 2 429
60 3 0 362
60 3 1 450
60 3 2 440
60 4 0 438
60 4 1 455
60 4 2 436
60 5 0 464
60 5 1 442
60 5 2 437
60 6 0 433
60 6 1 437
60 6 2 409
60 7 0 424
60 7 1 437
60 7 2 449
60 8 0 425
60 8 1 438
60 8 2 448
60 9 0 449
60 9 1 445
60 9 2 428
80 0 0 814
80 0 1 668
80 0 2 690
80 1 0 819
80 1 1 718
80 1 2 822
80 2 0 797
80 2 1 788
80 2 2 713
80 3 0 773
80 3 1 794
80 3 2 720
80 4 0 755
80 4 1 785
80 4 2 788
80 5 0 807
80 5 1 761
80 5 2 758
80 6 0 783
80 6 1 800
80 6 2 801
80 7 0 776
80 7 1 798
80 7 2 775
80 8 0 786
80 8 1 797
80 8 2 745
80 9 0 745
80 9 1 791
80 9 2 779
100 0 0 1228
100 0 1 1273
100 0 2 1234
100 1 0 1187
100 1 1 1220
100 1 2 1247
100 2 0 1243
100 2 1 1213
100 2 2 1231
100 3 0 1234
100 3 1 1261
100 3 2 1195
100 4 0 1209
100 4 1 1203
100 4 2 1185
100 5 0 1234
100 5 1 1221
100 5 2 1180
100 6 0 1192
100 6 1 1109
100 6 2 1228
100 7 0 1250
100 7 1 1210
100 7 2 1218
100 8 0 1197
100 8 1 1218
100 8 2 1202
100 9 0 1226
100 9 1 1247
100 9 2 1244
60 0 3 443
60 0 4 321
60 0 5 386
60 0 6 450
60 0 7 430
60 0 8 432
60 0 9 448
60 0 10 446
60 1 3 385
60 1 4 441
60 1 5 461
60 1 6 469
60 1 7 446
60 1 8 443
60 1 9 440
60 1 10 461
60 2 3 438
60 2 4 420
60 2 5 388
60 2 6 426
60 2 7 437
60 2 8 432
60 2 9 452
60 2 10 449
60 3 3 431
60 3 4 435
60 3 5 452
60 3 6 434
60 3 7 388
60 3 8 441
60 3 9 447
60 3 10 432
60 4 3 413
60 4 4 424
60 4 5 424
60 4 6 447
60 4 7 443
60 4 8 429
60 4 9 449
60 4 10 439
60 5 3 443
60 5 4 447
60 5 5 430
60 5 6 433
60 5 7 412
60 5 8 425
60 5 9 450
60 5 10 453
60 6 3 406
60 6 4 430
60 6 5 416
60 6 6 434
60 6 7 447
60 6 8 447
60 6 9 441
60 6 10 428
60 7 3 424
60 7 4 453
60 7 5 445
60 7 6 456
60 7 7 445
60 7 8 456
60 7 9 448
60 7 10 440
60 8 3 435
60 8 4 450
60 8 5 441
60 8 6 457
60 8 7 422
60 8 8 432
60 8 9 426
60 8 10 405
60 9 3 424
60 9 4 410
60 9 5 461
60 9 6 450
60 9 7 433
60 9 8 429
60 9 9 448
60 9 10 429
80 0 3 763
80 0 4 782
80 0 5 782
80 0 6 728
80 0 7 634
80 0 8 816
80 0 9 803
80 0 10 807
80 1 3 799
80 1 4 785
80 1 5 788
80 1 6 746
80 1 7 771
80 1 8 784
80 1 9 814
80 1 10 763
80 2 3 777
80 2 4 769
80 2 5 733
80 2 6 789
80 2 7 791
80 2 8 776
80 2 9 769
80 2 10 817
80 3 3 792
80 3 4 793
80 3 5 780
80 3 6 777
80 3 7 784
80 3 8 779
80 3 9 800
80 3 10 780
80 4 3 758
80 4 4 805
80 4 5 790
80 4 6 790
80 4 7 770
80 4 8 716
80 4 9 795
80 4 10 785
80 5 3 755
80 5 4 771
80 5 5 784
80 5 6 756
80 5 7 793
80 5 8 780
80 5 9 799
80 5 10 809
80 6 3 780
80 6 4 806
80 6 5 777
80 6 6 791
80 6 7 779
80 6 8 778
80 6 9 790
80 6 10 793
80 7 3 678
80 7 4 757
80 7 5 780
80 7 6 815
80 7 7 794
80 7 8 758
80 7 9 775
80 7 10 812
80 8 3 789
80 8 4 758
80 8 5 780
80 8 6 786
80 8 7 743
80 8 8 780
80 8 9 775
80 8 10 792
80 9 3 796
80 9 4 708
80 9 5 785
80 9 6 814
80 9 7 806
80 9 8 762
80 9 9 802
80 9 10 708
100 0 3 1228
100 0 4 1220
100 0 5 1224
100 0 6 1239
100 0 7 1234
100 0 8 1233
100 0 9 1271
100 0 10 1232
100 1 3 1236
100 1 4 1247
100 1 5 1213
100 1 6 1269
100 1 7 1193
100 1 8 1241
100 1 9 1158
100 1 10 1198
100 2 3 1251
100 2 4 1255
100 2 5 1247
100 2 6 1198
100 2 7 1222
100 2 8 1158
100 2 9 1233
100 2 10 1262
100 3 3 1240
100 3 4 1219
100 3 5 1256
100 3 6 1222
100 3 7 1241
100 3 8 1244
100 3 9 1181
100 3 10 1197
100 4 3 1222
100 4 4 1222
100 4 5 1220
100 4 6 1264
100 4 7 1265
100 4 8 1209
100 4 9 1210
100 4 10 1240
100 5 3 1209
100 5 4 1192
100 5 5 1202
100 5 6 1195
100 5 7 1201
100 5 8 1160
100 5 9 1237
100 5 10 1228
100 6 3 1189
100 6 4 1193
100 6 5 1248
100 6 6 1218
100 6 7 1288
100 6 8 1259
100 6 9 1213
100 6 10 1227
100 7 3 1229
100 7 4 1260
100 7 5 1221
100 7 6 1199
100 7 7 1248
100 7 8 1199
100 7 9 1224
100 7 10 1248
100 8 3 1227
100 8 4 1248
100 8 5 1208
100 8 6 1214
100 8 7 1229
100 8 8 1254
100 8 9 1223
100 8 10 1218
100 9 3 1262
100 9 4 1255
100 9 5 1246
100 9 6 1230
100 9 7 1260
100 9 8 1242
100 9 9 1181
100 9 10 1232
