60 0 0 453
60 0 1 453
60 0 2 432
60 1 0 427
60 1 1 460
60 1 2 425
60 2 0 438
60 2 1 409
60 2 2 437
60 3 0 426
60 3 1 435
60 3 2 440
60 4 0 423
60 4 1 434
60 4 2 428
60 5 0 459
60 5 1 446
60 5 2 449
60 6 0 438
60 6 1 457
60 6 2 467
60 7 0 446
60 7 1 410
60 7 2 450
60 8 0 453
60 8 1 430
60 8 2 424
60 9 0 447
60 9 1 446
60 9 2 467
80 0 0 719
80 0 1 760
80 0 2 807
80 1 0 761
80 1 1 771
80 1 2 789
80 2 0 703
80 2 1 784
80 2 2 800
80 3 0 714
80 3 1 813
80 3 2 803
80 4 0 764
80 4 1 787
80 4 2 804
80 5 0 806
80 5 1 805
80 5 2 766
80 6 0 786
80 6 1 790
80 6 2 783
80 7 0 784
80 7 1 747
80 7 2 775
80 8 0 780
80 8 1 789
80 8 2 826
80 9 0 737
80 9 1 802
80 9 2 779
100 0 0 1233
100 0 1 1189
100 0 2 1259
100 1 0 1236
100 1 1 1250
100 1 2 1248
100 2 0 1230
100 2 1 1208
100 2 2 1217
100 3 0 1255
100 3 1 1255
100 3 2 1250
100 4 0 1223
100 4 1 1188
100 4 2 1223
100 5 0 1218
100 5 1 1226
100 5 2 1209
100 6 0 1245
100 6 1 1209
100 6 2 1229
100 7 0 1241
100 7 1 1181
100 7 2 1219
100 8 0 1254
100 8 1 1262
100 8 2 1232
100 9 0 1250
100 9 1 1207
100 9 2 1236
60 0 3 405
60 0 4 445
60 0 5 457
60 0 6 436
60 0 7 442
60 0 8 421
60 0 9 437
60 0 10 430
60 1 3 427
60 1 4 452
60 1 5 449
60 1 6 458
60 1 7 447
60 1 8 426
60 1 9 444
60 1 10 440
60 2 3 462
60 2 4 438
60 2 5 400
60 2 6 378
60 2 7 439
60 2 8 464
60 2 9 439
60 2 10 447
60 3 3 425
60 3 4 422
60 3 5 428
60 3 6 448
60 3 7 446
60 3 8 429
60 3 9 443
60 3 10 445
60 4 3 446
60 4 4 446
60 4 5 431
60 4 6 418
60 4 7 447
60 4 8 392
60 4 9 452
60 4 10 432
60 5 3 440
60 5 4 430
60 5 5 419
60 5 6 443
60 5 7 453
60 5 8 447
60 5 9 438
60 5 10 455
60 6 3 427
60 6 4 411
60 6 5 388
60 6 6 431
60 6 7 427
60 6 8 462
60 6 9 433
60 6 10 397
60 7 3 443
60 7 4 462
60 7 5 427
60 7 6 436
60 7 7 427
60 7 8 431
60 7 9 443
60 7 10 452
60 8 3 429
60 8 4 420
60 8 5 432
60 8 6 373
60 8 7 413
60 8 8 437
60 8 9 426
60 8 10 433
60 9 3 441
60 9 4 427
60 9 5 389
60 9 6 429
60 9 7 368
60 9 8 422
60 9 9 445
60 9 10 427
80 0 3 799
80 0 4 793
80 0 5 823
80 0 6 773
80 0 7 782
80 0 8 815
80 0 9 748
80 0 10 808
80 1 3 781
80 1 4 730
80 1 5 800
80 1 6 818
80 1 7 734
80 1 8 804
80 1 9 783
80 1 10 788
80 2 3 754
80 2 4 750
80 2 5 780
80 2 6 805
80 2 7 804
80 2 8 775
80 2 9 778
80 2 10 663
80 3 3 804
80 3 4 802
80 3 5 809
80 3 6 797
80 3 7 718
80 3 8 761
80 3 9 770
80 3 10 753
80 4 3 779
80 4 4 750
80 4 5 718
80 4 6 776
80 4 7 792
80 4 8 778
80 4 9 792
80 4 10 768
80 5 3 793
80 5 4 766
80 5 5 783
80 5 6 788
80 5 7 774
80 5 8 766
80 5 9 781
80 5 10 774
80 6 3 774
80 6 4 804
80 6 5 770
80 6 6 789
80 6 7 789
80 6 8 809
80 6 9 738
80 6 10 617
80 7 3 747
80 7 4 762
80 7 5 807
80 7 6 786
80 7 7 786
80 7 8 781
80 7 9 787
80 7 10 792
80 8 3 788
80 8 4 792
80 8 5 784
80 8 6 740
80 8 7 802
80 8 8 752
80 8 9 807
80 8 10 783
80 9 3 824
80 9 4 832
80 9 5 818
80 9 6 802
80 9 7 793
80 9 8 791
80 9 9 763
80 9 10 803
100 0 3 1258
100 0 4 1174
100 0 5 1200
100 0 6 1222
100 0 7 1240
100 0 8 1195
100 0 9 1181
100 0 10 1188
100 1 3 1254
100 1 4 1212
100 1 5 1262
100 1 6 1214
100 1 7 1201
100 1 8 1229
100 1 9 1216
100 1 10 1215
100 2 3 1152
100 2 4 1169
100 2 5 1219
100 2 6 1216
100 2 7 1115
100 2 8 1211
100 2 9 1230
100 2 10 1165
100 3 3 1207
100 3 4 1214
100 3 5 1243
100 3 6 1299
100 3 7 1105
100 3 8 1189
100 3 9 1173
100 3 10 1214
100 4 3 1254
100 4 4 1235
100 4 5 1235
100 4 6 1237
100 4 7 1225
100 4 8 1249
100 4 9 1183
100 4 10 1231
100 5 3 1240
100 5 4 1198
100 5 5 1232
100 5 6 1255
100 5 7 1209
100 5 8 1239
100 5 9 1249
100 5 10 1238
100 6 3 1239
100 6 4 1214
100 6 5 1216
100 6 6 1222
100 6 7 1214
100 6 8 1274
100 6 9 1163
100 6 10 1218
100 7 3 1238
100 7 4 1084
100 7 5 1223
100 7 6 1221
100 7 7 1272
100 7 8 1227
100 7 9 1266
100 7 10 1250
100 8 3 1229
100 8 4 1234
100 8 5 1193
100 8 6 1229
100 8 7 1258
100 8 8 1193
100 8 9 1262
100 8 10 1242
100 9 3 1234
100 9 4 1249
100 9 5 1205
100 9 6 1247
100 9 7 1240
100 9 8 1225
100 9 9 1126
100 9 10 1224
