60 0 0 448
60 0 1 443
60 0 2 441
60 1 0 431
60 1 1 437
60 1 2 455
60 2 0 441
60 2 1 447
60 2 2 434
60 3 0 415
60 3 1 448
60 3 2 422
60 4 0 443
60 4 1 436
60 4 2 441
60 5 0 422
60 5 1 429
60 5 2 451
60 6 0 389
60 6 1 459
60 6 2 423
60 7 0 422
60 7 1 420
60 7 2 400
60 8 0 453
60 8 1 417
60 8 2 433
60 9 0 455
60 9 1 429
60 9 2 412
80 0 0 817
80 0 1 803
80 0 2 821
80 1 0 813
80 1 1 786
80 1 2 770
80 2 0 790
80 2 1 673
80 2 2 792
80 3 0 773
80 3 1 778
80 3 2 799
80 4 0 771
80 4 1 752
80 4 2 770
80 5 0 810
80 5 1 787
80 5 2 799
80 6 0 812
80 6 1 757
80 6 2 783
80 7 0 759
80 7 1 780
80 7 2 770
80 8 0 694
80 8 1 789
80 8 2 776
80 9 0 785
80 9 1 795
80 9 2 781
100 0 0 1214
100 0 1 1210
100 0 2 1218
100 1 0 1249
100 1 1 1255
100 1 2 1204
100 2 0 1187
100 2 1 1275
100 2 2 1234
100 3 0 1263
100 3 1 1250
100 3 2 1214
100 4 0 1237
100 4 1 1231
100 4 2 1208
100 5 0 1222
100 5 1 1165
100 5 2 1128
100 6 0 1193
100 6 1 1271
100 6 2 1230
100 7 0 1231
100 7 1 1243
100 7 2 1197
100 8 0 1232
100 8 1 1244
100 8 2 1221
100 9 0 1234
100 9 1 1246
100 9 2 1234
60 0 3 447
60 0 4 438
60 0 5 449
60 0 6 456
60 0 7 436
60 0 8 372
60 0 9 438
60 0 10 285
60 1 3 453
60 1 4 450
60 1 5 439
60 1 6 462
60 1 7 400
60 1 8 428
60 1 9 413
60 1 10 444
60 2 3 388
60 2 4 442
60 2 5 446
60 2 6 451
60 2 7 443
60 2 8 431
60 2 9 459
60 2 10 431
60 3 3 447
60 3 4 438
60 3 5 445
60 3 6 432
60 3 7 416
60 3 8 454
60 3 9 426
60 3 10 422
60 4 3 442
60 4 4 416
60 4 5 408
60 4 6 390
60 4 7 447
60 4 8 408
60 4 9 440
60 4 10 430
60 5 3 439
60 5 4 418
60 5 5 437
60 5 6 447
60 5 7 445
60 5 8 449
60 5 9 431
60 5 10 453
60 6 3 419
60 6 4 445
60 6 5 421
60 6 6 452
60 6 7 422
60 6 8 447
60 6 9 432
60 6 10 414
60 7 3 447
60 7 4 451
60 7 5 455
60 7 6 436
60 7 7 447
60 7 8 440
60 7 9 426
60 7 10 435
60 8 3 436
60 8 4 408
60 8 5 449
60 8 6 428
60 8 7 447
60 8 8 454
60 8 9 465
60 8 10 441
60 9 3 423
60 9 4 445
60 9 5 449
60 9 6 430
60 9 7 449
60 9 8 418
60 9 9 399
60 9 10 435
80 0 3 758
80 0 4 820
80 0 5 781
80 0 6 798
80 0 7 779
80 0 8 795
80 0 9 790
80 0 10 783
80 1 3 790
80 1 4 714
80 1 5 788
80 1 6 794
80 1 7 739
80 1 8 807
80 1 9 780
80 1 10 796
80 2 3 788
80 2 4 756
80 2 5 774
80 2 6 756
80 2 7 747
80 2 8 795
80 2 9 779
80 2 10 793
80 3 3 727
80 3 4 790
80 3 5 790
80 3 6 719
80 3 7 777
80 3 8 776
80 3 9 773
80 3 10 841
80 4 3 797
80 4 4 777
80 4 5 768
80 4 6 796
80 4 7 759
80 4 8 792
80 4 9 790
80 4 10 796
80 5 3 742
80 5 4 800
80 5 5 789
80 5 6 802
80 5 7 785
80 5 8 776
80 5 9 775
80 5 10 790
80 6 3 776
80 6 4 750
80 6 5 779
80 6 6 767
80 6 7 804
80 6 8 777
80 6 9 760
80 6 10 781
80 7 3 735
80 7 4 743
80 7 5 795
80 7 6 794
80 7 7 797
80 7 8 800
80 7 9 766
80 7 10 752
80 8 3 822
80 8 4 767
80 8 5 794
80 8 6 772
80 8 7 782
80 8 8 791
80 8 9 791
80 8 10 757
80 9 3 796
80 9 4 811
80 9 5 708
80 9 6 789
80 9 7 755
80 9 8 789
80 9 9 802
80 9 10 789
100 0 3 1274
100 0 4 1247
100 0 5 1216
100 0 6 1241
100 0 7 1235
100 0 8 1221
100 0 9 1209
100 0 10 1260
100 1 3 1212
100 1 4 1220
100 1 5 1239
100 1 6 1180
100 1 7 1245
100 1 8 1233
100 1 9 1199
100 1 10 1225
100 2 3 1215
100 2 4 1230
100 2 5 1254
100 2 6 1163
100 2 7 1282
100 2 8 1189
100 2 9 1234
100 2 10 1200
100 3 3 1136
100 3 4 1237
100 3 5 1254
100 3 6 1203
100 3 7 1192
100 3 8 1251
100 3 9 1185
100 3 10 1250
100 4 3 1264
100 4 4 1251
100 4 5 1252
100 4 6 1233
100 4 7 1202
100 4 8 1235
100 4 9 1268
100 4 10 1219
100 5 3 1247
100 5 4 1224
100 5 5 1246
100 5 6 1251
100 5 7 1226
100 5 8 1243
100 5 9 1205
100 5 10 1211
100 6 3 1176
100 6 4 1246
100 6 5 1240
100 6 6 1247
100 6 7 1236
100 6 8 1246
100 6 9 1180
100 6 10 1233
100 7 3 1244
100 7 4 1216
100 7 5 1249
100 7 6 1219
100 7 7 1260
100 7 8 1189
100 7 9 1150
100 7 10 1211
100 8 3 1217
100 8 4 1254
100 8 5 1167
100 8 6 1207
100 8 7 1215
100 8 8 1227
100 8 9 1221
100 8 10 1159
100 9 3 1247
100 9 4 1229
100 9 5 1185
100 9 6 1251
100 9 7 1243
100 9 8 1248
100 9 9 1239
100 9 10 1262
