60 0 0 331
60 0 1 0
60 0 2 210
60 0 3 120
60 0 4 233
60 0 5 30
60 0 6 253
60 0 7 233
60 0 8 436
60 0 9 233
60 1 0 0
60 1 1 209
60 1 2 162
60 1 3 300
60 1 4 390
60 1 5 249
60 1 6 228
60 1 7 434
60 1 8 267
60 1 9 266
60 2 0 170
60 2 1 181
60 2 2 232
60 2 3 232
60 2 4 232
60 2 5 181
60 2 6 181
60 2 7 193
60 2 8 305
60 2 9 324
60 3 0 236
60 3 1 310
60 3 2 276
60 3 3 159
60 3 4 134
60 3 5 256
60 3 6 332
60 3 7 344
60 3 8 276
60 3 9 236
60 4 0 114
60 4 1 187
60 4 2 142
60 4 3 142
60 4 4 114
60 4 5 187
60 4 6 223
60 4 7 223
60 4 8 142
60 4 9 212
60 5 0 89
60 5 1 89
60 5 2 390
60 5 3 157
60 5 4 235
60 5 5 423
60 5 6 103
60 5 7 432
60 5 8 289
60 5 9 103
60 6 0 165
60 6 1 317
60 6 2 138
60 6 3 449
60 6 4 179
60 6 5 165
60 6 6 165
60 6 7 165
60 6 8 165
60 6 9 179
60 7 0 385
60 7 1 173
60 7 2 330
60 7 3 276
60 7 4 276
60 7 5 227
60 7 6 227
60 7 7 276
60 7 8 276
60 7 9 227
60 8 0 184
60 8 1 332
60 8 2 181
60 8 3 171
60 8 4 208
60 8 5 375
60 8 6 171
60 8 7 0
60 8 8 272
60 8 9 212
60 9 0 165
60 9 1 236
60 9 2 273
60 9 3 233
60 9 4 251
60 9 5 236
60 9 6 236
60 9 7 137
60 9 8 231
60 9 9 341
80 0 0 267
80 0 1 180
80 0 2 267
80 0 3 363
80 0 4 267
80 0 5 267
80 0 6 209
80 0 7 363
80 0 8 389
80 0 9 234
80 1 0 183
80 1 1 428
80 1 2 407
80 1 3 452
80 1 4 280
80 1 5 217
80 1 6 457
80 1 7 183
80 1 8 281
80 1 9 407
80 2 0 352
80 2 1 778
80 2 2 260
80 2 3 257
80 2 4 298
80 2 5 349
80 2 6 326
80 2 7 748
80 2 8 765
80 2 9 219
80 3 0 519
80 3 1 426
80 3 2 225
80 3 3 225
80 3 4 249
80 3 5 191
80 3 6 150
80 3 7 459
80 3 8 406
80 3 9 782
80 4 0 511
80 4 1 317
80 4 2 421
80 4 3 296
80 4 4 497
80 4 5 357
80 4 6 500
80 4 7 317
80 4 8 352
80 4 9 787
80 5 0 252
80 5 1 181
80 5 2 252
80 5 3 781
80 5 4 346
80 5 5 309
80 5 6 211
80 5 7 281
80 5 8 424
80 5 9 252
80 6 0 238
80 6 1 223
80 6 2 776
80 6 3 199
80 6 4 238
80 6 5 199
80 6 6 199
80 6 7 266
80 6 8 238
80 6 9 645
80 7 0 421
80 7 1 414
80 7 2 288
80 7 3 569
80 7 4 315
80 7 5 668
80 7 6 0
80 7 7 342
80 7 8 398
80 7 9 284
80 8 0 756
80 8 1 250
80 8 2 377
80 8 3 310
80 8 4 457
80 8 5 477
80 8 6 344
80 8 7 747
80 8 8 310
80 8 9 280
80 9 0 141
80 9 1 249
80 9 2 362
80 9 3 392
80 9 4 317
80 9 5 360
80 9 6 179
80 9 7 768
80 9 8 141
80 9 9 179
100 0 0 272
100 0 1 586
100 0 2 715
100 0 3 272
100 0 4 272
100 0 5 315
100 0 6 1263
100 0 7 180
100 0 8 364
100 0 9 364
100 1 0 480
100 1 1 505
100 1 2 516
100 1 3 657
100 1 4 680
100 1 5 1189
100 1 6 360
100 1 7 360
100 1 8 356
100 1 9 1067
100 2 0 456
100 2 1 363
100 2 2 419
100 2 3 363
100 2 4 641
100 2 5 456
100 2 6 393
100 2 7 456
100 2 8 499
100 2 9 419
100 3 0 229
100 3 1 602
100 3 2 327
100 3 3 882
100 3 4 368
100 3 5 368
100 3 6 505
100 3 7 602
100 3 8 538
100 3 9 535
100 4 0 415
100 4 1 372
100 4 2 779
100 4 3 372
100 4 4 372
100 4 5 369
100 4 6 458
100 4 7 415
100 4 8 458
100 4 9 315
100 5 0 332
100 5 1 686
100 5 2 332
100 5 3 332
100 5 4 542
100 5 5 546
100 5 6 423
100 5 7 427
100 5 8 289
100 5 9 588
100 6 0 325
100 6 1 235
100 6 2 235
100 6 3 235
100 6 4 286
100 6 5 235
100 6 6 286
100 6 7 235
100 6 8 235
100 6 9 235
100 7 0 238
100 7 1 238
100 7 2 338
100 7 3 324
100 7 4 338
100 7 5 324
100 7 6 290
100 7 7 372
100 7 8 290
100 7 9 626
100 8 0 205
100 8 1 205
100 8 2 519
100 8 3 205
100 8 4 294
100 8 5 205
100 8 6 257
100 8 7 205
100 8 8 294
100 8 9 257
100 9 0 451
100 9 1 829
100 9 2 525
100 9 3 981
100 9 4 328
100 9 5 570
100 9 6 672
100 9 7 939
100 9 8 915
100 9 9 601
