225 450
1 2 -31351
2 3 119333
3 4 -119564
4 5 -11983
5 6 -54425
6 7 110231
7 8 -61657
8 9 -176190
9 10 225032
10 11 -43723
11 12 19110
12 13 89587
13 14 139258
14 15 -55314
15 1 -39926
16 17 -193696
17 18 -87824
18 19 -118788
19 20 -65443
20 21 186223
21 22 -31502
22 23 -13425
23 24 181859
24 25 -19277
25 26 13733
26 27 -51451
27 28 106971
28 29 53508
29 30 84859
30 16 -58278
31 32 -3676
32 33 128855
33 34 120770
34 35 141494
35 36 250460
36 37 48848
37 38 -1331
38 39 -67732
39 40 94391
40 41 35708
41 42 -77959
42 43 9617
43 44 165832
44 45 25746
45 31 -27786
46 47 48648
47 48 119468
48 49 -45491
49 50 78657
50 51 -79087
51 52 -127979
52 53 45614
53 54 -142087
54 55 -86355
55 56 115456
56 57 117528
57 58 28387
58 59 10342
59 60 -10698
60 46 4964
61 62 -78243
62 63 -242913
63 64 118148
64 65 -50104
65 66 44085
66 67 -39426
67 68 7932
68 69 -68092
69 70 290339
70 71 4199
71 72 -23802
72 73 79799
73 74 38500
74 75 105955
75 61 122306
76 77 -247395
77 78 50053
78 79 -93735
79 80 -124154
80 81 -30302
81 82 -2180
82 83 151364
83 84 -44633
84 85 84698
85 86 69915
86 87 -37922
87 88 234686
88 89 -114019
89 90 15808
90 76 56026
91 92 56923
92 93 -243277
93 94 56286
94 95 33005
95 96 -22251
96 97 70212
97 98 58439
98 99 68309
99 100 -241468
100 101 102833
101 102 -44154
102 103 -134428
103 104 17537
104 105 18926
105 91 7095
106 107 -87759
107 108 -68473
108 109 -2749
109 110 92321
110 111 -32892
111 112 25344
112 113 -173184
113 114 57341
114 115 -71545
115 116 129437
116 117 -58552
117 118 22143
118 119 -14665
119 120 -57753
120 106 -46954
121 122 -102376
122 123 45270
123 124 80402
124 125 -54627
125 126 131402
126 127 -15775
127 128 -209280
128 129 47939
129 130 168620
130 131 96063
131 132 157234
132 133 -36918
133 134 91442
134 135 75566
135 121 35891
136 137 -100622
137 138 -152041
138 139 -39292
139 140 -128702
140 141 -18569
141 142 -142771
142 143 -34780
143 144 -61105
144 145 -99058
145 146 -130976
146 147 35837
147 148 145457
148 149 -93100
149 150 41136
150 136 14895
151 152 35053
152 153 11612
153 154 -8495
154 155 -4691
155 156 -62203
156 157 45674
157 158 -45647
158 159 -88510
159 160 -60270
160 161 -66760
161 162 -77368
162 163 -126563
163 164 40484
164 165 110706
165 151 -3291
166 167 -39589
167 168 39583
168 169 135078
169 170 44855
170 171 -84777
171 172 -48329
172 173 70717
173 174 16856
174 175 46421
175 176 78287
176 177 -50205
177 178 -159431
178 179 -78261
179 180 -139376
180 166 125307
181 182 -77107
182 183 125081
183 184 158158
184 185 -17591
185 186 152909
186 187 71666
187 188 -38746
188 189 -16259
189 190 -180219
190 191 -93948
191 192 -24407
192 193 -26184
193 194 20614
194 195 134528
195 181 -97753
196 197 -78070
197 198 -42765
198 199 -130053
199 200 -108092
200 201 -122172
201 202 184394
202 203 239272
203 204 136499
204 205 -8924
205 206 108857
206 207 33580
207 208 3396
208 209 -60940
209 210 -6974
210 196 13973
211 212 59807
212 213 7592
213 214 -24328
214 215 93680
215 216 115265
216 217 79327
217 218 83749
218 219 67022
219 220 -110441
220 221 -69019
221 222 114711
222 223 -28195
223 224 14262
224 225 81282
225 211 33687
1 16 4598
2 17 -87584
3 18 251653
4 19 2882
5 20 -15008
6 21 -9674
7 22 27846
8 23 -67533
9 24 66620
10 25 -69316
11 26 209534
12 27 -35658
13 28 -88504
14 29 64151
15 30 -180071
16 31 -32060
17 32 71880
18 33 2557
19 34 178105
20 35 90549
21 36 137808
22 37 -52848
23 38 -97602
24 39 -32053
25 40 -208049
26 41 176747
27 42 -29215
28 43 69018
29 44 -128839
30 45 93137
31 46 28160
32 47 32958
33 48 22566
34 49 20239
35 50 -42947
36 51 -77375
37 52 205236
38 53 117937
39 54 -263337
40 55 -205681
41 56 132189
42 57 274334
43 58 -46300
44 59 -44655
45 60 -14185
46 61 8236
47 62 62431
48 63 -35309
49 64 73326
50 65 33245
51 66 -50446
52 67 228505
53 68 -30628
54 69 53258
55 70 -53878
56 71 -46870
57 72 68009
58 73 -119986
59 74 76863
60 75 69713
61 76 -56238
62 77 -9278
63 78 114087
64 79 41398
65 80 114709
66 81 128828
67 82 203159
68 83 78944
69 84 116970
70 85 -106137
71 86 84033
72 87 159445
73 88 213696
74 89 -99058
75 90 -71013
76 91 5717
77 92 160273
78 93 86955
79 94 51364
80 95 -294541
81 96 460
82 97 -141770
83 98 -78452
84 99 26112
85 100 33481
86 101 -154664
87 102 66247
88 103 -20082
89 104 71774
90 105 -176123
91 106 -149653
92 107 -55313
93 108 514
94 109 6058
95 110 -232309
96 111 -95465
97 112 58780
98 113 91406
99 114 46643
100 115 -155742
101 116 -32974
102 117 -164023
103 118 -15728
104 119 50655
105 120 80439
106 121 173290
107 122 97370
108 123 79128
109 124 -69299
110 125 -19954
111 126 30350
112 127 -112636
113 128 -110845
114 129 -165707
115 130 61893
116 131 45951
117 132 3986
118 133 -12752
119 134 8257
120 135 -59295
121 136 100170
122 137 31183
123 138 60879
124 139 114644
125 140 7636
126 141 95334
127 142 -228167
128 143 33533
129 144 23626
130 145 -144468
131 146 -74397
132 147 13556
133 148 -53097
134 149 -92325
135 150 -129704
136 151 221873
137 152 118882
138 153 -167133
139 154 97111
140 155 -47987
141 156 42434
142 157 -69101
143 158 8770
144 159 -41307
145 160 7429
146 161 -66442
147 162 137701
148 163 -277003
149 164 3063
150 165 -52912
151 166 -4861
152 167 148037
153 168 -15767
154 169 -32511
155 170 3937
156 171 76727
157 172 -106550
158 173 -128387
159 174 46995
160 175 -29936
161 176 -22751
162 177 4216
163 178 50588
164 179 140663
165 180 -76222
166 181 109277
167 182 66122
168 183 -24907
169 184 -27698
170 185 -214
171 186 34174
172 187 -35615
173 188 -21103
174 189 153133
175 190 -48646
176 191 41225
177 192 -79561
178 193 -65765
179 194 -90667
180 195 64094
181 196 -95867
182 197 34777
183 198 4988
184 199 30185
185 200 532
186 201 -139437
187 202 79453
188 203 4301
189 204 -146862
190 205 -101200
191 206 -86761
192 207 -24334
193 208 70459
194 209 -147775
195 210 95396
196 211 39257
197 212 7922
198 213 -53902
199 214 89265
200 215 -19530
201 216 108085
202 217 -142914
203 218 -59553
204 219 -125876
205 220 -178131
206 221 130097
207 222 123885
208 223 -132675
209 224 -189896
210 225 7147
211 1 60907
212 2 51429
213 3 -134426
214 4 -23802
215 5 -16364
216 6 -55221
217 7 114255
218 8 -26353
219 9 -36162
220 10 14517
221 11 -81590
222 12 -23831
223 13 64118
224 14 10798
225 15 -51892
