225 450
1 2 76396
2 3 86349
3 4 47918
4 5 -17174
5 6 34417
6 7 -86869
7 8 44046
8 9 67341
9 10 152678
10 11 -220733
11 12 96496
12 13 -47001
13 14 2666
14 15 8246
15 1 -20043
16 17 147867
17 18 72605
18 19 106
19 20 24029
20 21 15278
21 22 -58350
22 23 105203
23 24 25602
24 25 -65843
25 26 -64671
26 27 14539
27 28 -51333
28 29 33878
29 30 117134
30 16 -17018
31 32 -54026
32 33 -131726
33 34 -14417
34 35 -40156
35 36 -18301
36 37 -54247
37 38 134156
38 39 -24933
39 40 -31820
40 41 169063
41 42 63731
42 43 -202835
43 44 13601
44 45 -23204
45 31 18486
46 47 80393
47 48 -3461
48 49 207044
49 50 -28806
50 51 -22512
51 52 -148186
52 53 -247819
53 54 67572
54 55 47147
55 56 -14136
56 57 -42521
57 58 3404
58 59 38228
59 60 83108
60 46 -126315
61 62 -62544
62 63 -4833
63 64 -57922
64 65 7273
65 66 68876
66 67 62585
67 68 41421
68 69 -27733
69 70 117052
70 71 79978
71 72 141773
72 73 74540
73 74 114840
74 75 121485
75 61 112698
76 77 317238
77 78 203137
78 79 -91008
79 80 -115366
80 81 -116553
81 82 -137220
82 83 -79938
83 84 -78804
84 85 253618
85 86 11311
86 87 15427
87 88 -5686
88 89 -200435
89 90 -53015
90 76 -11956
91 92 174379
92 93 80386
93 94 39951
94 95 -113885
95 96 77566
96 97 95883
97 98 12289
98 99 -68380
99 100 -10700
100 101 142988
101 102 52043
102 103 -103203
103 104 -171250
104 105 263903
105 91 -78041
106 107 301004
107 108 -84033
108 109 -141926
109 110 53229
110 111 196564
111 112 -533
112 113 125100
113 114 73244
114 115 80037
115 116 -25948
116 117 89187
117 118 -42773
118 119 -101232
119 120 -114923
120 106 114134
121 122 -4665
122 123 26145
123 124 182605
124 125 -139708
125 126 18283
126 127 94088
127 128 73382
128 129 32281
129 130 -62966
130 131 266080
131 132 -74254
132 133 -85342
133 134 -592
134 135 -79689
135 121 37031
136 137 33989
137 138 85423
138 139 -106172
139 140 27034
140 141 113689
141 142 -33541
142 143 -70959
143 144 -46573
144 145 104556
145 146 -50968
146 147 -57982
147 148 24779
148 149 -37583
149 150 -108350
150 136 -171819
151 152 274595
152 153 51251
153 154 -85921
154 155 -33980
155 156 -186354
156 157 -23674
157 158 -106130
158 159 32112
159 160 109473
160 161 -59887
161 162 18847
162 163 107830
163 164 -7288
164 165 -51901
165 151 -58989
166 167 -106101
167 168 131028
168 169 -173340
169 170 -41746
170 171 -8485
171 172 -215480
172 173 47700
173 174 -112678
174 175 -49030
175 176 185006
176 177 -73190
177 178 -79913
178 179 -48834
179 180 -8815
180 166 99945
181 182 -136857
182 183 21749
183 184 140304
184 185 -133152
185 186 -105882
186 187 230904
187 188 101569
188 189 -156934
189 190 -3882
190 191 -93701
191 192 -149868
192 193 155842
193 194 6340
194 195 -108691
195 181 -145012
196 197 181971
197 198 -44552
198 199 -84099
199 200 -42386
200 201 -58509
201 202 -56355
202 203 -86910
203 204 71915
204 205 97814
205 206 -602
206 207 77881
207 208 93536
208 209 8671
209 210 6927
210 196 121764
211 212 -106808
212 213 9423
213 214 26217
214 215 178149
215 216 -61384
216 217 -75711
217 218 -75792
218 219 -47513
219 220 -108588
220 221 -18038
221 222 172006
222 223 34391
223 224 15109
224 225 291465
225 211 20499
1 16 -64947
2 17 157402
3 18 -79239
4 19 30016
5 20 -14465
6 21 -131280
7 22 -71662
8 23 -15037
9 24 -13886
10 25 -130590
11 26 -52516
12 27 173370
13 28 79267
14 29 -17425
15 30 157370
16 31 110073
17 32 35650
18 33 -47405
19 34 32119
20 35 3561
21 36 22055
22 37 140387
23 38 -22003
24 39 -39238
25 40 8366
26 41 178867
27 42 -14687
28 43 -63953
29 44 34003
30 45 10372
31 46 42883
32 47 -69428
33 48 45295
34 49 -15400
35 50 -178041
36 51 105061
37 52 38057
38 53 163857
39 54 120040
40 55 78182
41 56 176198
42 57 440
43 58 27902
44 59 -5074
45 60 138491
46 61 -46189
47 62 12283
48 63 -98683
49 64 97719
50 65 138239
51 66 -20551
52 67 -64714
53 68 -160400
54 69 64854
55 70 121721
56 71 -154057
57 72 -57333
58 73 100309
59 74 114662
60 75 -41775
61 76 -167111
62 77 -33405
63 78 -158334
64 79 35802
65 80 39400
66 81 -41965
67 82 130501
68 83 48050
69 84 -43731
70 85 -146068
71 86 15457
72 87 43335
73 88 -8451
74 89 -98659
75 90 68098
76 91 -35601
77 92 -78199
78 93 -4674
79 94 -147822
80 95 -78830
81 96 -9903
82 97 -39658
83 98 -94365
84 99 58239
85 100 86783
86 101 -84704
87 102 79255
88 103 49436
89 104 12549
90 105 124213
91 106 -105475
92 107 -76519
93 108 -8206
94 109 -138800
95 110 33944
96 111 -68714
97 112 2450
98 113 148735
99 114 -49780
100 115 106737
101 116 -138845
102 117 17074
103 118 -70114
104 119 33411
105 120 -17696
106 121 59026
107 122 42696
108 123 9527
109 124 -112245
110 125 -115683
111 126 37599
112 127 -229637
113 128 100961
114 129 23528
115 130 -54571
116 131 -131779
117 132 375001
118 133 -106048
119 134 -4587
120 135 -61243
121 136 82626
122 137 -89511
123 138 90907
124 139 -77508
125 140 -36474
126 141 -9500
127 142 8397
128 143 17977
129 144 124829
130 145 101185
131 146 129380
132 147 84502
133 148 -30017
134 149 87649
135 150 -48215
136 151 -146883
137 152 -32064
138 153 84549
139 154 37100
140 155 -123750
141 156 22776
142 157 58917
143 158 86298
144 159 36286
145 160 -96128
146 161 110481
147 162 26272
148 163 131240
149 164 51554
150 165 -9724
151 166 -71462
152 167 30593
153 168 -103059
154 169 -98651
155 170 180662
156 171 -25999
157 172 -39853
158 173 133278
159 174 -99782
160 175 31838
161 176 2710
162 177 -55213
163 178 110992
164 179 35647
165 180 -174671
166 181 -13235
167 182 -183889
168 183 -98556
169 184 25947
170 185 -48068
171 186 64732
172 187 56372
173 188 -9619
174 189 3315
175 190 105409
176 191 95003
177 192 -43229
178 193 175163
179 194 88654
180 195 -25319
181 196 16692
182 197 -89612
183 198 37594
184 199 -127376
185 200 -170283
186 201 -12793
187 202 -86028
188 203 -15735
189 204 116135
190 205 -87755
191 206 -48833
192 207 132323
193 208 142370
194 209 -81553
195 210 71088
196 211 43744
197 212 67413
198 213 -18639
199 214 -17731
200 215 -67696
201 216 -69658
202 217 -238936
203 218 144086
204 219 86451
205 220 19325
206 221 -106484
207 222 -85931
208 223 -60939
209 224 28048
210 225 5624
211 1 -136584
212 2 -9323
213 3 101901
214 4 51843
215 5 -143491
216 6 -118821
217 7 -25549
218 8 34427
219 9 52152
220 10 -25145
221 11 -32898
222 12 -13002
223 13 8015
224 14 21165
225 15 -6269
