100 200
1 2 76727
2 3 -102376
3 4 460
4 5 -228167
5 6 -134428
6 7 -68473
7 8 -57753
8 9 -66760
9 10 -53097
10 1 -180071
11 12 22566
12 13 234686
13 14 -26184
14 15 221873
15 16 41225
16 17 -87584
17 18 -101200
18 19 -152041
19 20 51429
20 11 71774
21 22 -247395
22 23 -164023
23 24 -44655
24 25 -55313
25 26 -242913
26 27 64118
27 28 53508
28 29 -15728
29 30 -189896
30 21 -173184
31 32 44855
32 33 114644
33 34 165832
34 35 32958
35 36 56923
36 37 20239
37 38 -155742
38 39 80402
39 40 56286
40 31 -119564
41 42 4199
42 43 67022
43 44 40484
44 45 -130053
45 46 83749
46 47 -24407
47 48 -67732
48 49 64094
49 50 14262
50 41 -23802
51 52 135078
52 53 -15767
53 54 -36162
54 55 47939
55 56 -241468
56 57 -13425
57 58 -54627
58 59 -19277
59 60 -24334
60 51 84859
61 62 -32511
62 63 4988
63 64 7592
64 65 -37922
65 66 -205681
66 67 100170
67 68 -17591
68 69 153133
69 70 110706
70 61 131402
71 72 7922
72 73 106971
73 74 -142771
74 75 84033
75 76 -294541
76 77 -35309
77 78 -90667
78 79 -4861
79 80 108085
80 71 42434
81 82 -95867
82 83 -59295
83 84 152909
84 85 41398
85 86 -27786
86 87 -78070
87 88 -9278
88 89 -52848
89 90 28387
90 81 6058
91 92 -38746
92 93 -48646
93 94 -144468
94 95 -32053
95 96 -9674
96 97 108857
97 98 -114019
98 99 -58278
99 100 95396
100 91 70717
1 11 -88504
2 12 -79087
3 13 -77368
4 14 -50104
5 15 44085
6 16 -36918
7 17 -97753
8 18 109277
9 19 7429
10 20 -108092
11 21 -110845
12 22 90549
13 23 57341
14 24 -95465
15 25 -39589
16 26 79128
17 27 70212
18 28 16856
19 29 -77107
20 30 97370
21 31 -35658
22 32 -2180
23 33 -15008
24 34 -76222
25 35 46995
26 36 -50446
27 37 114709
28 38 -27698
29 39 -42765
30 40 33533
31 41 91406
32 42 -100622
33 43 79799
34 44 184394
35 45 -176123
36 46 96063
37 47 -106550
38 48 25746
39 49 80439
40 50 45614
41 51 -32060
42 52 28160
43 53 7147
44 54 92321
45 55 145457
46 56 69915
47 57 125307
48 58 -31351
49 59 66620
50 60 -44154
51 61 -112636
52 62 -12752
53 63 141494
54 64 -21103
55 65 39583
56 66 33245
57 67 33580
58 68 93137
59 69 45674
60 70 -69019
61 71 50655
62 72 -6974
63 73 290339
64 74 117937
65 75 -141770
66 76 514
67 77 -39292
68 78 -128702
69 79 -39426
70 80 -46870
71 81 -24907
72 82 -86761
73 83 117528
74 84 5717
75 85 -232309
76 86 3937
77 87 -263337
78 88 10342
79 89 -209280
80 90 8257
81 91 30350
82 92 79453
83 93 213696
84 94 -46954
85 95 13973
86 96 86955
87 97 -77959
88 98 114711
89 99 -67533
90 100 -53878
91 1 118882
92 2 -99058
93 3 7932
94 4 69713
95 5 -56238
96 6 68309
97 7 148037
98 8 123885
99 9 203159
100 10 61893
