400 800
1 2 -3871
2 3 2282
3 4 77365
4 5 -107696
5 6 188790
6 7 98461
7 8 -160931
8 9 261695
9 10 -22017
10 11 -52118
11 12 -61801
12 13 -15679
13 14 125931
14 15 47331
15 16 148831
16 17 85092
17 18 79592
18 19 -150483
19 20 93366
20 1 182472
21 22 26238
22 23 176935
23 24 109520
24 25 75478
25 26 21424
26 27 26312
27 28 -12044
28 29 -83858
29 30 53980
30 31 11741
31 32 -31241
32 33 -130462
33 34 142068
34 35 -24126
35 36 -88266
36 37 -60562
37 38 94164
38 39 -32519
39 40 -42450
40 21 -77983
41 42 -27825
42 43 -70939
43 44 -187648
44 45 -203350
45 46 187393
46 47 1912
47 48 -157423
48 49 -77688
49 50 42022
50 51 -33416
51 52 120200
52 53 -23391
53 54 -36101
54 55 136495
55 56 125363
56 57 -90242
57 58 -49124
58 59 -6120
59 60 -111087
60 41 71995
61 62 -54592
62 63 -63446
63 64 -84377
64 65 -116581
65 66 59574
66 67 -31148
67 68 54442
68 69 41108
69 70 80729
70 71 -44328
71 72 63242
72 73 -73938
73 74 -137253
74 75 17510
75 76 130877
76 77 -92336
77 78 6279
78 79 -99357
79 80 -76528
80 61 -215705
81 82 239495
82 83 -103587
83 84 32180
84 85 -87934
85 86 -64144
86 87 -63810
87 88 -137225
88 89 237738
89 90 -106046
90 91 110131
91 92 18277
92 93 -110834
93 94 -19541
94 95 -14594
95 96 62688
96 97 -102741
97 98 42688
98 99 -39354
99 100 45552
100 81 -45062
101 102 50711
102 103 -73534
103 104 -44342
104 105 -49356
105 106 61958
106 107 -107156
107 108 31260
108 109 125314
109 110 -61758
110 111 -53378
111 112 -21890
112 113 -46259
113 114 -17120
114 115 -53795
115 116 221608
116 117 11681
117 118 -3427
118 119 -68529
119 120 66180
120 101 2664
121 122 50709
122 123 48784
123 124 38816
124 125 250978
125 126 74739
126 127 -63415
127 128 201585
128 129 73457
129 130 -35481
130 131 -3570
131 132 53932
132 133 -43626
133 134 -58920
134 135 142107
135 136 183090
136 137 -71766
137 138 101560
138 139 73895
139 140 92669
140 121 78384
141 142 -73476
142 143 -44640
143 144 -7600
144 145 56164
145 146 -88973
146 147 93192
147 148 -51041
148 149 -66128
149 150 97584
150 151 208503
151 152 -80965
152 153 59222
153 154 -71755
154 155 102376
155 156 83501
156 157 85830
157 158 -168179
158 159 5291
159 160 52998
160 141 52161
161 162 46540
162 163 -23213
163 164 55222
164 165 112370
165 166 36637
166 167 141072
167 168 143542
168 169 32085
169 170 60060
170 171 161484
171 172 46264
172 173 128947
173 174 -14124
174 175 22206
175 176 37992
176 177 69092
177 178 20002
178 179 49996
179 180 34451
180 161 121984
181 182 -17318
182 183 -168534
183 184 -47128
184 185 -183508
185 186 160788
186 187 -113563
187 188 59719
188 189 -6711
189 190 88820
190 191 -14723
191 192 -111218
192 193 219186
193 194 -35731
194 195 106754
195 196 50637
196 197 -105419
197 198 19464
198 199 25280
199 200 -35807
200 181 50598
201 202 -14241
202 203 -119507
203 204 74946
204 205 70620
205 206 149399
206 207 144046
207 208 5276
208 209 19314
209 210 -98978
210 211 41506
211 212 -80255
212 213 96421
213 214 98433
214 215 -1174
215 216 83585
216 217 -84383
217 218 -134372
218 219 67066
219 220 -17460
220 201 41184
221 222 -88169
222 223 -182963
223 224 -118884
224 225 217625
225 226 122304
226 227 81529
227 228 -38616
228 229 -19605
229 230 15552
230 231 -92530
231 232 -224776
232 233 262154
233 234 116878
234 235 123607
235 236 -76949
236 237 -26059
237 238 134368
238 239 -28622
239 240 -50298
240 221 118483
241 242 -121223
242 243 -43185
243 244 -36050
244 245 -88764
245 246 221299
246 247 -81777
247 248 8744
248 249 -93820
249 250 78539
250 251 65562
251 252 -63400
252 253 -66997
253 254 -116691
254 255 131590
255 256 66024
256 257 186009
257 258 61410
258 259 110239
259 260 120948
260 241 15799
261 262 -14909
262 263 72084
263 264 18020
264 265 63410
265 266 159674
266 267 135589
267 268 4264
268 269 -72588
269 270 41750
270 271 54081
271 272 27638
272 273 -14574
273 274 173005
274 275 47448
275 276 -213588
276 277 98523
277 278 -65773
278 279 -51260
279 280 171589
280 261 54284
281 282 -200488
282 283 100980
283 284 125732
284 285 -240195
285 286 90630
286 287 -218009
287 288 -61205
288 289 55974
289 290 129523
290 291 43698
291 292 -122222
292 293 -92556
293 294 -236230
294 295 11610
295 296 72691
296 297 -19759
297 298 -18280
298 299 -107529
299 300 9310
300 281 -173399
301 302 -63199
302 303 -29812
303 304 -88315
304 305 9766
305 306 -25512
306 307 -67071
307 308 113720
308 309 42563
309 310 38262
310 311 26139
311 312 -8446
312 313 26316
313 314 177435
314 315 32834
315 316 13540
316 317 -6274
317 318 -21395
318 319 37007
319 320 38251
320 301 22994
321 322 49114
322 323 105414
323 324 96442
324 325 -53450
325 326 142568
326 327 22344
327 328 -187654
328 329 187928
329 330 -84953
330 331 -71637
331 332 -14052
332 333 -34333
333 334 104621
334 335 64382
335 336 39256
336 337 -65773
337 338 -7821
338 339 35332
339 340 -223915
340 321 -30492
341 342 238268
342 343 -35809
343 344 21962
344 345 -125348
345 346 83588
346 347 82943
347 348 -2800
348 349 142918
349 350 -81781
350 351 -59090
351 352 15678
352 353 59260
353 354 -204342
354 355 -59449
355 356 5501
356 357 -49949
357 358 71225
358 359 35408
359 360 -6586
360 341 -121063
361 362 -55742
362 363 17986
363 364 184082
364 365 44782
365 366 19775
366 367 9268
367 368 -81801
368 369 123924
369 370 120673
370 371 31164
371 372 -9773
372 373 47853
373 374 -172276
374 375 67028
375 376 -122467
376 377 115629
377 378 -126748
378 379 21607
379 380 -117363
380 361 52065
381 382 13965
382 383 22138
383 384 182534
384 385 61089
385 386 -156366
386 387 -19155
387 388 34022
388 389 124786
389 390 -93107
390 391 30820
391 392 728
392 393 -127546
393 394 -37677
394 395 44974
395 396 115164
396 397 -50247
397 398 -262439
398 399 86557
399 400 -4897
400 381 94914
1 21 66684
2 22 118198
3 23 3659
4 24 56211
5 25 146659
6 26 -154454
7 27 -45284
8 28 -32746
9 29 32156
10 30 84188
11 31 -67973
12 32 145356
13 33 226639
14 34 41608
15 35 -24547
16 36 10663
17 37 -21193
18 38 22466
19 39 124360
20 40 -79165
21 41 128388
22 42 -149452
23 43 -20972
24 44 -47541
25 45 -40914
26 46 -3613
27 47 -42462
28 48 -52988
29 49 72215
30 50 173870
31 51 -84800
32 52 -10221
33 53 -111348
34 54 110618
35 55 -2053
36 56 -34009
37 57 -206876
38 58 172491
39 59 -4555
40 60 -138851
41 61 96546
42 62 1296
43 63 -37086
44 64 109797
45 65 -66937
46 66 34915
47 67 134639
48 68 88407
49 69 -51577
50 70 -14767
51 71 -126605
52 72 28629
53 73 48823
54 74 -30938
55 75 -123579
56 76 -60425
57 77 34714
58 78 -107105
59 79 -115028
60 80 145065
61 81 -149855
62 82 -19222
63 83 112239
64 84 124188
65 85 -67214
66 86 -27989
67 87 -62795
68 88 -1195
69 89 -85040
70 90 -2985
71 91 172167
72 92 12849
73 93 233832
74 94 -41410
75 95 167918
76 96 294803
77 97 34907
78 98 -56125
79 99 138331
80 100 -29032
81 101 -38885
82 102 90857
83 103 -58418
84 104 38358
85 105 315291
86 106 48478
87 107 100163
88 108 -129774
89 109 196463
90 110 72843
91 111 78579
92 112 40377
93 113 18206
94 114 -111164
95 115 -49096
96 116 -77868
97 117 -136276
98 118 183945
99 119 83074
100 120 -59252
101 121 -101423
102 122 -145562
103 123 -19
104 124 105779
105 125 48388
106 126 106966
107 127 -156392
108 128 -96210
109 129 -81689
110 130 -43916
111 131 150888
112 132 -139034
113 133 -15563
114 134 45435
115 135 -68441
116 136 -73662
117 137 126825
118 138 -198824
119 139 2688
120 140 -93210
121 141 -218136
122 142 215815
123 143 53596
124 144 -106114
125 145 -187373
126 146 -45380
127 147 -12438
128 148 117679
129 149 120235
130 150 -45049
131 151 40148
132 152 -10712
133 153 -130041
134 154 155957
135 155 122080
136 156 -42799
137 157 -76336
138 158 -48765
139 159 -3296
140 160 -164243
141 161 -45136
142 162 -25770
143 163 155139
144 164 124142
145 165 -128421
146 166 67080
147 167 -63202
148 168 96055
149 169 102908
150 170 69554
151 171 3880
152 172 14026
153 173 96642
154 174 -204382
155 175 -96344
156 176 -86703
157 177 -7262
158 178 -12990
159 179 -58375
160 180 6352
161 181 65903
162 182 -111912
163 183 84705
164 184 119035
165 185 30020
166 186 -144982
167 187 -18701
168 188 -66530
169 189 52573
170 190 -31617
171 191 -62529
172 192 -102342
173 193 -55839
174 194 -103446
175 195 84721
176 196 15389
177 197 102942
178 198 -29160
179 199 -19770
180 200 -80778
181 201 101382
182 202 -70295
183 203 -142038
184 204 -47561
185 205 16345
186 206 -20475
187 207 -132984
188 208 97851
189 209 -19745
190 210 74299
191 211 -98118
192 212 12529
193 213 -19299
194 214 -19548
195 215 53793
196 216 -52578
197 217 187565
198 218 38031
199 219 -8128
200 220 211137
201 221 158810
202 222 93658
203 223 50523
204 224 -1827
205 225 -65766
206 226 151972
207 227 35160
208 228 156191
209 229 -239344
210 230 85489
211 231 14930
212 232 73062
213 233 78040
214 234 23769
215 235 148033
216 236 -49905
217 237 37769
218 238 -71
219 239 87243
220 240 26605
221 241 -38723
222 242 70280
223 243 -35918
224 244 -40608
225 245 -45139
226 246 -66399
227 247 148442
228 248 -147061
229 249 45179
230 250 22415
231 251 19345
232 252 -134028
233 253 100271
234 254 -107087
235 255 9070
236 256 -265601
237 257 64655
238 258 22990
239 259 213141
240 260 -48518
241 261 -72460
242 262 44021
243 263 -95838
244 264 -33025
245 265 -43598
246 266 -93535
247 267 -14249
248 268 163358
249 269 5533
250 270 44046
251 271 -26437
252 272 1470
253 273 -14759
254 274 36257
255 275 31356
256 276 91752
257 277 -36591
258 278 -14454
259 279 -17696
260 280 -56026
261 281 38429
262 282 86886
263 283 27311
264 284 80850
265 285 114792
266 286 59459
267 287 51417
268 288 -126459
269 289 25403
270 290 -44159
271 291 31306
272 292 23868
273 293 -74156
274 294 109643
275 295 192093
276 296 46202
277 297 33549
278 298 -92920
279 299 171381
280 300 155715
281 301 74807
282 302 -138978
283 303 -253764
284 304 -98274
285 305 5361
286 306 103559
287 307 -107480
288 308 -57807
289 309 -6597
290 310 54667
291 311 75901
292 312 -220266
293 313 34709
294 314 178093
295 315 88753
296 316 13148
297 317 -656
298 318 -53519
299 319 -8935
300 320 45629
301 321 9680
302 322 -51274
303 323 -49119
304 324 -52215
305 325 -50463
306 326 106172
307 327 13820
308 328 -145970
309 329 -221799
310 330 -235334
311 331 67445
312 332 17449
313 333 46915
314 334 268055
315 335 124831
316 336 15004
317 337 -71483
318 338 68820
319 339 -20429
320 340 72133
321 341 -16696
322 342 -47489
323 343 -122520
324 344 9612
325 345 -1092
326 346 161021
327 347 83808
328 348 10651
329 349 -41483
330 350 12235
331 351 32170
332 352 -169046
333 353 39478
334 354 61393
335 355 -107935
336 356 -81870
337 357 75086
338 358 -1680
339 359 -156050
340 360 84131
341 361 -74623
342 362 -9338
343 363 101428
344 364 -192753
345 365 28411
346 366 108009
347 367 16514
348 368 110553
349 369 68945
350 370 -11327
351 371 192450
352 372 -54848
353 373 178625
354 374 126542
355 375 -139452
356 376 52618
357 377 -5056
358 378 -47197
359 379 52077
360 380 -9690
361 381 7186
362 382 135622
363 383 -121086
364 384 -6955
365 385 -62651
366 386 -75265
367 387 -52896
368 388 -38477
369 389 -55466
370 390 173828
371 391 145971
372 392 -221601
373 393 72764
374 394 38099
375 395 -23439
376 396 -33349
377 397 113202
378 398 -22869
379 399 -26194
380 400 44827
381 1 -142672
382 2 35880
383 3 -48542
384 4 -31995
385 5 -36973
386 6 37926
387 7 241460
388 8 139183
389 9 -155047
390 10 22509
391 11 31600
392 12 35800
393 13 279696
394 14 -475
395 15 -271149
396 16 92262
397 17 60483
398 18 271240
399 19 70521
400 20 172978
