125 375
1 2 514
2 3 70459
3 4 -106550
4 5 -2749
5 1 114644
6 7 251653
7 8 122306
8 9 173290
9 10 15808
10 6 96063
11 12 76727
12 13 -189896
13 14 -125876
14 15 45951
15 11 7095
16 17 70212
17 18 -32060
18 19 33533
19 20 -15775
20 16 53258
21 22 93137
22 23 532
23 24 -214
24 25 -294541
25 21 84859
1 6 53508
2 7 5717
3 8 62431
4 9 -68473
5 10 56026
6 11 -100622
7 12 -81590
8 13 135078
9 14 31183
10 15 19110
11 16 106971
12 17 71774
13 18 51429
14 19 39257
15 20 -3291
16 21 -4861
17 22 64094
18 23 -97753
19 24 -55314
20 25 80402
21 1 -114019
22 2 -167133
23 3 10798
24 4 117937
25 5 -77959
1 26 -22751
2 27 109277
3 28 -9278
4 29 118148
5 30 -122172
6 31 -128702
7 32 95334
8 33 -165707
9 34 108857
10 35 -99058
11 36 -62203
12 37 178105
13 38 -24334
14 39 13973
15 40 153133
16 41 71666
17 42 -134426
18 43 -13425
19 44 13556
20 45 -141770
21 46 93680
22 47 3937
23 48 -15767
24 49 69915
25 50 -87824
26 27 68009
27 28 -44655
28 29 7147
29 30 -124154
30 26 -19530
31 32 -26184
32 33 -48329
33 34 45674
34 35 -242913
35 31 -59553
36 37 -6974
37 38 4199
38 39 28387
39 40 -101200
40 36 -14185
41 42 -79087
42 43 158158
43 44 110231
44 45 -84777
45 41 -15728
46 47 105955
47 48 66620
48 49 60907
49 50 -130053
50 46 22566
26 31 48648
27 32 -147775
28 33 48848
29 34 -209280
30 35 -26353
31 36 -78243
32 37 -74397
33 38 -241468
34 39 50588
35 40 -39426
36 41 4598
37 42 4216
38 43 45614
39 44 7636
40 45 -208049
41 46 86955
42 47 67022
43 48 134528
44 49 56286
45 50 -55313
46 26 46995
47 27 -110845
48 28 -31351
49 29 -86761
50 30 4964
26 51 152909
27 52 -139376
28 53 -102376
29 54 -52848
30 55 41225
31 56 22143
32 57 -247395
33 58 123885
34 59 -32892
35 60 205236
36 61 -39292
37 62 -129704
38 63 78944
39 64 28160
40 65 40484
41 66 159445
42 67 35891
43 68 -66760
44 69 221873
45 70 14262
46 71 -180071
47 72 47939
48 73 -55221
49 74 35053
50 75 -77368
51 52 148037
52 53 -15008
53 54 -50446
54 55 -142771
55 51 -31502
56 57 92321
57 58 -46954
58 59 128855
59 60 -10698
60 56 3986
61 62 274334
62 63 -87584
63 64 -112636
64 65 -173184
65 61 137701
66 67 -9674
67 68 -149653
68 69 -90667
69 70 20614
70 66 -24907
71 72 125081
72 73 -59295
73 74 -30302
74 75 239272
75 71 -263337
51 56 80439
52 57 -35309
53 58 -142087
54 59 7922
55 60 -205681
56 61 -42947
57 62 -29936
58 63 203159
59 64 -228167
60 65 79327
61 66 -108092
62 67 -38746
63 68 -36918
64 69 -34780
65 70 -128839
66 71 -134428
67 72 78657
68 73 -35615
69 74 -119564
70 75 -14665
71 51 -79561
72 52 -47987
73 53 59807
74 54 -48646
75 55 125307
51 76 460
52 77 -2180
53 78 69018
54 79 -19277
55 80 -30628
56 81 -27786
57 82 -176123
58 83 -36162
59 84 38500
60 85 -132675
61 86 -119986
62 87 13733
63 88 -130976
64 89 131402
65 90 -93948
66 91 -69019
67 92 -21103
68 93 41398
69 94 75566
70 95 -53878
71 96 73326
72 97 50655
73 98 -1331
74 99 -67732
75 100 94391
76 77 68309
77 78 -24407
78 79 108085
79 80 89265
80 76 -4691
81 82 157234
82 83 79799
83 84 115265
84 85 -159431
85 81 84033
86 87 186223
87 88 100170
88 89 69713
89 90 -57753
90 86 -67533
91 92 -39589
92 93 -17591
93 94 -37922
94 95 6058
95 91 17537
96 97 181859
97 98 -24328
98 99 -50104
99 100 25344
100 96 119333
76 81 45270
77 82 4988
78 83 -106137
79 84 -60940
80 85 165832
81 86 50053
82 87 -43723
83 88 -93735
84 89 8257
85 90 -35658
86 91 83749
87 92 137808
88 93 -28195
89 94 114711
90 95 114087
91 96 42434
92 97 -32974
93 98 -144468
94 99 -45647
95 100 184394
96 76 114709
97 77 60879
98 78 -46870
99 79 115456
100 80 118882
76 101 -142914
77 102 -54627
78 103 35837
79 104 25746
80 105 71880
81 106 -53097
82 107 97370
83 108 70717
84 109 -51892
85 110 61893
86 111 7592
87 112 33580
88 113 225032
89 114 128828
90 115 -58278
91 116 -77107
92 117 -95867
93 118 141494
94 119 30350
95 120 -23802
96 121 -152041
97 122 117528
98 123 -193696
99 124 -176190
100 125 39583
101 102 46643
102 103 51364
103 104 -23802
104 105 290339
105 101 81282
106 107 4301
107 108 58439
108 109 90549
109 110 32958
110 106 -32053
111 112 8236
112 113 -52912
113 114 79453
114 115 176747
115 111 -232309
116 117 2557
117 118 95396
118 119 -155742
119 120 64118
120 116 114255
121 122 -71545
122 123 -39926
123 124 -99058
124 125 2882
125 121 56923
101 106 33245
102 107 10342
103 108 23626
104 109 -110441
105 110 145457
106 111 -78070
107 112 33481
108 113 57341
109 114 132189
110 115 -42765
111 116 26112
112 117 -69316
113 118 234686
114 119 -164023
115 120 91406
116 121 110706
117 122 -41307
118 123 44855
119 124 16856
120 125 -12752
121 101 7932
122 102 -88504
123 103 8770
124 104 33005
125 105 -50205
101 1 -76222
102 2 20239
103 3 -95465
104 4 89587
105 5 -127979
106 6 213696
107 7 -44154
108 8 30185
109 9 -46300
110 10 76863
111 11 -27698
112 12 79128
113 13 -71013
114 14 34174
115 15 -19954
116 16 7429
117 17 44085
118 18 -86355
119 19 -128387
120 20 -56238
121 21 -77375
122 22 -87759
123 23 -32511
124 24 66122
125 25 -146862
