125 375
1 2 23769
2 3 -83858
3 4 -55742
4 5 -12044
5 1 26605
6 7 124142
7 8 -125348
8 9 52065
9 10 -92336
10 6 167918
11 12 -35809
12 13 54667
13 14 -85040
14 15 28411
15 11 -103446
16 17 35160
17 18 176935
18 19 9612
19 20 -223915
20 16 135589
21 22 25280
22 23 124831
23 24 60060
24 25 -2985
25 21 56211
1 6 -14574
2 7 113202
3 8 -19541
4 9 -2800
5 10 109643
6 11 19314
7 12 -121063
8 13 -23439
9 14 87243
10 15 96421
11 16 35408
12 17 74946
13 18 52618
14 19 -6955
15 20 -45380
16 21 61410
17 22 268055
18 23 -63446
19 24 30820
20 25 17510
21 1 41608
22 2 -87934
23 3 -149855
24 4 261695
25 5 42022
1 26 61393
2 27 -32746
3 28 120673
4 29 -156366
5 30 -14759
6 31 -27989
7 32 192450
8 33 114792
9 34 -80778
10 35 101382
11 36 -113563
12 37 -95838
13 38 -51260
14 39 187393
15 40 -61758
16 41 142918
17 42 215815
18 43 125363
19 44 -60425
20 45 -7262
21 46 -221601
22 47 -92556
23 48 -9690
24 49 -76949
25 50 -67214
26 27 -35731
27 28 113720
28 29 172167
29 30 -41410
30 26 35332
31 32 134639
32 33 -52896
33 34 -192753
34 35 -149452
35 31 -63400
36 37 16345
37 38 54081
38 39 44782
39 40 -19222
40 36 -51274
41 42 106754
42 43 81529
43 44 -18701
44 45 -14723
45 41 -38723
46 47 10651
47 48 32085
48 49 -45062
49 50 -43598
50 46 -17120
26 31 -76528
27 32 75086
28 33 -35481
29 34 -45049
30 35 5533
31 36 32170
32 37 -121086
33 38 -24126
34 39 38262
35 40 -22017
36 41 172978
37 42 -218009
38 43 -10221
39 44 -198824
40 45 -118884
41 46 -106046
42 47 88753
43 48 15799
44 49 -58920
45 50 -28622
46 26 -11327
47 27 70521
48 28 -106114
49 29 -73476
50 30 63410
26 51 -156392
27 52 -150483
28 53 -17318
29 54 65562
30 55 156191
31 56 -33025
32 57 -10712
33 58 -93820
34 59 -32519
35 60 -71766
36 61 67080
37 62 -76336
38 63 98433
39 64 -74156
40 65 -29032
41 66 -187654
42 67 83588
43 68 53980
44 69 98523
45 70 -49096
46 71 50709
47 72 110553
48 73 53793
49 74 -53519
50 75 -145562
51 52 -55839
52 53 9680
53 54 250978
54 55 -47489
55 51 26139
56 57 182534
57 58 -107529
58 59 -40914
59 60 101428
60 56 26312
61 62 -60562
62 63 -121223
63 64 15389
64 65 -46259
65 61 139183
66 67 5501
67 68 15552
68 69 34022
69 70 100980
70 66 -19605
71 72 -173399
72 73 37007
73 74 13965
74 75 34915
75 71 -34333
51 56 48784
52 57 184082
53 58 148831
54 59 -66128
55 60 196463
56 61 120235
57 62 -23213
58 63 -218136
59 64 18277
60 65 11741
61 66 -29812
62 67 -139034
63 68 84131
64 69 21424
65 70 -20972
66 71 -59252
67 72 -56026
68 73 106966
69 74 105779
70 75 41108
71 51 84721
72 52 -6586
73 53 101560
74 54 -239344
75 55 238268
51 76 -111348
52 77 120948
53 78 -157423
54 79 -9338
55 80 -116691
56 81 25403
57 82 59222
58 83 83074
59 84 -47561
60 85 97851
61 86 -66530
62 87 67028
63 88 2688
64 89 -30492
65 90 145065
66 91 43698
67 92 -1680
68 93 49996
69 94 109520
70 95 -50298
71 96 84705
72 97 38816
73 98 -36591
74 99 -6120
75 100 -55466
76 77 27638
77 78 -14052
78 79 -1174
79 80 9070
80 76 -8446
81 82 144046
82 83 -187373
83 84 11681
84 85 71995
85 81 129523
86 87 36257
87 88 -38885
88 89 -172276
89 90 -72588
90 86 91752
91 92 88820
92 93 -70939
93 94 112239
94 95 -7821
95 91 186009
96 97 150888
97 98 82943
98 99 -19759
99 100 10663
100 96 -88973
76 81 -47541
77 82 119035
78 83 -47197
79 84 -105419
80 85 28629
81 86 -136276
82 87 117679
83 88 -35807
84 89 33549
85 90 9766
86 91 22994
87 92 -79165
88 93 66180
89 94 -138851
90 95 66684
91 96 45179
92 97 -15679
93 98 -44159
94 99 -33349
95 100 61958
96 76 -44342
97 77 73062
98 78 97584
99 79 15004
100 80 149399
76 101 -14767
77 102 6279
78 103 72215
79 104 65903
80 105 -168179
81 106 -215705
82 107 22344
83 108 134368
84 109 130877
85 110 48823
86 111 -31148
87 112 50523
88 113 -65773
89 114 -92530
90 115 40377
91 116 -17696
92 117 72691
93 118 -43626
94 119 34907
95 120 124360
96 121 -221799
97 122 -187648
98 123 -26194
99 124 68945
100 125 -21890
101 102 100271
102 103 62688
103 104 -1827
104 105 -142672
105 101 -101423
106 107 -37086
107 108 -59090
108 109 50637
109 110 -20475
110 106 50598
111 112 -119507
112 113 121984
113 114 -656
114 115 -35918
115 111 126825
116 117 -64144
117 118 -93210
118 119 71225
119 120 41506
120 116 118483
121 122 125314
122 123 116878
123 124 31260
124 125 46202
125 121 -102741
101 106 102942
102 107 138331
103 108 -48765
104 109 155715
105 110 -65773
106 111 49114
107 112 -107480
108 113 -42462
109 114 52161
110 115 90630
111 116 -2053
112 117 -88315
113 118 -50247
114 119 37769
115 120 187565
116 121 183090
117 122 201585
118 123 -48518
119 124 73895
120 125 -31241
121 101 208503
122 102 -107087
123 103 -81781
124 104 18020
125 105 -31995
101 1 38429
102 2 -169046
103 3 -19155
104 4 112370
105 5 -88169
106 6 -156050
107 7 -240195
108 8 94164
109 9 -62651
110 10 -8935
111 11 -7600
112 12 1912
113 13 122080
114 14 -73662
115 15 56164
116 16 104621
117 17 -17460
118 18 173828
119 19 241460
120 20 59719
121 21 79592
122 22 41750
123 23 -44328
124 24 -77868
125 25 -200488
