216 648
1 2 -213588
2 3 -224776
3 4 97584
4 5 33549
5 6 8744
6 1 -107480
7 8 -8128
8 9 148831
9 10 18277
10 11 -92336
11 12 -21395
12 7 1912
13 14 41608
14 15 -10221
15 16 35160
16 17 55222
17 18 -93535
18 13 -122467
19 20 101428
20 21 70280
21 22 61393
22 23 59459
23 24 -72588
24 19 250978
25 26 -88315
26 27 78579
27 28 109797
28 29 -14594
29 30 271240
30 25 187565
31 32 -1195
32 33 -18701
33 34 -26194
34 35 -93820
35 36 192093
36 31 -51260
1 7 70521
2 8 38429
3 9 -35731
4 10 -19605
5 11 74739
6 12 32180
7 13 115629
8 14 182534
9 15 -88764
10 16 -52215
11 17 145065
12 18 83585
13 19 176935
14 20 65562
15 21 -107529
16 22 38358
17 23 54667
18 24 100163
19 25 -119507
20 26 -106114
21 27 -19155
22 28 114792
23 29 -40914
24 30 37769
25 31 38251
26 32 -98274
27 33 74807
28 34 -134028
29 35 123607
30 36 83588
31 1 28411
32 2 -67214
33 3 134368
34 4 211137
35 5 48478
36 6 18206
1 37 120948
2 38 49114
3 39 -20475
4 40 11741
5 41 -21890
6 42 13820
7 43 73895
8 44 38099
9 45 -101423
10 46 41506
11 47 -149855
12 48 67080
13 49 -64144
14 50 -26437
15 51 54081
16 52 -20972
17 53 -73938
18 54 72215
19 55 -47489
20 56 73062
21 57 118483
22 58 119035
23 59 -80255
24 60 102376
25 61 13965
26 62 50711
27 63 134639
28 64 -2985
29 65 196463
30 66 101382
31 67 -21193
32 68 171381
33 69 62688
34 70 -60425
35 71 64655
36 72 150888
37 38 83808
38 39 -30938
39 40 -172276
40 41 -31148
41 42 9310
42 37 45629
43 44 -93210
44 45 27638
45 46 -84383
46 47 44021
47 48 21424
48 43 104621
49 50 -80778
50 51 45179
51 52 -102741
52 53 -81781
53 54 143542
54 49 -22869
55 56 -77868
56 57 12849
57 58 -121063
58 59 31306
59 60 5501
60 55 98523
61 62 -105419
62 63 -132984
63 64 -49119
64 65 -147061
65 66 38262
66 61 -20429
67 68 38816
68 69 -47197
69 70 47448
70 71 -253764
71 72 21962
72 67 72084
37 43 12529
38 44 -74156
39 45 -35481
40 46 -156050
41 47 116878
42 48 -27825
43 49 48823
44 50 237738
45 51 -28622
46 52 161021
47 53 84705
48 54 -61758
49 55 -36101
50 56 53980
51 57 -14454
52 58 238268
53 59 41750
54 60 -47561
55 61 -45062
56 62 268055
57 63 -187648
58 64 -48765
59 65 142068
60 66 35880
61 67 68820
62 68 -51274
63 69 -149452
64 70 136495
65 71 -10712
66 72 4264
67 37 36257
68 38 2688
69 39 -59252
70 40 -40608
71 41 -76949
72 42 -103587
37 73 -52988
38 74 -41410
39 75 -107087
40 76 14026
41 77 94164
42 78 3880
43 79 -32746
44 80 -36050
45 81 46915
46 82 1470
47 83 -17696
48 84 52573
49 85 159674
50 86 163358
51 87 -76336
52 88 -49905
53 89 9766
54 90 100271
55 91 61410
56 92 56164
57 93 82943
58 94 -38616
59 95 122304
60 96 -58920
61 97 -111218
62 98 -200488
63 99 146659
64 100 44046
65 101 6279
66 102 -44328
67 103 -19541
68 104 87243
69 105 156191
70 106 -107156
71 107 106754
72 108 173870
73 74 -34333
74 75 -25770
75 76 -142672
76 77 -31995
77 78 -17318
78 73 22990
79 80 100980
80 81 22994
81 82 -30492
82 83 -84800
83 84 -71755
84 79 -37677
85 86 141072
86 87 74299
87 88 96546
88 89 72133
89 90 22509
90 85 63242
91 92 40148
92 93 93192
93 94 -71766
94 95 -52578
95 96 9070
96 91 -65766
97 98 -110834
98 99 88753
99 100 135589
100 101 50637
101 102 215815
102 97 52618
103 104 66180
104 105 -63400
105 106 66024
106 107 -58418
107 108 103559
108 103 35408
73 79 44782
74 80 -48518
75 81 32834
76 82 -66997
77 83 52065
78 84 187928
79 85 59719
80 86 -27989
81 87 35332
82 88 -7600
83 89 10651
84 90 49996
85 91 -2053
86 92 -56125
87 93 -221799
88 94 125314
89 95 -11327
90 96 113720
91 97 44974
92 98 161484
93 99 121984
94 100 178093
95 101 124142
96 102 -66128
97 103 -63199
98 104 -14249
99 105 80850
100 106 -39354
101 107 67066
102 108 -45284
103 73 26238
104 74 -156366
105 75 -115028
106 76 15389
107 77 105779
108 78 -59090
73 109 75086
74 110 158810
75 111 -223915
76 112 30820
77 113 59260
78 114 -139034
79 115 -3427
80 116 182472
81 117 149399
82 118 -12990
83 119 208503
84 120 -198824
85 121 98433
86 122 -61205
87 123 47853
88 124 -111087
89 125 -17120
90 126 -14124
91 127 -29032
92 128 52998
93 129 -265601
94 130 217625
95 131 261695
96 132 32170
97 133 -85040
98 134 -79165
99 135 32085
100 136 56211
101 137 -50247
102 138 53596
103 139 83074
104 140 97851
105 141 -137253
106 142 -35807
107 143 81529
108 144 172978
109 110 35800
110 111 25403
111 112 5533
112 113 -43185
113 114 66684
114 109 48784
115 116 -29812
116 117 83501
117 118 26312
118 119 -173399
119 120 124831
120 115 -4555
121 122 -45139
122 123 61089
123 124 -142038
124 125 -19759
125 126 129523
126 121 -49949
127 128 53932
128 129 120673
129 130 22344
130 131 125363
131 132 -35809
132 127 71995
133 134 126825
134 135 -66937
135 136 22466
136 137 -24126
137 138 -62529
138 133 31600
139 140 -42462
140 141 -73662
141 142 40377
142 143 11681
143 144 -106046
144 139 91752
109 115 -92920
110 116 -53519
111 117 67028
112 118 34022
113 119 -12044
114 120 59574
115 121 -19222
116 122 9268
117 123 262154
118 124 110553
119 125 52161
120 126 124360
121 127 -23213
122 128 -121223
123 129 -81777
124 130 26316
125 131 -5056
126 132 -15563
127 133 -43916
128 134 -38885
129 135 96421
130 136 -6711
131 137 -55839
132 138 2664
133 139 -103446
134 140 -157423
135 141 -6274
136 142 -113563
137 143 -111912
138 144 -19299
139 109 160788
140 110 -31617
141 111 110618
142 112 -42799
143 113 85830
144 114 -31241
109 145 -87934
110 146 34907
111 147 60483
112 148 72691
113 149 -45049
114 150 -36591
115 151 -218136
116 152 -42450
117 153 221608
118 154 -48542
119 155 172491
120 156 -9338
121 157 -62651
122 158 22415
123 159 84131
124 160 183945
125 161 -187654
126 162 128947
127 163 59222
128 164 -63415
129 165 138331
130 166 26139
131 167 -55466
132 168 -14052
133 169 -92556
134 170 142107
135 171 -1174
136 172 37007
137 173 -83858
138 174 -22017
139 175 -37086
140 176 96642
141 177 12235
142 178 18020
143 179 52077
144 180 -46259
145 146 109520
146 147 88820
147 148 90630
148 149 -67973
149 150 -122520
150 145 -65773
151 152 112239
152 153 -2800
153 154 -88169
154 155 -1680
155 156 172167
156 151 30020
157 158 69554
158 159 -137225
159 160 108009
160 161 42022
161 162 -99357
162 157 -138851
163 164 148442
164 165 28629
165 166 -33025
166 167 -168179
167 168 84721
168 163 -70939
169 170 26605
170 171 109643
171 172 -9773
172 173 -96344
173 174 17449
174 169 124786
175 176 145971
176 177 -29160
177 178 60060
178 179 -6120
179 180 122080
180 175 -92530
145 151 53793
146 152 37992
147 153 155957
148 154 102942
149 155 101560
150 156 -95838
151 157 44827
152 158 -81870
153 159 -70295
154 160 -6597
155 161 17510
156 162 -8446
157 163 22206
158 164 -187373
159 165 130877
160 166 -44342
161 167 38031
162 168 -74623
163 169 -118884
164 170 -17460
165 171 -53795
166 172 144046
167 173 112370
168 174 -6586
169 175 34915
170 176 13148
171 177 -32519
172 178 65903
173 179 -47128
174 180 -239344
175 145 15552
176 146 54284
177 147 155715
178 148 -33416
179 149 -81689
180 150 -52896
145 181 80729
146 182 -41483
147 183 9612
148 184 -55742
149 185 -66530
150 186 74946
151 187 124188
152 188 -656
153 189 61958
154 190 -9690
155 191 -88266
156 192 10663
157 193 -1827
158 194 -107105
159 195 -6955
160 196 50709
161 197 23769
162 198 142918
163 199 -76528
164 200 68945
165 201 36637
166 202 -14723
167 203 -168534
168 204 2282
169 205 117679
170 206 79592
171 207 -23439
172 208 -38723
173 209 -7262
174 210 16514
175 211 -240195
176 212 15799
177 213 42688
178 214 -150483
179 215 -235334
180 216 -35918
181 182 145356
182 183 86557
183 184 -204342
184 185 120235
185 186 43698
186 181 -56026
187 188 167918
188 189 88407
189 190 -3296
190 191 -7821
191 192 -63446
192 187 -49096
193 194 113202
194 195 -117363
195 196 19314
196 197 -129774
197 198 -73476
198 193 -116691
199 200 -8935
200 201 -25512
201 202 -215705
202 203 -62795
203 204 15678
204 199 -156392
205 206 50523
206 207 126542
207 208 -47541
208 209 201585
209 210 78539
210 205 31260
211 212 -33349
212 213 -15679
213 214 -111348
214 215 -14241
215 216 728
216 211 -116581
181 187 3659
182 188 186009
183 189 -169046
184 190 -192753
185 191 125732
186 192 -98978
187 193 -71483
188 194 37926
189 195 20002
190 196 -36973
191 197 85489
192 198 106966
193 199 142568
194 200 -44159
195 201 139183
196 202 41108
197 203 -54848
198 204 -14767
199 205 -16696
200 206 -43598
201 207 -45380
202 208 -57807
203 209 -236230
204 210 241460
205 211 184082
206 212 71225
207 213 -19770
208 214 -19548
209 215 63410
210 216 187393
211 181 -14759
212 182 -102342
213 183 -14574
214 184 15004
215 185 1296
216 186 5291
181 1 -221601
182 2 32156
183 3 16345
184 4 -125348
185 5 46202
186 6 -84377
187 7 -51577
188 8 -88973
189 9 -50463
190 10 -50298
191 11 -218009
192 12 34709
193 13 -65773
194 14 70620
195 15 213141
196 16 -136276
197 17 192450
198 18 178625
199 19 183090
200 20 -126459
201 21 93366
202 22 -145562
203 23 -121086
204 24 72764
205 25 -38477
206 26 -60562
207 27 -43626
208 28 54442
209 29 173828
210 30 -111164
211 31 9680
212 32 25280
213 33 50598
214 34 -127546
215 35 -93107
216 36 11610
