343 1029
1 2 47147
2 3 110481
3 4 -3461
4 5 -42386
5 6 140387
6 7 155842
7 1 78182
8 9 114840
9 10 -51392
10 11 -77508
11 12 5624
12 13 -70478
13 14 -11732
14 8 -9703
15 16 32115
16 17 -288410
17 18 3996
18 19 138044
19 20 176198
20 21 13930
21 15 -143901
22 23 -171873
23 24 18847
24 25 -108350
25 26 -183446
26 27 -112245
27 28 92984
28 22 -47405
29 30 36286
30 31 -46420
31 32 -70959
32 33 -94365
33 34 -89759
34 35 -5074
35 29 -48141
36 37 67000
37 38 -76519
38 39 209264
39 40 75162
40 41 290619
41 42 57912
42 36 -6903
43 44 46602
44 45 88052
45 46 301004
46 47 15129
47 48 -32862
48 49 -131726
49 43 14539
1 8 -58541
2 9 18286
3 10 13883
4 11 52405
5 12 -105323
6 13 -6269
7 14 -147192
8 15 -145012
9 16 -10925
10 17 21165
11 18 230904
12 19 211763
13 20 3115
14 21 89422
15 22 -42786
16 23 -133152
17 24 105409
18 25 66183
19 26 9554
20 27 -18260
21 28 -68380
22 29 -61596
23 30 8397
24 31 -92600
25 32 -13002
26 33 -15037
27 34 -65501
28 35 -137220
29 36 126311
30 37 133278
31 38 -130590
32 39 86349
33 40 -105882
34 41 -123423
35 42 81827
36 43 114030
37 44 60031
38 45 -12133
39 46 -6442
40 47 36524
41 48 -42521
42 49 -20043
43 1 47713
44 2 -148951
45 3 191483
46 4 -101080
47 5 -70114
48 6 -98110
49 7 -3490
1 50 -58767
2 51 -106484
3 52 -72695
4 53 -15443
5 54 -158334
6 55 49655
7 56 -98683
8 57 82658
9 58 -25948
10 59 151668
11 60 106
12 61 26145
13 62 79255
14 63 -58759
15 64 -17018
16 65 74540
17 66 144885
18 67 7216
19 68 100961
20 69 110073
21 70 68876
22 71 146964
23 72 -67696
24 73 274595
25 74 -48367
26 75 43760
27 76 -78851
28 77 -18639
29 78 -115683
30 79 10372
31 80 24981
32 81 -179156
33 82 -3217
34 83 -186354
35 84 -14417
36 85 120040
37 86 -121612
38 87 -194444
39 88 -1813
40 89 -87897
41 90 93080
42 91 -106130
43 92 -106048
44 93 -171250
45 94 188938
46 95 -18348
47 96 -13539
48 97 16407
49 98 -93701
50 51 5770
51 52 -41746
52 53 149376
53 54 -44824
54 55 243005
55 56 99974
56 50 -43679
57 58 69235
58 59 142988
59 60 115989
60 61 -9724
61 62 157370
62 63 -49030
63 57 -128644
64 65 43949
65 66 -55213
66 67 40338
67 68 -127069
68 69 -5791
69 70 -77083
70 64 -163191
71 72 132323
72 73 -15400
73 74 24779
74 75 115901
75 76 -54374
76 77 174379
77 71 -62305
78 79 -32064
79 80 141773
80 81 27034
81 82 132894
82 83 -106101
83 84 -8206
84 78 46209
85 86 86451
86 87 -64565
87 88 27281
88 89 -94755
89 90 -64714
90 91 38611
91 85 100177
92 93 21749
93 94 -89016
94 95 -39658
95 96 72176
96 97 46265
97 98 -131280
98 92 140423
50 57 94349
51 58 76396
52 59 51554
53 60 -89612
54 61 -98659
55 62 -131584
56 63 86005
57 64 -166152
58 65 -177046
59 66 -41775
60 67 154124
61 68 -39245
62 69 -57205
63 70 26217
64 71 37031
65 72 -49780
66 73 -14758
67 74 84502
68 75 83601
69 76 172006
70 77 -36411
71 78 317238
72 79 -9619
73 80 87391
74 81 -124217
75 82 253618
76 83 -50786
77 84 -8815
78 85 14158
79 86 -83081
80 87 -125160
81 88 15109
82 89 79978
83 90 -37134
84 91 71100
85 92 -2565
86 93 21312
87 94 -64450
88 95 8015
89 96 -45568
90 97 -298103
91 98 99874
92 50 198161
93 51 -123837
94 52 -13235
95 53 -57922
96 54 3404
97 55 59288
98 56 -115891
50 99 -9256
51 100 -41965
52 101 35647
53 102 129380
54 103 32196
55 104 172732
56 105 38917
57 106 85423
58 107 95091
59 108 158246
60 109 -41132
61 110 100309
62 111 24029
63 112 -9643
64 113 -592
65 114 -200435
66 115 -25999
67 116 71088
68 117 -59860
69 118 181849
70 119 -220733
71 120 -54026
72 121 25602
73 122 -238649
74 123 -17696
75 124 43624
76 125 140502
77 126 -25549
78 127 -14974
79 128 -9903
80 129 22776
81 130 12283
82 131 -169700
83 132 -65324
84 133 -127193
85 134 85267
86 135 30728
87 136 7273
88 137 -33405
89 138 -88270
90 139 -98556
91 140 104556
92 141 -35601
93 142 -14308
94 143 196564
95 144 83108
96 145 6340
97 146 -183889
98 147 2666
99 100 -65913
100 101 32168
101 102 116135
102 103 48050
103 104 2568
104 105 -17371
105 99 -3293
106 107 43744
107 108 -165165
108 109 -159433
109 110 -71662
110 111 -37280
111 112 38529
112 106 73382
113 114 127327
114 115 41421
115 116 -114289
116 117 -108830
117 118 266080
118 119 -74254
119 113 -54676
120 121 -70846
121 122 133990
122 123 102088
123 124 28110
124 125 -52127
125 126 -41261
126 120 13428
127 128 -43731
128 129 88654
129 130 82626
130 131 208990
131 132 -78041
132 133 108329
133 127 179726
134 135 29004
135 136 -136584
136 137 -141491
137 138 3561
138 139 18152
139 140 -38174
140 134 39066
141 142 -84704
142 143 680
143 144 5037
144 145 77881
145 146 -97640
146 147 -52213
147 141 41597
99 106 -73591
100 107 -43265
101 108 43335
102 109 -47513
103 110 34427
104 111 11865
105 112 106737
106 113 30016
107 114 -238936
108 115 45067
109 116 -123150
110 117 -176049
111 118 149169
112 119 -113920
113 120 -57333
114 121 -9663
115 122 8671
116 123 42602
117 124 9887
118 125 56372
119 126 -154185
120 127 163857
121 128 -187254
122 129 56001
123 130 -4674
124 131 -8451
125 132 169063
126 133 -40628
127 134 -101954
128 135 13175
129 136 -93609
130 137 -186354
131 138 -22512
132 139 -16325
133 140 12289
134 141 -93506
135 142 -99782
136 143 -170283
137 144 -26779
138 145 -87755
139 146 140304
140 147 21788
141 99 -76014
142 100 -5686
143 101 137824
144 102 -93380
145 103 80037
146 104 112698
147 105 -104387
99 148 20039
100 149 -69526
101 150 -23674
102 151 -74928
103 152 79634
104 153 -86328
105 154 -53015
106 155 61674
107 156 29019
108 157 -59600
109 158 11638
110 159 -131779
111 160 -105475
112 161 -11956
113 162 -48215
114 163 -2349
115 164 26425
116 165 42935
117 166 -86869
118 167 -142852
119 168 -15213
120 169 -64947
121 170 -46189
122 171 -91008
123 172 -28806
124 173 -17731
125 174 -86910
126 175 -59887
127 176 -81165
128 177 80386
129 178 -187473
130 179 178149
131 180 58239
132 181 41606
133 182 34858
134 183 15427
135 184 31838
136 185 26291
137 186 41927
138 187 32112
139 188 38057
140 189 8246
141 190 142370
142 191 -167111
143 192 -29988
144 193 -17174
145 194 -72530
146 195 37703
147 196 37599
148 149 -146883
149 150 -223834
150 151 47918
151 152 -18929
152 153 125100
153 154 -13559
154 148 107420
155 156 -49858
156 157 -56167
157 158 93710
158 159 -20466
159 160 -71125
160 161 124213
161 155 -30017
162 163 34391
163 164 137159
164 165 123527
165 166 -229637
166 167 9423
167 168 -72827
168 162 -29089
169 170 73971
170 171 -135998
171 172 -39853
172 173 88981
173 174 -14751
174 175 11821
175 169 72094
176 177 144086
177 178 5110
178 179 -14136
179 180 -5215
180 181 8115
181 182 22395
182 176 117105
183 184 17977
184 185 23528
185 186 -8815
186 187 23393
187 188 63731
188 189 199475
189 183 69125
190 191 -210267
191 192 195368
192 193 23818
193 194 -9465
194 195 -138800
195 196 16692
196 190 47700
148 155 -84033
149 156 117134
150 157 -93079
151 158 -113885
152 159 142373
153 160 -91416
154 161 -145291
155 162 -43229
156 163 170737
157 164 -109264
158 165 6003
159 166 37594
160 167 80393
161 168 45295
162 169 -661
163 170 55037
164 171 -117234
165 172 18486
166 173 138491
167 174 -113920
168 175 11311
169 176 94202
170 177 74368
171 178 -139708
172 179 33944
173 180 -4665
174 181 -234077
175 182 -103059
176 183 94398
177 184 -124979
178 185 -64100
179 186 -31820
180 187 130026
181 188 -115366
182 189 2710
183 190 201682
184 191 -3882
185 192 148735
186 193 131240
187 194 42696
188 195 -93239
189 196 79944
190 148 -52516
191 149 -112467
192 150 -171819
193 151 151852
194 152 86298
195 153 -112678
196 154 -25319
148 197 73244
149 198 64732
150 199 -8485
151 200 207044
152 201 167939
153 202 -116553
154 203 101901
155 204 173370
156 205 -16823
157 206 108395
158 207 51512
159 208 170591
160 209 -22003
161 210 -86775
162 211 -54247
163 212 -52931
164 213 -96210
165 214 -46454
166 215 -141563
167 216 -40156
168 217 -61384
169 218 125531
170 219 -73134
171 220 86783
172 221 105061
173 222 79267
174 223 -37583
175 224 -6214
176 225 -1645
177 226 97814
178 227 -141926
179 228 138239
180 229 32789
181 230 130501
182 231 15103
183 232 440
184 233 -149868
185 234 -69428
186 235 51251
187 236 9041
188 237 -107911
189 238 27902
190 239 99945
191 240 113689
192 241 -58964
193 242 87649
194 243 -80378
195 244 120492
196 245 -36474
197 198 -25145
198 199 145227
199 200 165231
200 201 121764
201 202 93392
202 203 166912
203 197 76930
204 205 -117442
205 206 -93426
206 207 -59749
207 208 52152
208 209 175163
209 210 129731
210 204 86505
211 212 -53533
212 213 -62274
213 214 -70934
214 215 52043
215 216 -5509
216 217 -20208
217 211 -215641
218 219 -215480
219 220 -2775
220 221 86890
221 222 -125366
222 223 77827
223 224 -62544
224 218 245243
225 226 221
226 227 -156934
227 228 40267
228 229 48888
229 230 8366
230 231 173964
231 225 -5524
232 233 -102789
233 234 68098
234 235 185006
235 236 -103203
236 237 51034
237 238 59204
238 232 83051
239 240 39888
240 241 3315
241 242 61082
242 243 -58509
243 244 70038
244 245 -194093
245 239 47923
197 204 134156
198 205 -165677
199 206 -106687
200 207 94200
201 208 -106172
202 209 3268
203 210 46297
204 211 -65109
205 212 -95548
206 213 -103655
207 214 10741
208 215 -32898
209 216 94898
210 217 -162072
211 218 -135087
212 219 -87308
213 220 -118821
214 221 -106808
215 222 9527
216 223 291465
217 224 67572
218 225 -105334
219 226 -3845
220 227 67341
221 228 -82325
222 229 -25914
223 230 -36129
224 231 -81553
225 232 71915
226 233 -9500
227 234 28006
228 235 37100
229 236 -123750
230 237 -18301
231 238 -18038
232 239 143801
233 240 -46596
234 241 -46573
235 242 -23204
236 243 101185
237 244 -68714
238 245 117052
239 197 -184381
240 198 5863
241 199 -47364
242 200 11344
243 201 -273636
244 202 11272
245 203 121485
197 246 -23481
198 247 93536
199 248 -174671
200 249 225887
201 250 -6550
202 251 -247819
203 252 -53431
204 253 -25124
205 254 -23056
206 255 59026
207 256 18283
208 257 -84236
209 258 6927
210 259 95895
211 260 -55551
212 261 -154057
213 262 -157344
214 263 11320
215 264 5496
216 265 84296
217 266 4920
218 267 -62966
219 268 67413
220 269 -24997
221 270 22055
222 271 -90856
223 272 13942
224 273 178867
225 274 18223
226 275 -96128
227 276 114662
228 277 21047
229 278 101569
230 279 99117
231 280 20590
232 281 -101232
233 282 -147822
234 283 -15735
235 284 -63416
236 285 135648
237 286 -533
238 287 -12793
239 288 79457
240 289 -125991
241 290 129622
242 291 92947
243 292 -91970
244 293 18778
245 294 -15696
246 247 124829
247 248 -75711
248 249 -173340
249 250 15457
250 251 -137740
251 252 78269
252 246 -29791
253 254 -162636
254 255 -63953
255 256 -38012
256 257 -76434
257 258 232227
258 259 167587
259 253 -75792
260 261 49167
261 262 -85921
262 263 -79575
263 264 -192330
264 265 39400
265 266 105352
266 260 -86028
267 268 79551
268 269 353444
269 270 152678
270 271 -79289
271 272 -51333
272 273 -24933
273 267 15278
274 275 5626
275 276 87144
276 277 192161
277 278 40101
278 279 33624
279 280 -160400
280 274 -138845
281 282 107830
282 283 -10700
283 284 -134067
284 285 -78830
285 286 95883
286 287 193440
287 281 -231869
288 289 49436
289 290 89301
290 291 64854
291 292 54062
292 293 13566
293 294 8944
294 288 53229
246 253 33878
247 254 109473
248 255 89187
249 256 35802
250 257 68890
251 258 84684
252 259 33411
253 260 32281
254 261 -33980
255 262 32597
256 263 -54359
257 264 -20551
258 265 -47001
259 266 1682
260 267 26272
261 268 38388
262 269 106413
263 270 -118838
264 271 -21332
265 272 20448
266 273 48696
267 274 70505
268 275 -169672
269 276 38228
270 277 41254
271 278 -108588
272 279 117848
273 280 -57982
274 281 90907
275 282 72605
276 283 65985
277 284 34417
278 285 -74362
279 286 -4833
280 287 96496
281 288 -7031
282 289 -75328
283 290 72396
284 291 -85931
285 292 62585
286 293 -18059
287 294 29197
288 246 -85342
289 247 20926
290 248 131436
291 249 -89513
292 250 -45034
293 251 -4905
294 252 -74944
246 295 155888
247 296 -61885
248 297 -17425
249 298 -89511
250 299 112209
251 300 128753
252 301 32119
253 302 -71462
254 303 14912
255 304 35049
256 305 -55092
257 306 110992
258 307 -54571
259 308 42883
260 309 -60939
261 310 -8321
262 311 -27733
263 312 130676
264 313 -69658
265 314 -202835
266 315 -167461
267 316 -44820
268 317 -222538
269 318 35650
270 319 20657
271 320 20499
272 321 48693
273 322 47458
274 323 -86925
275 324 155832
276 325 55577
277 326 -157764
278 327 157402
279 328 61440
280 329 114134
281 330 -70815
282 331 -14783
283 332 -15303
284 333 28048
285 334 -178041
286 335 37063
287 336 -602
288 337 -119220
289 338 180662
290 339 144593
291 340 112691
292 341 73431
293 342 58910
294 343 -146068
295 296 15201
296 297 -63815
297 298 -79913
298 299 94088
299 300 -143491
300 301 45045
301 295 -48834
302 303 116127
303 304 -13886
304 305 17292
305 306 249151
306 307 -204597
307 308 -64671
308 302 17074
309 310 76790
310 311 -114923
311 312 46714
312 313 48561
313 314 89416
314 315 -48068
315 309 7147
316 317 147355
317 318 69630
318 319 -116069
319 320 -48833
320 321 8190
321 322 -61243
322 316 -75362
323 324 39951
324 325 61416
325 326 12549
326 327 24536
327 328 7200
328 329 181971
329 323 -13569
330 331 -37235
331 332 263903
332 333 -58350
333 334 45919
334 335 -96275
335 336 -120689
336 330 25508
337 338 147867
338 339 8079
339 340 -131772
340 341 -24520
341 342 82793
342 343 13601
343 337 17232
295 302 99021
296 303 105143
297 304 -84099
298 305 -41571
299 306 -59567
300 307 121721
301 308 97719
302 309 -20705
303 310 -44552
304 311 -48606
305 312 -35041
306 313 63936
307 314 -75853
308 315 2450
309 316 -120043
310 317 14856
311 318 -73190
312 319 -14465
313 320 -33541
314 321 -79938
315 322 51843
316 323 33989
317 324 131028
318 325 35239
319 326 75841
320 327 -148186
321 328 24991
322 329 -4587
323 330 -14687
324 331 10861
325 332 -79689
326 333 -45804
327 334 -87984
328 335 -78199
329 336 159739
330 337 30593
331 338 -48523
332 339 -78804
333 340 -40140
334 341 104079
335 342 -39238
336 343 -79239
337 295 -108691
338 296 77566
339 297 120518
340 298 -42773
341 299 -28237
342 300 34003
343 301 -7288
295 1 25947
296 2 84031
297 3 203137
298 4 -93240
299 5 -127376
300 6 182605
301 7 -58989
302 8 13948
303 9 -117323
304 10 -110340
305 11 -31358
306 12 114650
307 13 95003
308 14 -136857
309 15 -50968
310 16 -83126
311 17 -165157
312 18 -206856
313 19 57415
314 20 -112736
315 21 -4687
316 22 123424
317 23 -126315
318 24 -52685
319 25 118888
320 26 58917
321 27 -72985
322 28 -65843
323 29 33595
324 30 84549
325 31 105203
326 32 -56355
327 33 44046
328 34 -95014
329 35 23233
330 36 38683
331 37 178988
332 38 -135293
333 39 -51901
334 40 19325
335 41 82761
336 42 375001
337 43 -98651
338 44 103051
339 45 -11282
340 46 4731
341 47 117081
342 48 203142
343 49 -9323
