343 1029
1 2 -99058
2 3 -96217
3 4 42434
4 5 67022
5 6 -28905
6 7 -90667
7 1 7922
8 9 13136
9 10 -138297
10 11 44085
11 12 120132
12 13 -52848
13 14 -78243
14 8 79453
15 16 -40221
16 17 -68092
17 18 -6974
18 19 32958
19 20 311
20 21 -56222
21 15 31896
22 23 38558
23 24 73326
24 25 -29421
25 26 5777
26 27 60744
27 28 -15767
28 22 1924
29 30 -80268
30 31 -48026
31 32 205236
32 33 19251
33 34 -50446
34 35 115456
35 29 -69203
36 37 -63537
37 38 -16364
38 39 27114
39 40 -242913
40 41 -67295
41 42 118882
42 36 -24328
43 44 7147
44 45 131423
45 46 -46950
46 47 -116943
47 48 -95867
48 49 -97753
49 43 26261
1 8 1186
2 9 -65222
3 10 -89678
4 11 -40038
5 12 -45491
6 13 -96792
7 14 -6005
8 15 35576
9 16 68741
10 17 -139437
11 18 22143
12 19 -179358
13 20 -60270
14 21 -86761
15 22 -48607
16 23 53558
17 24 -53977
18 25 135403
19 26 -95465
20 27 13973
21 28 -176190
22 29 -8495
23 30 155191
24 31 127582
25 32 43827
26 33 -20380
27 34 -106515
28 35 -78452
29 36 -15775
30 37 168620
31 38 -241468
32 39 -21103
33 40 41136
34 41 118148
35 42 -32511
36 43 33533
37 44 61390
38 45 -25168
39 46 69052
40 47 -134426
41 48 6058
42 49 73938
43 1 -75751
44 2 -67788
45 3 114711
46 4 20265
47 5 -27687
48 6 81282
49 7 -88504
1 50 143689
2 51 -113581
3 52 234686
4 53 4301
5 54 -7722
6 55 -29002
7 56 41670
8 57 -64320
9 58 -101239
10 59 -20082
11 60 -88455
12 61 29818
13 62 231593
14 63 42498
15 64 -36918
16 65 76072
17 66 17537
18 67 117935
19 68 66122
20 69 36849
21 70 41816
22 71 80114
23 72 35645
24 73 -8917
25 74 -83175
26 75 105558
27 76 -54425
28 77 115265
29 78 -36953
30 79 123615
31 80 127776
32 81 -4488
33 82 -165483
34 83 137420
35 84 -51686
36 85 -36624
37 86 -74397
38 87 11112
39 88 -35031
40 89 5187
41 90 43927
42 91 125218
43 92 148037
44 93 26410
45 94 -66312
46 95 -70998
47 96 95744
48 97 -50114
49 98 4216
50 51 -165707
51 52 54265
52 53 96063
53 54 59893
54 55 70557
55 56 164424
56 50 124706
57 58 -82670
58 59 -20420
59 60 160499
60 61 -18569
61 62 -238879
62 63 100170
63 57 -100622
64 65 -81456
65 66 -35615
66 67 117937
67 68 -48330
68 69 -198241
69 70 16593
70 64 -39426
71 72 -144468
72 73 10798
73 74 13098
74 75 51429
75 76 -40561
76 77 50531
77 71 56923
78 79 -36162
79 80 84698
80 81 1321
81 82 -208049
82 83 1548
83 84 -90536
84 78 128335
85 86 160273
86 87 -143341
87 88 -51985
88 89 213696
89 90 -205681
90 91 87249
91 85 75293
92 93 -54184
93 94 186223
94 95 120770
95 96 4598
96 97 42733
97 98 -34033
98 92 -8654
50 57 35891
51 58 -67533
52 59 39257
53 60 68309
54 61 -93735
55 62 52467
56 63 -198891
57 64 14262
58 65 132189
59 66 46911
60 67 -107011
61 68 -27316
62 69 168428
63 70 -244492
64 71 -160775
65 72 -2275
66 73 22566
67 74 -22251
68 75 -88510
69 76 -97602
70 77 98880
71 78 -44195
72 79 210769
73 80 -130976
74 81 117794
75 82 97261
76 83 -80533
77 84 85405
78 85 -147775
79 86 24479
80 87 119468
81 88 -19277
82 89 -16545
83 90 74126
84 91 131402
85 92 -53878
86 93 50655
87 94 8770
88 95 -142087
89 96 209534
90 97 90549
91 98 -104218
92 50 75623
93 51 42852
94 52 133121
95 53 112622
96 54 41225
97 55 -36
98 56 -115487
50 99 53258
51 100 -111607
52 101 -119773
53 102 -113580
54 103 -8207
55 104 20072
56 105 77741
57 106 -113591
58 107 -149043
59 108 26214
60 109 274334
61 110 -34780
62 111 102385
63 112 7592
64 113 58780
65 114 129437
66 115 14895
67 116 70435
68 117 -52912
69 118 -121025
70 119 -1613
71 120 3852
72 121 36245
73 122 -84608
74 123 78657
75 124 -18562
76 125 -20430
77 126 110252
78 127 86955
79 128 -20503
80 129 7636
81 130 184718
82 131 129392
83 132 -71013
84 133 -27698
85 134 -747
86 135 -59295
87 136 60879
88 137 82681
89 138 114644
90 139 114709
91 140 -33456
92 141 35053
93 142 47541
94 143 -83655
95 144 -66760
96 145 -50205
97 146 -65304
98 147 58439
99 100 37846
100 101 -9246
101 102 -92663
102 103 35708
103 104 184995
104 105 33481
105 99 83746
106 107 -46244
107 108 64094
108 109 -277003
109 110 116920
110 111 -15728
111 112 -30563
112 106 175288
113 114 -109580
114 115 44855
115 116 460
116 117 31219
117 118 -52054
118 119 -10352
119 113 -87299
120 121 27846
121 122 109779
122 123 -21751
123 124 8236
124 125 -22751
125 126 -31459
126 120 -12752
127 128 125307
128 129 108857
129 130 -89837
130 131 238782
131 132 -29215
132 133 -10698
133 127 -121125
134 135 70212
135 136 -90991
136 137 66620
137 138 -27028
138 139 -5565
139 140 -97983
140 134 -131293
141 142 85939
142 143 -228167
143 144 -126419
144 145 -3676
145 146 53117
146 147 -16259
147 141 31183
99 106 -145800
100 107 -78329
101 108 -62203
102 109 182463
103 110 20008
104 111 56286
105 112 -60156
106 113 13733
107 114 7932
108 115 92321
109 116 5069
110 117 -65765
111 118 -8924
112 119 -142771
113 120 -16977
114 121 -167133
115 122 -26353
116 123 -43723
117 124 -186192
118 125 28244
119 126 -52745
120 127 102833
121 128 -159431
122 129 14800
123 130 27942
124 131 109277
125 132 44972
126 133 68009
127 134 89265
128 135 107024
129 136 71774
130 137 120632
131 138 -85010
132 139 -69019
133 140 116970
134 141 71880
135 142 -90641
136 143 -78070
137 144 -26847
138 145 -60436
139 146 -53074
140 147 -62082
141 99 -119564
142 100 -243277
143 101 39583
144 102 -78458
145 103 -107795
146 104 -76222
147 105 -11610
99 148 -23932
100 149 181859
101 150 125617
102 151 139258
103 152 184447
104 153 -79087
105 154 -92325
106 155 151994
107 156 -8156
108 157 -44618
109 158 -122172
110 159 -14393
111 160 38500
112 161 -38746
113 162 -53479
114 163 35830
115 164 127460
116 165 6532
117 166 -221928
118 167 -46300
119 168 66519
120 169 -44633
121 170 -58364
122 171 -14185
123 172 -77368
124 173 112434
125 174 150223
126 175 -77882
127 176 180344
128 177 44467
129 178 5972
130 179 101935
131 180 57341
132 181 -126733
133 182 79712
134 183 -26368
135 184 9617
136 185 -48646
137 186 -86355
138 187 -100647
139 188 66038
140 189 -19317
141 190 -31355
142 191 -50661
143 192 -81590
144 193 -87584
145 194 -69299
146 195 -23831
147 196 -4195
148 149 -32892
149 150 87435
150 151 303032
151 152 -17885
152 153 251653
153 154 -30302
154 148 48375
155 156 -37922
156 157 53809
157 158 55587
158 159 19110
159 160 137808
160 161 94391
161 155 -28900
162 163 72803
163 164 16856
164 165 -79111
165 166 -12366
166 167 -123225
167 168 101035
168 162 48648
169 170 -129704
170 171 114127
171 172 -27405
172 173 -113481
173 174 30350
174 175 21699
175 169 107602
176 177 -599
177 178 -55316
178 179 136499
179 180 -64399
180 181 95396
181 182 -123317
182 176 -71545
183 184 -34219
184 185 93137
185 186 14517
186 187 -57480
187 188 48273
188 189 -9278
189 183 -41307
190 191 99076
191 192 57486
192 193 198050
193 194 -203673
194 195 29756
195 196 -106550
196 190 -13315
148 155 -58552
149 156 -128266
150 157 -69530
151 158 64995
152 159 -51126
153 160 -55314
154 161 59095
155 162 -37676
156 163 -6988
157 164 33005
158 165 95773
159 166 -147264
160 167 -13008
161 168 -87503
162 169 -119986
163 170 -128387
164 171 224265
165 172 35837
166 173 -25238
167 174 18926
168 175 -69316
169 176 -142914
170 177 73196
171 178 76727
172 179 106005
173 180 211587
174 181 -178131
175 182 82053
176 183 -86092
177 184 -132675
178 185 -36120
179 186 -19083
180 187 50635
181 188 5717
182 189 225032
183 190 23626
184 191 130097
185 192 -24334
186 193 -70243
187 194 89587
188 195 17947
189 196 -100806
190 148 80439
191 149 250460
192 150 117528
193 151 -47697
194 152 -5072
195 153 69713
196 154 20239
148 197 226848
149 198 89743
150 199 104427
151 200 228505
152 201 -170033
153 202 66247
154 203 76076
155 204 -76726
156 205 47952
157 206 40484
158 207 45614
159 208 16320
160 209 33476
161 210 -141770
162 211 -204880
163 212 -79561
164 213 -87759
165 214 9711
166 215 78005
167 216 -112090
168 217 -134428
169 218 71703
170 219 -78756
171 220 68259
172 221 -57521
173 222 135078
174 223 -87749
175 224 -118788
176 225 82446
177 226 -24960
178 227 16321
179 228 -89445
180 229 -110845
181 230 62431
182 231 58924
183 232 3986
184 233 26998
185 234 128029
186 235 27382
187 236 97111
188 237 -128839
189 238 -25080
190 239 -93100
191 240 -44647
192 241 -150901
193 242 -51451
194 243 64151
195 244 -169993
196 245 -46870
197 198 -130053
198 199 69018
199 200 -258418
200 201 158158
201 202 -55359
202 203 13535
203 197 -44655
204 205 -53097
205 206 28476
206 207 119063
207 208 -93948
208 209 -77375
209 210 112446
210 204 -30628
211 212 -164023
212 213 51364
213 214 -163924
214 215 -101200
215 216 71666
216 217 -19530
217 211 -105363
218 219 -145113
219 220 33580
220 221 78944
221 222 -151085
222 223 -69101
223 224 -66442
224 218 44099
225 226 76863
226 227 45774
227 228 -44154
228 229 34777
229 230 -194374
230 231 49795
231 225 22786
232 233 -146862
233 234 7095
234 235 -146430
235 236 -128702
236 237 105955
237 238 -168970
238 232 50588
239 240 -77959
240 241 -32974
241 242 -187815
242 243 -23802
243 244 -168470
244 245 15808
245 239 -28195
197 204 178105
198 205 -6931
199 206 -114019
200 207 3937
201 208 186508
202 209 -31502
203 210 11087
204 211 49907
205 212 -38299
206 213 64118
207 214 -2180
208 215 33245
209 216 128054
210 217 62316
211 218 -110517
212 219 106838
213 220 -106137
214 221 -1331
215 222 91442
216 223 4155
217 224 47939
218 225 59807
219 226 -12517
220 227 171321
221 228 -8233
222 229 184394
223 230 -17253
224 231 -112446
225 232 84033
226 233 141612
227 234 -38099
228 235 -38964
229 236 -57753
230 237 99796
231 238 -126563
232 239 -59553
233 240 -88604
234 241 -232309
235 242 10342
236 243 3063
237 244 -139376
238 245 -4691
239 197 -3516
240 198 123885
241 199 152909
242 200 -6066
243 201 203159
244 202 -42765
245 203 -32053
197 246 105
198 247 -147155
199 248 97370
200 249 -87824
201 250 -24907
202 251 80001
203 252 -31351
204 253 -193696
205 254 111559
206 255 -199850
207 256 43414
208 257 -28130
209 258 136765
210 259 187583
211 260 -56238
212 261 -76897
213 262 1468
214 263 -35923
215 264 -45647
216 265 -14665
217 266 -21747
218 267 80402
219 268 -29038
220 269 140663
221 270 -24407
222 271 31908
223 272 -2749
224 273 50053
225 274 53093
226 275 60381
227 276 126632
228 277 -125487
229 278 60716
230 279 308059
231 280 -26545
232 281 -11335
233 282 97024
234 283 -51892
235 284 45540
236 285 140714
237 286 91406
238 287 -76264
239 288 -152041
240 289 87246
241 290 90208
242 291 25746
243 292 -138460
244 293 119333
245 294 -90686
246 247 -10279
247 248 159505
248 249 -140784
249 250 76275
250 251 8257
251 252 -45683
252 246 -19109
253 254 2557
254 255 -49689
255 256 -78261
256 257 -102376
257 258 -101993
258 259 60907
259 253 -101056
260 261 -214
261 262 -55221
262 263 235211
263 264 -2645
264 265 78287
265 266 93680
266 260 290339
267 268 -195863
268 269 79128
269 270 -57389
270 271 41812
271 272 60229
272 273 147993
273 267 -23664
274 275 -70432
275 276 -39292
276 277 4964
277 278 28387
278 279 41157
279 280 160966
280 274 3836
281 282 -149653
282 283 8208
283 284 263425
284 285 -38402
285 286 84859
286 287 514
287 281 -77959
288 289 -15008
289 290 46995
290 291 -176123
291 292 53508
292 293 -72942
293 294 -112993
294 288 -23802
246 253 -124154
247 254 70459
248 255 128828
249 256 92227
250 257 110231
251 258 -183912
252 259 193215
253 260 -14147
254 261 -49605
255 262 35903
256 263 -8385
257 264 141494
258 265 145457
259 266 -70355
260 267 173290
261 268 76561
262 269 -29936
263 270 -39589
264 271 -4861
265 272 -125876
266 273 51441
267 274 2882
268 275 110706
269 276 21736
270 277 -36596
271 278 -32060
272 279 -80035
273 280 8118
274 281 -162107
275 282 41302
276 283 -74879
277 284 83749
278 285 -3291
279 286 -207047
280 287 65622
281 288 -173184
282 289 -32382
283 290 -64781
284 291 132799
285 292 -67732
286 293 -106176
287 294 68801
288 246 122995
289 247 46421
290 248 20614
291 249 -58278
292 250 159980
293 251 -19954
294 252 13556
246 295 163536
247 296 100276
248 297 -12470
249 298 -30213
250 299 25382
251 300 -180071
252 301 135268
253 302 -50104
254 303 131772
255 304 -11624
256 305 45674
257 306 -77886
258 307 42883
259 308 -64783
260 309 -191978
261 310 -71216
262 311 -18390
263 312 125024
264 313 69860
265 314 -68473
266 315 8779
267 316 -23311
268 317 -31635
269 318 14120
270 319 -35521
271 320 159445
272 321 106971
273 322 48848
274 323 33687
275 324 -136101
276 325 108085
277 326 34174
278 327 26764
279 328 165832
280 329 -66195
281 330 -99058
282 331 93656
283 332 -105544
284 333 77382
285 334 122306
286 335 -67636
287 336 -905
288 337 114087
289 338 -56912
290 339 -68352
291 340 -13425
292 341 -27786
293 342 30185
294 343 -121773
295 296 -35309
296 297 -11983
297 298 -155742
298 299 -65434
299 300 -26184
300 301 4619
301 295 176747
302 303 -209280
303 304 3427
304 305 -112636
305 306 33272
306 307 69915
307 308 -24018
308 302 -231037
309 310 -39926
310 311 39401
311 312 79799
312 313 -38835
313 314 -35658
314 315 4199
315 309 -189896
316 317 -65443
317 318 -89956
318 319 61893
319 320 -65986
320 321 -154664
321 322 -13195
322 316 -122322
323 324 532
324 325 -128922
325 326 41398
326 327 -14662
327 328 -108092
328 329 -55313
329 323 56026
330 331 45951
331 332 60223
332 333 -17009
333 334 95334
334 335 12793
335 336 114255
336 330 21954
337 338 55211
338 339 -60194
339 340 113252
340 341 189727
341 342 106005
342 343 122272
343 337 -42947
295 302 104561
296 303 19935
297 304 -78679
298 305 26112
299 306 70717
300 307 70275
301 308 90076
302 309 84601
303 310 -36434
304 311 -263337
305 312 -140490
306 313 -46954
307 314 4988
308 315 3396
309 316 -9674
310 317 83383
311 318 157234
312 319 61595
313 320 -48329
314 321 -69178
315 322 50396
316 323 -7968
317 324 -127979
318 325 -105022
319 326 -17591
320 327 239272
321 328 66851
322 329 7429
323 330 -54627
324 331 -40321
325 332 -61105
326 333 25344
327 334 -28326
328 335 -247395
329 336 -55820
330 337 118853
331 338 -180219
332 339 -121107
333 340 153133
334 341 23046
335 342 46643
336 343 11612
337 295 89634
338 296 85198
339 297 1116
340 298 -43977
341 299 28160
342 300 -136320
343 301 -2338
295 1 -190336
296 2 -60940
297 3 79605
298 4 139145
299 5 -59031
300 6 1774
301 7 134528
302 8 -118332
303 9 75566
304 10 -69825
305 11 128855
306 12 89671
307 13 -84777
308 14 -77107
309 15 79327
310 16 110245
311 17 73921
312 18 -77208
313 19 125081
314 20 65446
315 21 137701
316 22 80534
317 23 -156215
318 24 -30621
319 25 234426
320 26 -33466
321 27 -11859
322 28 -294541
323 29 -22920
324 30 -101088
325 31 221873
326 32 24461
327 33 -61657
328 34 -24209
329 35 -47987
330 36 -20741
331 37 60170
332 38 61800
333 39 -157012
334 40 151364
335 41 -157152
336 42 -153796
337 43 73915
338 44 -176754
339 45 -51345
340 46 45270
341 47 -187485
342 48 -110441
343 49 -53902
