429 429 4121
0 0 1.8
0 14 -0.6000000000000001
0 15 -0.6000000000000001
0 16 -0.6000000000000001
0 142 -0.6000000000000001
0 143 -1.2
0 144 -2.4
0 145 -4.800000000000001
0 428 9.0
1 1 72.0
1 22 -1.6
1 23 -1.6
1 24 -1.6
1 25 -1.6
1 26 -1.6
1 27 -1.6
1 28 -1.6
1 29 -1.6
1 146 -1.6
1 147 -3.2
1 148 -6.4
1 149 -12.8
1 220 2.0
1 221 4.000000000000001
1 222 8.000000000000002
1 223 10.0
1 239 2.4
1 240 4.800000000000001
1 241 9.600000000000001
1 242 19.2
1 243 38.40000000000001
1 244 76.80000000000001
1 245 112.8
1 337 0.4
1 338 0.8
1 339 1.6
1 340 3.2
1 341 6.4
1 342 12.8
1 343 25.6
1 428 -423.5999999999999
2 2 1.8
2 30 -0.6000000000000001
2 31 -0.6000000000000001
2 32 -0.6000000000000001
2 150 -0.6000000000000001
2 151 -1.2
2 152 -2.4
2 153 -4.800000000000001
2 428 9.0
3 3 46.00000000000001
3 38 -1.4
3 39 -1.4
3 40 -1.4
3 41 -1.4
3 42 -1.4
3 43 -1.4
3 44 -1.4
3 154 -1.4
3 155 -2.8
3 156 -5.600000000000001
3 157 -11.2
3 220 2.0
3 221 4.0
3 222 8.0
3 223 10.0
3 253 1.9
3 254 3.8
3 255 7.600000000000001
3 256 15.2
3 257 30.4
3 258 60.8
3 259 89.30000000000001
3 351 -0.1
3 352 -0.2
3 353 -0.4
3 354 -0.8
3 355 -1.6
3 356 -3.2
3 357 -6.4
3 428 -273.6
4 4 1.8
4 46 -0.6000000000000001
4 47 -0.6000000000000001
4 48 -0.6000000000000001
4 158 -0.6000000000000001
4 159 -1.2
4 160 -2.4
4 161 -4.800000000000001
4 428 9.0
5 5 34.40000000000001
5 54 -1.2
5 55 -1.2
5 56 -1.2
5 57 -1.2
5 58 -1.2
5 59 -1.2
5 162 -1.2
5 163 -2.4
5 164 -4.800000000000001
5 165 -9.600000000000001
5 220 2.0
5 221 4.0
5 222 8.0
5 223 10.0
5 267 1.6
5 268 3.2
5 269 6.4
5 270 12.8
5 271 25.6
5 272 51.2
5 273 75.2
5 365 -0.4
5 366 -0.8
5 367 -1.6
5 368 -3.2
5 369 -6.4
5 370 -12.8
5 371 -25.6
5 428 -192.0
6 6 3.2
6 62 -0.8
6 63 -0.8
6 64 -0.8
6 65 -0.8
6 166 -0.8
6 167 -1.6
6 168 -3.2
6 169 -6.4
6 428 12.0
7 7 23.2
7 70 -0.8
7 71 -0.8
7 72 -0.8
7 73 -0.8
7 170 -0.8
7 171 -1.6
7 172 -3.2
7 173 -6.4
7 220 2.0
7 221 4.0
7 222 8.0
7 223 10.0
7 281 1.0
7 282 2.0
7 283 4.0
7 284 8.0
7 285 16.0
7 286 32.0
7 287 47.0
7 379 -1.0
7 380 -2.0
7 381 -4.0
7 382 -8.0
7 383 -16.0
7 384 -32.0
7 385 -64.0
7 428 -45.00000000000001
8 8 5.0
8 78 -1.0
8 79 -1.0
8 80 -1.0
8 81 -1.0
8 82 -1.0
8 174 -1.0
8 175 -2.0
8 176 -4.0
8 177 -8.0
8 428 15.0
9 9 27.4
9 86 -1.2
9 87 -1.2
9 88 -1.2
9 89 -1.2
9 90 -1.2
9 91 -1.2
9 178 -1.2
9 179 -2.4
9 180 -4.800000000000001
9 181 -9.600000000000001
9 220 2.0
9 221 4.0
9 222 8.0
9 223 10.0
9 295 1.1
9 296 2.2
9 297 4.4
9 298 8.8
9 299 17.6
9 300 35.2
9 301 51.7
9 393 -0.9
9 394 -1.8
9 395 -3.6
9 396 -7.2
9 397 -14.4
9 398 -28.8
9 399 -57.6
9 428 -62.99999999999997
10 10 57.00000000000001
10 94 -1.6
10 95 -1.6
10 96 -1.6
10 97 -1.6
10 98 -1.6
10 99 -1.6
10 100 -1.6
10 101 -1.6
10 182 -1.6
10 183 -3.2
10 184 -6.4
10 185 -12.8
10 224 2.0
10 225 4.0
10 226 8.0
10 227 10.0
10 302 2.1
10 303 4.2
10 304 8.4
10 305 16.8
10 306 33.6
10 307 67.2
10 308 98.7
10 400 0.1
10 401 0.2
10 402 0.4
10 403 0.8
10 404 1.6
10 405 3.2
10 406 6.4
10 428 -330.0
11 11 7.2
11 102 -1.2
11 103 -1.2
11 104 -1.2
11 105 -1.2
11 106 -1.2
11 107 -1.2
11 186 -1.2
11 187 -2.4
11 188 -4.800000000000001
11 189 -9.600000000000001
11 428 18.0
12 12 84.0
12 110 -1.6
12 111 -1.6
12 112 -1.6
12 113 -1.6
12 114 -1.6
12 115 -1.6
12 116 -1.6
12 117 -1.6
12 190 -1.6
12 191 -3.2
12 192 -6.4
12 193 -12.8
12 224 2.0
12 225 4.0
12 226 8.0
12 227 10.0
12 316 2.6
12 317 5.2
12 318 10.4
12 319 20.8
12 320 41.6
12 321 83.2
12 322 122.2
12 414 0.6000000000000001
12 415 1.2
12 416 2.4
12 417 4.800000000000001
12 418 9.600000000000001
12 419 19.2
12 420 38.40000000000001
12 428 -489.0000000000001
13 13 7.2
13 118 -1.2
13 119 -1.2
13 120 -1.2
13 121 -1.2
13 122 -1.2
13 123 -1.2
13 194 -1.2
13 195 -2.4
13 196 -4.800000000000001
13 197 -9.600000000000001
13 428 18.0
14 14 0.21
14 15 0.22
14 16 0.23
14 30 0.01
14 31 0.02
14 32 0.04
14 46 0.01
14 47 0.02
14 48 0.04
14 62 0.01
14 63 0.02
14 64 0.04
14 65 0.05
14 78 0.01
14 79 0.02
14 80 0.04
14 81 0.08
14 82 0.15
14 94 0.01
14 95 0.02
14 96 0.04
14 97 0.08
14 98 0.16
14 99 0.32
14 100 0.64
14 101 0.73
14 110 0.01
14 111 0.02
14 112 0.04
14 113 0.08
14 114 0.16
14 115 0.32
14 116 0.64
14 117 0.73
14 142 0.2
14 143 0.4
14 144 0.8
14 145 1.6
14 198 0.01
14 199 0.02
14 200 0.04
14 201 0.08
14 202 0.16
14 203 0.32
14 204 0.64
14 205 1.28
14 206 2.56
14 428 -13.15692480055646
15 15 0.24
15 16 0.26
15 30 0.02
15 31 0.04
15 32 0.08
15 46 0.02
15 47 0.04
15 48 0.08
15 62 0.02
15 63 0.04
15 64 0.08
15 65 0.1
15 78 0.02
15 79 0.04
15 80 0.08
15 81 0.16
15 82 0.3
15 94 0.02
15 95 0.04
15 96 0.08
15 97 0.16
15 98 0.32
15 99 0.64
15 100 1.28
15 101 1.46
15 110 0.02
15 111 0.04
15 112 0.08
15 113 0.16
15 114 0.32
15 115 0.64
15 116 1.28
15 117 1.46
15 142 0.2
15 143 0.4
15 144 0.8
15 145 1.6
15 198 0.02
15 199 0.04
15 200 0.08
15 201 0.16
15 202 0.32
15 203 0.64
15 204 1.28
15 205 2.56
15 206 5.12
15 428 -23.31384960111293
16 16 0.29
16 30 0.03
16 31 0.06
16 32 0.12
16 46 0.03
16 47 0.06
16 48 0.12
16 62 0.03
16 63 0.06
16 64 0.12
16 65 0.15
16 78 0.03
16 79 0.06
16 80 0.12
16 81 0.24
16 82 0.45
16 94 0.03
16 95 0.06
16 96 0.12
16 97 0.24
16 98 0.48
16 99 0.96
16 100 1.92
16 101 2.19
16 110 0.03
16 111 0.06
16 112 0.12
16 113 0.24
16 114 0.48
16 115 0.96
16 116 1.92
16 117 2.19
16 142 0.2
16 143 0.4
16 144 0.8
16 145 1.6
16 198 0.03
16 199 0.06
16 200 0.12
16 201 0.24
16 202 0.48
16 203 0.96
16 204 1.92
16 205 3.84
16 206 7.68
16 428 -33.4707744016694
22 22 0.21
22 23 0.22
22 24 0.24
22 25 0.28
22 26 0.36
22 27 0.52
22 28 0.8400000000000001
22 29 0.9299999999999999
22 38 0.01
22 39 0.02
22 40 0.04
22 41 0.08
22 42 0.16
22 43 0.32
22 44 0.07
22 54 0.01
22 55 0.02
22 56 0.04
22 57 0.08
22 58 0.16
22 59 0.06
22 70 0.01
22 71 0.02
22 72 0.04
22 73 0.07
22 86 0.01
22 87 0.02
22 88 0.04
22 89 0.08
22 90 0.16
22 91 0.06
22 102 0.01
22 103 0.02
22 104 0.04
22 105 0.08
22 106 0.16
22 107 0.15
22 118 0.01
22 119 0.02
22 120 0.04
22 121 0.08
22 122 0.16
22 123 0.15
22 146 0.2
22 147 0.4
22 148 0.8
22 149 1.6
22 207 0.01
22 208 0.02
22 209 0.04
22 210 0.08
22 211 0.16
22 212 0.32
22 213 0.64
22 214 1.28
22 215 2.56
22 428 -13.01066731646085
23 23 0.24
23 24 0.28
23 25 0.36
23 26 0.52
23 27 0.8400000000000001
23 28 1.48
23 29 1.66
23 38 0.02
23 39 0.04
23 40 0.08
23 41 0.16
23 42 0.32
23 43 0.64
23 44 0.14
23 54 0.02
23 55 0.04
23 56 0.08
23 57 0.16
23 58 0.32
23 59 0.12
23 70 0.02
23 71 0.04
23 72 0.08
23 73 0.14
23 86 0.02
23 87 0.04
23 88 0.08
23 89 0.16
23 90 0.32
23 91 0.12
23 102 0.02
23 103 0.04
23 104 0.08
23 105 0.16
23 106 0.32
23 107 0.3
23 118 0.02
23 119 0.04
23 120 0.08
23 121 0.16
23 122 0.32
23 123 0.3
23 146 0.2
23 147 0.4
23 148 0.8
23 149 1.6
23 207 0.02
23 208 0.04
23 209 0.08
23 210 0.16
23 211 0.32
23 212 0.64
23 213 1.28
23 214 2.56
23 215 5.12
23 428 -23.02133463292171
24 24 0.36
24 25 0.52
24 26 0.8400000000000001
24 27 1.48
24 28 2.76
24 29 3.12
24 38 0.04
24 39 0.08
24 40 0.16
24 41 0.32
24 42 0.64
24 43 1.28
24 44 0.28
24 54 0.04
24 55 0.08
24 56 0.16
24 57 0.32
24 58 0.64
24 59 0.24
24 70 0.04
24 71 0.08
24 72 0.16
24 73 0.28
24 86 0.04
24 87 0.08
24 88 0.16
24 89 0.32
24 90 0.64
24 91 0.24
24 102 0.04
24 103 0.08
24 104 0.16
24 105 0.32
24 106 0.64
24 107 0.6
24 118 0.04
24 119 0.08
24 120 0.16
24 121 0.32
24 122 0.64
24 123 0.6
24 146 0.2
24 147 0.4
24 148 0.8
24 149 1.6
24 207 0.04
24 208 0.08
24 209 0.16
24 210 0.32
24 211 0.64
24 212 1.28
24 213 2.56
24 214 5.12
24 215 10.24
24 428 -43.04266926584343
25 25 0.8400000000000001
25 26 1.48
25 27 2.76
25 28 5.32
25 29 6.04
25 38 0.08
25 39 0.16
25 40 0.32
25 41 0.64
25 42 1.28
25 43 2.56
25 44 0.56
25 54 0.08
25 55 0.16
25 56 0.32
25 57 0.64
25 58 1.28
25 59 0.48
25 70 0.08
25 71 0.16
25 72 0.32
25 73 0.56
25 86 0.08
25 87 0.16
25 88 0.32
25 89 0.64
25 90 1.28
25 91 0.48
25 102 0.08
25 103 0.16
25 104 0.32
25 105 0.64
25 106 1.28
25 107 1.2
25 118 0.08
25 119 0.16
25 120 0.32
25 121 0.64
25 122 1.28
25 123 1.2
25 146 0.2
25 147 0.4
25 148 0.8
25 149 1.6
25 207 0.08
25 208 0.16
25 209 0.32
25 210 0.64
25 211 1.28
25 212 2.56
25 213 5.12
25 214 10.24
25 215 20.48
25 428 -83.08533853168687
26 26 2.76
26 27 5.32
26 28 10.44
26 29 11.88
26 38 0.16
26 39 0.32
26 40 0.64
26 41 1.28
26 42 2.56
26 43 5.12
26 44 1.12
26 54 0.16
26 55 0.32
26 56 0.64
26 57 1.28
26 58 2.56
26 59 0.96
26 70 0.16
26 71 0.32
26 72 0.64
26 73 1.12
26 86 0.16
26 87 0.32
26 88 0.64
26 89 1.28
26 90 2.56
26 91 0.96
26 102 0.16
26 103 0.32
26 104 0.64
26 105 1.28
26 106 2.56
26 107 2.4
26 118 0.16
26 119 0.32
26 120 0.64
26 121 1.28
26 122 2.56
26 123 2.4
26 146 0.2
26 147 0.4
26 148 0.8
26 149 1.6
26 207 0.16
26 208 0.32
26 209 0.64
26 210 1.28
26 211 2.56
26 212 5.12
26 213 10.24
26 214 20.48
26 215 40.96
26 428 -163.1706770633737
27 27 10.44
27 28 20.68
27 29 23.56
27 38 0.32
27 39 0.64
27 40 1.28
27 41 2.56
27 42 5.12
27 43 10.24
27 44 2.24
27 54 0.32
27 55 0.64
27 56 1.28
27 57 2.56
27 58 5.12
27 59 1.92
27 70 0.32
27 71 0.64
27 72 1.28
27 73 2.24
27 86 0.32
27 87 0.64
27 88 1.28
27 89 2.56
27 90 5.12
27 91 1.92
27 102 0.32
27 103 0.64
27 104 1.28
27 105 2.56
27 106 5.12
27 107 4.8
27 118 0.32
27 119 0.64
27 120 1.28
27 121 2.56
27 122 5.12
27 123 4.8
27 146 0.2
27 147 0.4
27 148 0.8
27 149 1.6
27 207 0.32
27 208 0.64
27 209 1.28
27 210 2.56
27 211 5.12
27 212 10.24
27 213 20.48
27 214 40.96
27 215 81.92
27 428 -323.3413541267474
28 28 41.16
28 29 46.92
28 38 0.64
28 39 1.28
28 40 2.56
28 41 5.12
28 42 10.24
28 43 20.48
28 44 4.48
28 54 0.64
28 55 1.28
28 56 2.56
28 57 5.12
28 58 10.24
28 59 3.84
28 70 0.64
28 71 1.28
28 72 2.56
28 73 4.48
28 86 0.64
28 87 1.28
28 88 2.56
28 89 5.12
28 90 10.24
28 91 3.84
28 102 0.64
28 103 1.28
28 104 2.56
28 105 5.12
28 106 10.24
28 107 9.6
28 118 0.64
28 119 1.28
28 120 2.56
28 121 5.12
28 122 10.24
28 123 9.6
28 146 0.2
28 147 0.4
28 148 0.8
28 149 1.6
28 207 0.64
28 208 1.28
28 209 2.56
28 210 5.12
28 211 10.24
28 212 20.48
28 213 40.96
28 214 81.92
28 215 163.84
28 428 -643.6827082534948
29 29 53.49
29 38 0.73
29 39 1.46
29 40 2.92
29 41 5.84
29 42 11.68
29 43 23.36
29 44 5.11
29 54 0.73
29 55 1.46
29 56 2.92
29 57 5.84
29 58 11.68
29 59 4.38
29 70 0.73
29 71 1.46
29 72 2.92
29 73 5.11
29 86 0.73
29 87 1.46
29 88 2.92
29 89 5.84
29 90 11.68
29 91 4.38
29 102 0.73
29 103 1.46
29 104 2.92
29 105 5.84
29 106 11.68
29 107 10.95
29 118 0.73
29 119 1.46
29 120 2.92
29 121 5.84
29 122 11.68
29 123 10.95
29 146 0.2
29 147 0.4
29 148 0.8
29 149 1.6
29 207 0.73
29 208 1.46
29 209 2.92
29 210 5.84
29 211 11.68
29 212 23.36
29 213 46.72
29 214 93.44
29 215 186.88
29 428 -733.7787141016431
30 30 0.21
30 31 0.22
30 32 0.24
30 46 0.01
30 47 0.02
30 48 0.04
30 62 0.01
30 63 0.02
30 64 0.04
30 65 0.05
30 78 0.01
30 79 0.02
30 80 0.04
30 81 0.08
30 82 0.15
30 94 0.01
30 95 0.02
30 96 0.04
30 97 0.08
30 98 0.16
30 99 0.32
30 100 0.64
30 101 0.73
30 110 0.01
30 111 0.02
30 112 0.04
30 113 0.08
30 114 0.16
30 115 0.32
30 116 0.64
30 117 0.73
30 150 0.2
30 151 0.4
30 152 0.8
30 153 1.6
30 198 0.01
30 199 0.02
30 200 0.04
30 201 0.08
30 202 0.16
30 203 0.32
30 204 0.64
30 205 1.28
30 206 2.56
30 428 -13.1535141378444
31 31 0.24
31 32 0.28
31 46 0.02
31 47 0.04
31 48 0.08
31 62 0.02
31 63 0.04
31 64 0.08
31 65 0.1
31 78 0.02
31 79 0.04
31 80 0.08
31 81 0.16
31 82 0.3
31 94 0.02
31 95 0.04
31 96 0.08
31 97 0.16
31 98 0.32
31 99 0.64
31 100 1.28
31 101 1.46
31 110 0.02
31 111 0.04
31 112 0.08
31 113 0.16
31 114 0.32
31 115 0.64
31 116 1.28
31 117 1.46
31 150 0.2
31 151 0.4
31 152 0.8
31 153 1.6
31 198 0.02
31 199 0.04
31 200 0.08
31 201 0.16
31 202 0.32
31 203 0.64
31 204 1.28
31 205 2.56
31 206 5.12
31 428 -23.30702827568879
32 32 0.36
32 46 0.04
32 47 0.08
32 48 0.16
32 62 0.04
32 63 0.08
32 64 0.16
32 65 0.2
32 78 0.04
32 79 0.08
32 80 0.16
32 81 0.32
32 82 0.6
32 94 0.04
32 95 0.08
32 96 0.16
32 97 0.32
32 98 0.64
32 99 1.28
32 100 2.56
32 101 2.92
32 110 0.04
32 111 0.08
32 112 0.16
32 113 0.32
32 114 0.64
32 115 1.28
32 116 2.56
32 117 2.92
32 150 0.2
32 151 0.4
32 152 0.8
32 153 1.6
32 198 0.04
32 199 0.08
32 200 0.16
32 201 0.32
32 202 0.64
32 203 1.28
32 204 2.56
32 205 5.12
32 206 10.24
32 428 -43.61405655137759
38 38 0.21
38 39 0.22
38 40 0.24
38 41 0.28
38 42 0.36
38 43 0.52
38 44 0.27
38 54 0.01
38 55 0.02
38 56 0.04
38 57 0.08
38 58 0.16
38 59 0.06
38 70 0.01
38 71 0.02
38 72 0.04
38 73 0.07
38 86 0.01
38 87 0.02
38 88 0.04
38 89 0.08
38 90 0.16
38 91 0.06
38 102 0.01
38 103 0.02
38 104 0.04
38 105 0.08
38 106 0.16
38 107 0.15
38 118 0.01
38 119 0.02
38 120 0.04
38 121 0.08
38 122 0.16
38 123 0.15
38 154 0.2
38 155 0.4
38 156 0.8
38 157 1.6
38 207 0.01
38 208 0.02
38 209 0.04
38 210 0.08
38 211 0.16
38 212 0.32
38 213 0.64
38 214 1.28
38 215 2.56
38 428 -13.01204290949571
39 39 0.24
39 40 0.28
39 41 0.36
39 42 0.52
39 43 0.8400000000000001
39 44 0.34
39 54 0.02
39 55 0.04
39 56 0.08
39 57 0.16
39 58 0.32
39 59 0.12
39 70 0.02
39 71 0.04
39 72 0.08
39 73 0.14
39 86 0.02
39 87 0.04
39 88 0.08
39 89 0.16
39 90 0.32
39 91 0.12
39 102 0.02
39 103 0.04
39 104 0.08
39 105 0.16
39 106 0.32
39 107 0.3
39 118 0.02
39 119 0.04
39 120 0.08
39 121 0.16
39 122 0.32
39 123 0.3
39 154 0.2
39 155 0.4
39 156 0.8
39 157 1.6
39 207 0.02
39 208 0.04
39 209 0.08
39 210 0.16
39 211 0.32
39 212 0.64
39 213 1.28
39 214 2.56
39 215 5.12
39 428 -23.02408581899142
40 40 0.36
40 41 0.52
40 42 0.8400000000000001
40 43 1.48
40 44 0.48
40 54 0.04
40 55 0.08
40 56 0.16
40 57 0.32
40 58 0.64
40 59 0.24
40 70 0.04
40 71 0.08
40 72 0.16
40 73 0.28
40 86 0.04
40 87 0.08
40 88 0.16
40 89 0.32
40 90 0.64
40 91 0.24
40 102 0.04
40 103 0.08
40 104 0.16
40 105 0.32
40 106 0.64
40 107 0.6
40 118 0.04
40 119 0.08
40 120 0.16
40 121 0.32
40 122 0.64
40 123 0.6
40 154 0.2
40 155 0.4
40 156 0.8
40 157 1.6
40 207 0.04
40 208 0.08
40 209 0.16
40 210 0.32
40 211 0.64
40 212 1.28
40 213 2.56
40 214 5.12
40 215 10.24
40 428 -43.04817163798284
41 41 0.8400000000000001
41 42 1.48
41 43 2.76
41 44 0.76
41 54 0.08
41 55 0.16
41 56 0.32
41 57 0.64
41 58 1.28
41 59 0.48
41 70 0.08
41 71 0.16
41 72 0.32
41 73 0.56
41 86 0.08
41 87 0.16
41 88 0.32
41 89 0.64
41 90 1.28
41 91 0.48
41 102 0.08
41 103 0.16
41 104 0.32
41 105 0.64
41 106 1.28
41 107 1.2
41 118 0.08
41 119 0.16
41 120 0.32
41 121 0.64
41 122 1.28
41 123 1.2
41 154 0.2
41 155 0.4
41 156 0.8
41 157 1.6
41 207 0.08
41 208 0.16
41 209 0.32
41 210 0.64
41 211 1.28
41 212 2.56
41 213 5.12
41 214 10.24
41 215 20.48
41 428 -83.09634327596568
42 42 2.76
42 43 5.32
42 44 1.32
42 54 0.16
42 55 0.32
42 56 0.64
42 57 1.28
42 58 2.56
42 59 0.96
42 70 0.16
42 71 0.32
42 72 0.64
42 73 1.12
42 86 0.16
42 87 0.32
42 88 0.64
42 89 1.28
42 90 2.56
42 91 0.96
42 102 0.16
42 103 0.32
42 104 0.64
42 105 1.28
42 106 2.56
42 107 2.4
42 118 0.16
42 119 0.32
42 120 0.64
42 121 1.28
42 122 2.56
42 123 2.4
42 154 0.2
42 155 0.4
42 156 0.8
42 157 1.6
42 207 0.16
42 208 0.32
42 209 0.64
42 210 1.28
42 211 2.56
42 212 5.12
42 213 10.24
42 214 20.48
42 215 40.96
42 428 -163.1926865519314
43 43 10.44
43 44 2.44
43 54 0.32
43 55 0.64
43 56 1.28
43 57 2.56
43 58 5.12
43 59 1.92
43 70 0.32
43 71 0.64
43 72 1.28
43 73 2.24
43 86 0.32
43 87 0.64
43 88 1.28
43 89 2.56
43 90 5.12
43 91 1.92
43 102 0.32
43 103 0.64
43 104 1.28
43 105 2.56
43 106 5.12
43 107 4.8
43 118 0.32
43 119 0.64
43 120 1.28
43 121 2.56
43 122 5.12
43 123 4.8
43 154 0.2
43 155 0.4
43 156 0.8
43 157 1.6
43 207 0.32
43 208 0.64
43 209 1.28
43 210 2.56
43 211 5.12
43 212 10.24
43 213 20.48
43 214 40.96
43 215 81.92
43 428 -323.3853731038627
44 44 0.69
44 54 0.07
44 55 0.14
44 56 0.28
44 57 0.56
44 58 1.12
44 59 0.42
44 70 0.07
44 71 0.14
44 72 0.28
44 73 0.49
44 86 0.07
44 87 0.14
44 88 0.28
44 89 0.56
44 90 1.12
44 91 0.42
44 102 0.07
44 103 0.14
44 104 0.28
44 105 0.56
44 106 1.12
44 107 1.05
44 118 0.07
44 119 0.14
44 120 0.28
44 121 0.56
44 122 1.12
44 123 1.05
44 154 0.2
44 155 0.4
44 156 0.8
44 157 1.6
44 207 0.07
44 208 0.14
44 209 0.28
44 210 0.56
44 211 1.12
44 212 2.24
44 213 4.48
44 214 8.96
44 215 17.92
44 428 -73.08430036646999
46 46 0.21
46 47 0.22
46 48 0.24
46 62 0.01
46 63 0.02
46 64 0.04
46 65 0.05
46 78 0.01
46 79 0.02
46 80 0.04
46 81 0.08
46 82 0.15
46 94 0.01
46 95 0.02
46 96 0.04
46 97 0.08
46 98 0.16
46 99 0.32
46 100 0.64
46 101 0.73
46 110 0.01
46 111 0.02
46 112 0.04
46 113 0.08
46 114 0.16
46 115 0.32
46 116 0.64
46 117 0.73
46 158 0.2
46 159 0.4
46 160 0.8
46 161 1.6
46 198 0.01
46 199 0.02
46 200 0.04
46 201 0.08
46 202 0.16
46 203 0.32
46 204 0.64
46 205 1.28
46 206 2.56
46 428 -13.1535141378444
47 47 0.24
47 48 0.28
47 62 0.02
47 63 0.04
47 64 0.08
47 65 0.1
47 78 0.02
47 79 0.04
47 80 0.08
47 81 0.16
47 82 0.3
47 94 0.02
47 95 0.04
47 96 0.08
47 97 0.16
47 98 0.32
47 99 0.64
47 100 1.28
47 101 1.46
47 110 0.02
47 111 0.04
47 112 0.08
47 113 0.16
47 114 0.32
47 115 0.64
47 116 1.28
47 117 1.46
47 158 0.2
47 159 0.4
47 160 0.8
47 161 1.6
47 198 0.02
47 199 0.04
47 200 0.08
47 201 0.16
47 202 0.32
47 203 0.64
47 204 1.28
47 205 2.56
47 206 5.12
47 428 -23.3070282756888
48 48 0.36
48 62 0.04
48 63 0.08
48 64 0.16
48 65 0.2
48 78 0.04
48 79 0.08
48 80 0.16
48 81 0.32
48 82 0.6
48 94 0.04
48 95 0.08
48 96 0.16
48 97 0.32
48 98 0.64
48 99 1.28
48 100 2.56
48 101 2.92
48 110 0.04
48 111 0.08
48 112 0.16
48 113 0.32
48 114 0.64
48 115 1.28
48 116 2.56
48 117 2.92
48 158 0.2
48 159 0.4
48 160 0.8
48 161 1.6
48 198 0.04
48 199 0.08
48 200 0.16
48 201 0.32
48 202 0.64
48 203 1.28
48 204 2.56
48 205 5.12
48 206 10.24
48 428 -43.61405655137759
54 54 0.21
54 55 0.22
54 56 0.24
54 57 0.28
54 58 0.36
54 59 0.26
54 70 0.01
54 71 0.02
54 72 0.04
54 73 0.07
54 86 0.01
54 87 0.02
54 88 0.04
54 89 0.08
54 90 0.16
54 91 0.06
54 102 0.01
54 103 0.02
54 104 0.04
54 105 0.08
54 106 0.16
54 107 0.15
54 118 0.01
54 119 0.02
54 120 0.04
54 121 0.08
54 122 0.16
54 123 0.15
54 162 0.2
54 163 0.4
54 164 0.8
54 165 1.6
54 207 0.01
54 208 0.02
54 209 0.04
54 210 0.08
54 211 0.16
54 212 0.32
54 213 0.64
54 214 1.28
54 215 2.56
54 428 -13.01389947564895
55 55 0.24
55 56 0.28
55 57 0.36
55 58 0.52
55 59 0.32
55 70 0.02
55 71 0.04
55 72 0.08
55 73 0.14
55 86 0.02
55 87 0.04
55 88 0.08
55 89 0.16
55 90 0.32
55 91 0.12
55 102 0.02
55 103 0.04
55 104 0.08
55 105 0.16
55 106 0.32
55 107 0.3
55 118 0.02
55 119 0.04
55 120 0.08
55 121 0.16
55 122 0.32
55 123 0.3
55 162 0.2
55 163 0.4
55 164 0.8
55 165 1.6
55 207 0.02
55 208 0.04
55 209 0.08
55 210 0.16
55 211 0.32
55 212 0.64
55 213 1.28
55 214 2.56
55 215 5.12
55 428 -23.02779895129789
56 56 0.36
56 57 0.52
56 58 0.8400000000000001
56 59 0.44
56 70 0.04
56 71 0.08
56 72 0.16
56 73 0.28
56 86 0.04
56 87 0.08
56 88 0.16
56 89 0.32
56 90 0.64
56 91 0.24
56 102 0.04
56 103 0.08
56 104 0.16
56 105 0.32
56 106 0.64
56 107 0.6
56 118 0.04
56 119 0.08
56 120 0.16
56 121 0.32
56 122 0.64
56 123 0.6
56 162 0.2
56 163 0.4
56 164 0.8
56 165 1.6
56 207 0.04
56 208 0.08
56 209 0.16
56 210 0.32
56 211 0.64
56 212 1.28
56 213 2.56
56 214 5.12
56 215 10.24
56 428 -43.05559790259579
57 57 0.8400000000000001
57 58 1.48
57 59 0.6799999999999999
57 70 0.08
57 71 0.16
57 72 0.32
57 73 0.56
57 86 0.08
57 87 0.16
57 88 0.32
57 89 0.64
57 90 1.28
57 91 0.48
57 102 0.08
57 103 0.16
57 104 0.32
57 105 0.64
57 106 1.28
57 107 1.2
57 118 0.08
57 119 0.16
57 120 0.32
57 121 0.64
57 122 1.28
57 123 1.2
57 162 0.2
57 163 0.4
57 164 0.8
57 165 1.6
57 207 0.08
57 208 0.16
57 209 0.32
57 210 0.64
57 211 1.28
57 212 2.56
57 213 5.12
57 214 10.24
57 215 20.48
57 428 -83.11119580519158
58 58 2.76
58 59 1.16
58 70 0.16
58 71 0.32
58 72 0.64
58 73 1.12
58 86 0.16
58 87 0.32
58 88 0.64
58 89 1.28
58 90 2.56
58 91 0.96
58 102 0.16
58 103 0.32
58 104 0.64
58 105 1.28
58 106 2.56
58 107 2.4
58 118 0.16
58 119 0.32
58 120 0.64
58 121 1.28
58 122 2.56
58 123 2.4
58 162 0.2
58 163 0.4
58 164 0.8
58 165 1.6
58 207 0.16
58 208 0.32
58 209 0.64
58 210 1.28
58 211 2.56
58 212 5.12
58 213 10.24
58 214 20.48
58 215 40.96
58 428 -163.2223916103832
59 59 0.56
59 70 0.06
59 71 0.12
59 72 0.24
59 73 0.42
59 86 0.06
59 87 0.12
59 88 0.24
59 89 0.48
59 90 0.96
59 91 0.36
59 102 0.06
59 103 0.12
59 104 0.24
59 105 0.48
59 106 0.96
59 107 0.9
59 118 0.06
59 119 0.12
59 120 0.24
59 121 0.48
59 122 0.96
59 123 0.9
59 162 0.2
59 163 0.4
59 164 0.8
59 165 1.6
59 207 0.06
59 208 0.12
59 209 0.24
59 210 0.48
59 211 0.96
59 212 1.92
59 213 3.84
59 214 7.68
59 215 15.36
59 428 -63.0833968538937
62 62 0.21
62 63 0.22
62 64 0.24
62 65 0.25
62 78 0.01
62 79 0.02
62 80 0.04
62 81 0.08
62 82 0.15
62 94 0.01
62 95 0.02
62 96 0.04
62 97 0.08
62 98 0.16
62 99 0.32
62 100 0.64
62 101 0.73
62 110 0.01
62 111 0.02
62 112 0.04
62 113 0.08
62 114 0.16
62 115 0.32
62 116 0.64
62 117 0.73
62 166 0.2
62 167 0.4
62 168 0.8
62 169 1.6
62 198 0.01
62 199 0.02
62 200 0.04
62 201 0.08
62 202 0.16
62 203 0.32
62 204 0.64
62 205 1.28
62 206 2.56
62 428 -13.14253116540302
63 63 0.24
63 64 0.28
63 65 0.3
63 78 0.02
63 79 0.04
63 80 0.08
63 81 0.16
63 82 0.3
63 94 0.02
63 95 0.04
63 96 0.08
63 97 0.16
63 98 0.32
63 99 0.64
63 100 1.28
63 101 1.46
63 110 0.02
63 111 0.04
63 112 0.08
63 113 0.16
63 114 0.32
63 115 0.64
63 116 1.28
63 117 1.46
63 166 0.2
63 167 0.4
63 168 0.8
63 169 1.6
63 198 0.02
63 199 0.04
63 200 0.08
63 201 0.16
63 202 0.32
63 203 0.64
63 204 1.28
63 205 2.56
63 206 5.12
63 428 -23.28506233080605
64 64 0.36
64 65 0.4
64 78 0.04
64 79 0.08
64 80 0.16
64 81 0.32
64 82 0.6
64 94 0.04
64 95 0.08
64 96 0.16
64 97 0.32
64 98 0.64
64 99 1.28
64 100 2.56
64 101 2.92
64 110 0.04
64 111 0.08
64 112 0.16
64 113 0.32
64 114 0.64
64 115 1.28
64 116 2.56
64 117 2.92
64 166 0.2
64 167 0.4
64 168 0.8
64 169 1.6
64 198 0.04
64 199 0.08
64 200 0.16
64 201 0.32
64 202 0.64
64 203 1.28
64 204 2.56
64 205 5.12
64 206 10.24
64 428 -43.5701246616121
65 65 0.45
65 78 0.05
65 79 0.1
65 80 0.2
65 81 0.4
65 82 0.75
65 94 0.05
65 95 0.1
65 96 0.2
65 97 0.4
65 98 0.8
65 99 1.6
65 100 3.2
65 101 3.65
65 110 0.05
65 111 0.1
65 112 0.2
65 113 0.4
65 114 0.8
65 115 1.6
65 116 3.2
65 117 3.65
65 166 0.2
65 167 0.4
65 168 0.8
65 169 1.6
65 198 0.05
65 199 0.1
65 200 0.2
65 201 0.4
65 202 0.8
65 203 1.6
65 204 3.2
65 205 6.4
65 206 12.8
65 428 -53.71265582701513
70 70 0.21
70 71 0.22
70 72 0.24
70 73 0.27
70 86 0.01
70 87 0.02
70 88 0.04
70 89 0.08
70 90 0.16
70 91 0.06
70 102 0.01
70 103 0.02
70 104 0.04
70 105 0.08
70 106 0.16
70 107 0.15
70 118 0.01
70 119 0.02
70 120 0.04
70 121 0.08
70 122 0.16
70 123 0.15
70 170 0.2
70 171 0.4
70 172 0.8
70 173 1.6
70 207 0.01
70 208 0.02
70 209 0.04
70 210 0.08
70 211 0.16
70 212 0.32
70 213 0.64
70 214 1.28
70 215 2.56
70 428 -13.02048496875434
71 71 0.24
71 72 0.28
71 73 0.34
71 86 0.02
71 87 0.04
71 88 0.08
71 89 0.16
71 90 0.32
71 91 0.12
71 102 0.02
71 103 0.04
71 104 0.08
71 105 0.16
71 106 0.32
71 107 0.3
71 118 0.02
71 119 0.04
71 120 0.08
71 121 0.16
71 122 0.32
71 123 0.3
71 170 0.2
71 171 0.4
71 172 0.8
71 173 1.6
71 207 0.02
71 208 0.04
71 209 0.08
71 210 0.16
71 211 0.32
71 212 0.64
71 213 1.28
71 214 2.56
71 215 5.12
71 428 -23.04096993750869
72 72 0.36
72 73 0.48
72 86 0.04
72 87 0.08
72 88 0.16
72 89 0.32
72 90 0.64
72 91 0.24
72 102 0.04
72 103 0.08
72 104 0.16
72 105 0.32
72 106 0.64
72 107 0.6
72 118 0.04
72 119 0.08
72 120 0.16
72 121 0.32
72 122 0.64
72 123 0.6
72 170 0.2
72 171 0.4
72 172 0.8
72 173 1.6
72 207 0.04
72 208 0.08
72 209 0.16
72 210 0.32
72 211 0.64
72 212 1.28
72 213 2.56
72 214 5.12
72 215 10.24
72 428 -43.08193987501738
73 73 0.69
73 86 0.07
73 87 0.14
73 88 0.28
73 89 0.56
73 90 1.12
73 91 0.42
73 102 0.07
73 103 0.14
73 104 0.28
73 105 0.56
73 106 1.12
73 107 1.05
73 118 0.07
73 119 0.14
73 120 0.28
73 121 0.56
73 122 1.12
73 123 1.05
73 170 0.2
73 171 0.4
73 172 0.8
73 173 1.6
73 207 0.07
73 208 0.14
73 209 0.28
73 210 0.56
73 211 1.12
73 212 2.24
73 213 4.48
73 214 8.96
73 215 17.92
73 428 -73.14339478128045
78 78 0.21
78 79 0.22
78 80 0.24
78 81 0.28
78 82 0.35
78 94 0.01
78 95 0.02
78 96 0.04
78 97 0.08
78 98 0.16
78 99 0.32
78 100 0.64
78 101 0.73
78 110 0.01
78 111 0.02
78 112 0.04
78 113 0.08
78 114 0.16
78 115 0.32
78 116 0.64
78 117 0.73
78 174 0.2
78 175 0.4
78 176 0.8
78 177 1.6
78 198 0.01
78 199 0.02
78 200 0.04
78 201 0.08
78 202 0.16
78 203 0.32
78 204 0.64
78 205 1.28
78 206 2.56
78 428 -13.13480330422288
79 79 0.24
79 80 0.28
79 81 0.36
79 82 0.5
79 94 0.02
79 95 0.04
79 96 0.08
79 97 0.16
79 98 0.32
79 99 0.64
79 100 1.28
79 101 1.46
79 110 0.02
79 111 0.04
79 112 0.08
79 113 0.16
79 114 0.32
79 115 0.64
79 116 1.28
79 117 1.46
79 174 0.2
79 175 0.4
79 176 0.8
79 177 1.6
79 198 0.02
79 199 0.04
79 200 0.08
79 201 0.16
79 202 0.32
79 203 0.64
79 204 1.28
79 205 2.56
79 206 5.12
79 428 -23.26960660844576
80 80 0.36
80 81 0.52
80 82 0.8
80 94 0.04
80 95 0.08
80 96 0.16
80 97 0.32
80 98 0.64
80 99 1.28
80 100 2.56
80 101 2.92
80 110 0.04
80 111 0.08
80 112 0.16
80 113 0.32
80 114 0.64
80 115 1.28
80 116 2.56
80 117 2.92
80 174 0.2
80 175 0.4
80 176 0.8
80 177 1.6
80 198 0.04
80 199 0.08
80 200 0.16
80 201 0.32
80 202 0.64
80 203 1.28
80 204 2.56
80 205 5.12
80 206 10.24
80 428 -43.53921321689152
81 81 0.8400000000000001
81 82 1.4
81 94 0.08
81 95 0.16
81 96 0.32
81 97 0.64
81 98 1.28
81 99 2.56
81 100 5.12
81 101 5.84
81 110 0.08
81 111 0.16
81 112 0.32
81 113 0.64
81 114 1.28
81 115 2.56
81 116 5.12
81 117 5.84
81 174 0.2
81 175 0.4
81 176 0.8
81 177 1.6
81 198 0.08
81 199 0.16
81 200 0.32
81 201 0.64
81 202 1.28
81 203 2.56
81 204 5.12
81 205 10.24
81 206 20.48
81 428 -84.07842643378304
82 82 2.45
82 94 0.15
82 95 0.3
82 96 0.6
82 97 1.2
82 98 2.4
82 99 4.8
82 100 9.6
82 101 10.95
82 110 0.15
82 111 0.3
82 112 0.6
82 113 1.2
82 114 2.4
82 115 4.8
82 116 9.6
82 117 10.95
82 174 0.2
82 175 0.4
82 176 0.8
82 177 1.6
82 198 0.15
82 199 0.3
82 200 0.6
82 201 1.2
82 202 2.4
82 203 4.8
82 204 9.6
82 205 19.2
82 206 38.4
82 428 -155.0220495633432
86 86 0.21
86 87 0.22
86 88 0.24
86 89 0.28
86 90 0.36
86 91 0.26
86 102 0.01
86 103 0.02
86 104 0.04
86 105 0.08
86 106 0.16
86 107 0.15
86 118 0.01
86 119 0.02
86 120 0.04
86 121 0.08
86 122 0.16
86 123 0.15
86 178 0.2
86 179 0.4
86 180 0.8
86 181 1.6
86 207 0.01
86 208 0.02
86 209 0.04
86 210 0.08
86 211 0.16
86 212 0.32
86 213 0.64
86 214 1.28
86 215 2.56
86 428 -13.01389947564895
87 87 0.24
87 88 0.28
87 89 0.36
87 90 0.52
87 91 0.32
87 102 0.02
87 103 0.04
87 104 0.08
87 105 0.16
87 106 0.32
87 107 0.3
87 118 0.02
87 119 0.04
87 120 0.08
87 121 0.16
87 122 0.32
87 123 0.3
87 178 0.2
87 179 0.4
87 180 0.8
87 181 1.6
87 207 0.02
87 208 0.04
87 209 0.08
87 210 0.16
87 211 0.32
87 212 0.64
87 213 1.28
87 214 2.56
87 215 5.12
87 428 -23.02779895129789
88 88 0.36
88 89 0.52
88 90 0.8400000000000001
88 91 0.44
88 102 0.04
88 103 0.08
88 104 0.16
88 105 0.32
88 106 0.64
88 107 0.6
88 118 0.04
88 119 0.08
88 120 0.16
88 121 0.32
88 122 0.64
88 123 0.6
88 178 0.2
88 179 0.4
88 180 0.8
88 181 1.6
88 207 0.04
88 208 0.08
88 209 0.16
88 210 0.32
88 211 0.64
88 212 1.28
88 213 2.56
88 214 5.12
88 215 10.24
88 428 -43.05559790259579
89 89 0.8400000000000001
89 90 1.48
89 91 0.6799999999999999
89 102 0.08
89 103 0.16
89 104 0.32
89 105 0.64
89 106 1.28
89 107 1.2
89 118 0.08
89 119 0.16
89 120 0.32
89 121 0.64
89 122 1.28
89 123 1.2
89 178 0.2
89 179 0.4
89 180 0.8
89 181 1.6
89 207 0.08
89 208 0.16
89 209 0.32
89 210 0.64
89 211 1.28
89 212 2.56
89 213 5.12
89 214 10.24
89 215 20.48
89 428 -83.11119580519158
90 90 2.76
90 91 1.16
90 102 0.16
90 103 0.32
90 104 0.64
90 105 1.28
90 106 2.56
90 107 2.4
90 118 0.16
90 119 0.32
90 120 0.64
90 121 1.28
90 122 2.56
90 123 2.4
90 178 0.2
90 179 0.4
90 180 0.8
90 181 1.6
90 207 0.16
90 208 0.32
90 209 0.64
90 210 1.28
90 211 2.56
90 212 5.12
90 213 10.24
90 214 20.48
90 215 40.96
90 428 -163.2223916103832
91 91 0.56
91 102 0.06
91 103 0.12
91 104 0.24
91 105 0.48
91 106 0.96
91 107 0.9
91 118 0.06
91 119 0.12
91 120 0.24
91 121 0.48
91 122 0.96
91 123 0.9
91 178 0.2
91 179 0.4
91 180 0.8
91 181 1.6
91 207 0.06
91 208 0.12
91 209 0.24
91 210 0.48
91 211 0.96
91 212 1.92
91 213 3.84
91 214 7.68
91 215 15.36
91 428 -63.08339685389371
94 94 0.21
94 95 0.22
94 96 0.24
94 97 0.28
94 98 0.36
94 99 0.52
94 100 0.8400000000000001
94 101 0.9299999999999999
94 110 0.01
94 111 0.02
94 112 0.04
94 113 0.08
94 114 0.16
94 115 0.32
94 116 0.64
94 117 0.73
94 182 0.2
94 183 0.4
94 184 0.8
94 185 1.6
94 198 0.01
94 199 0.02
94 200 0.04
94 201 0.08
94 202 0.16
94 203 0.32
94 204 0.64
94 205 1.28
94 206 2.56
94 428 -13.13021327863852
95 95 0.24
95 96 0.28
95 97 0.36
95 98 0.52
95 99 0.8400000000000001
95 100 1.48
95 101 1.66
95 110 0.02
95 111 0.04
95 112 0.08
95 113 0.16
95 114 0.32
95 115 0.64
95 116 1.28
95 117 1.46
95 182 0.2
95 183 0.4
95 184 0.8
95 185 1.6
95 198 0.02
95 199 0.04
95 200 0.08
95 201 0.16
95 202 0.32
95 203 0.64
95 204 1.28
95 205 2.56
95 206 5.12
95 428 -23.26042655727703
96 96 0.36
96 97 0.52
96 98 0.8400000000000001
96 99 1.48
96 100 2.76
96 101 3.12
96 110 0.04
96 111 0.08
96 112 0.16
96 113 0.32
96 114 0.64
96 115 1.28
96 116 2.56
96 117 2.92
96 182 0.2
96 183 0.4
96 184 0.8
96 185 1.6
96 198 0.04
96 199 0.08
96 200 0.16
96 201 0.32
96 202 0.64
96 203 1.28
96 204 2.56
96 205 5.12
96 206 10.24
96 428 -43.52085311455406
97 97 0.8400000000000001
97 98 1.48
97 99 2.76
97 100 5.32
97 101 6.04
97 110 0.08
97 111 0.16
97 112 0.32
97 113 0.64
97 114 1.28
97 115 2.56
97 116 5.12
97 117 5.84
97 182 0.2
97 183 0.4
97 184 0.8
97 185 1.6
97 198 0.08
97 199 0.16
97 200 0.32
97 201 0.64
97 202 1.28
97 203 2.56
97 204 5.12
97 205 10.24
97 206 20.48
97 428 -84.04170622910813
98 98 2.76
98 99 5.32
98 100 10.44
98 101 11.88
98 110 0.16
98 111 0.32
98 112 0.64
98 113 1.28
98 114 2.56
98 115 5.12
98 116 10.24
98 117 11.68
98 182 0.2
98 183 0.4
98 184 0.8
98 185 1.6
98 198 0.16
98 199 0.32
98 200 0.64
98 201 1.28
98 202 2.56
98 203 5.12
98 204 10.24
98 205 20.48
98 206 40.96
98 428 -165.0834124582162
99 99 10.44
99 100 20.68
99 101 23.56
99 110 0.32
99 111 0.64
99 112 1.28
99 113 2.56
99 114 5.12
99 115 10.24
99 116 20.48
99 117 23.36
99 182 0.2
99 183 0.4
99 184 0.8
99 185 1.6
99 198 0.32
99 199 0.64
99 200 1.28
99 201 2.56
99 202 5.12
99 203 10.24
99 204 20.48
99 205 40.96
99 206 81.92
99 428 -327.1668249164325
100 100 41.16
100 101 46.92
100 110 0.64
100 111 1.28
100 112 2.56
100 113 5.12
100 114 10.24
100 115 20.48
100 116 40.96
100 117 46.72
100 182 0.2
100 183 0.4
100 184 0.8
100 185 1.6
100 198 0.64
100 199 1.28
100 200 2.56
100 201 5.12
100 202 10.24
100 203 20.48
100 204 40.96
100 205 81.92
100 206 163.84
100 428 -651.333649832865
101 101 53.49
101 110 0.73
101 111 1.46
101 112 2.92
101 113 5.84
101 114 11.68
101 115 23.36
101 116 46.72
101 117 53.29
101 182 0.2
101 183 0.4
101 184 0.8
101 185 1.6
101 198 0.73
101 199 1.46
101 200 2.92
101 201 5.84
101 202 11.68
101 203 23.36
101 204 46.72
101 205 93.44
101 206 186.88
101 428 -742.5055693406116
102 102 0.21
102 103 0.22
102 104 0.24
102 105 0.28
102 106 0.36
102 107 0.35
102 118 0.01
102 119 0.02
102 120 0.04
102 121 0.08
102 122 0.16
102 123 0.15
102 186 0.2
102 187 0.4
102 188 0.8
102 189 1.6
102 207 0.01
102 208 0.02
102 209 0.04
102 210 0.08
102 211 0.16
102 212 0.32
102 213 0.64
102 214 1.28
102 215 2.56
102 428 -13.01315335047129
103 103 0.24
103 104 0.28
103 105 0.36
103 106 0.52
103 107 0.5
103 118 0.02
103 119 0.04
103 120 0.08
103 121 0.16
103 122 0.32
103 123 0.3
103 186 0.2
103 187 0.4
103 188 0.8
103 189 1.6
103 207 0.02
103 208 0.04
103 209 0.08
103 210 0.16
103 211 0.32
103 212 0.64
103 213 1.28
103 214 2.56
103 215 5.12
103 428 -23.02630670094259
104 104 0.36
104 105 0.52
104 106 0.8400000000000001
104 107 0.8
104 118 0.04
104 119 0.08
104 120 0.16
104 121 0.32
104 122 0.64
104 123 0.6
104 186 0.2
104 187 0.4
104 188 0.8
104 189 1.6
104 207 0.04
104 208 0.08
104 209 0.16
104 210 0.32
104 211 0.64
104 212 1.28
104 213 2.56
104 214 5.12
104 215 10.24
104 428 -43.05261340188517
105 105 0.8400000000000001
105 106 1.48
105 107 1.4
105 118 0.08
105 119 0.16
105 120 0.32
105 121 0.64
105 122 1.28
105 123 1.2
105 186 0.2
105 187 0.4
105 188 0.8
105 189 1.6
105 207 0.08
105 208 0.16
105 209 0.32
105 210 0.64
105 211 1.28
105 212 2.56
105 213 5.12
105 214 10.24
105 215 20.48
105 428 -83.10522680377036
106 106 2.76
106 107 2.6
106 118 0.16
106 119 0.32
106 120 0.64
106 121 1.28
106 122 2.56
106 123 2.4
106 186 0.2
106 187 0.4
106 188 0.8
106 189 1.6
106 207 0.16
106 208 0.32
106 209 0.64
106 210 1.28
106 211 2.56
106 212 5.12
106 213 10.24
106 214 20.48
106 215 40.96
106 428 -163.2104536075407
107 107 2.45
107 118 0.15
107 119 0.3
107 120 0.6
107 121 1.2
107 122 2.4
107 123 2.25
107 186 0.2
107 187 0.4
107 188 0.8
107 189 1.6
107 207 0.15
107 208 0.3
107 209 0.6
107 210 1.2
107 211 2.4
107 212 4.8
107 213 9.6
107 214 19.2
107 215 38.4
107 428 -153.1973002570695
110 110 0.21
110 111 0.22
110 112 0.24
110 113 0.28
110 114 0.36
110 115 0.52
110 116 0.8400000000000001
110 117 0.9299999999999999
110 190 0.2
110 191 0.4
110 192 0.8
110 193 1.6
110 198 0.01
110 199 0.02
110 200 0.04
110 201 0.08
110 202 0.16
110 203 0.32
110 204 0.64
110 205 1.28
110 206 2.56
110 428 -13.13006767434506
111 111 0.24
111 112 0.28
111 113 0.36
111 114 0.52
111 115 0.8400000000000001
111 116 1.48
111 117 1.66
111 190 0.2
111 191 0.4
111 192 0.8
111 193 1.6
111 198 0.02
111 199 0.04
111 200 0.08
111 201 0.16
111 202 0.32
111 203 0.64
111 204 1.28
111 205 2.56
111 206 5.12
111 428 -23.26013534869012
112 112 0.36
112 113 0.52
112 114 0.8400000000000001
112 115 1.48
112 116 2.76
112 117 3.12
112 190 0.2
112 191 0.4
112 192 0.8
112 193 1.6
112 198 0.04
112 199 0.08
112 200 0.16
112 201 0.32
112 202 0.64
112 203 1.28
112 204 2.56
112 205 5.12
112 206 10.24
112 428 -43.52027069738023
113 113 0.8400000000000001
113 114 1.48
113 115 2.76
113 116 5.32
113 117 6.04
113 190 0.2
113 191 0.4
113 192 0.8
113 193 1.6
113 198 0.08
113 199 0.16
113 200 0.32
113 201 0.64
113 202 1.28
113 203 2.56
113 204 5.12
113 205 10.24
113 206 20.48
113 428 -84.04054139476047
114 114 2.76
114 115 5.32
114 116 10.44
114 117 11.88
114 190 0.2
114 191 0.4
114 192 0.8
114 193 1.6
114 198 0.16
114 199 0.32
114 200 0.64
114 201 1.28
114 202 2.56
114 203 5.12
114 204 10.24
114 205 20.48
114 206 40.96
114 428 -165.0810827895209
115 115 10.44
115 116 20.68
115 117 23.56
115 190 0.2
115 191 0.4
115 192 0.8
115 193 1.6
115 198 0.32
115 199 0.64
115 200 1.28
115 201 2.56
115 202 5.12
115 203 10.24
115 204 20.48
115 205 40.96
115 206 81.92
115 428 -327.1621655790419
116 116 41.16
116 117 46.92
116 190 0.2
116 191 0.4
116 192 0.8
116 193 1.6
116 198 0.64
116 199 1.28
116 200 2.56
116 201 5.12
116 202 10.24
116 203 20.48
116 204 40.96
116 205 81.92
116 206 163.84
116 428 -651.3243311580837
117 117 53.49
117 190 0.2
117 191 0.4
117 192 0.8
117 193 1.6
117 198 0.73
117 199 1.46
117 200 2.92
117 201 5.84
117 202 11.68
117 203 23.36
117 204 46.72
117 205 93.44
117 206 186.88
117 428 -742.4949402271895
118 118 0.21
118 119 0.22
118 120 0.24
118 121 0.28
118 122 0.36
118 123 0.35
118 194 0.2
118 195 0.4
118 196 0.8
118 197 1.6
118 207 0.01
118 208 0.02
118 209 0.04
118 210 0.08
118 211 0.16
118 212 0.32
118 213 0.64
118 214 1.28
118 215 2.56
118 428 -13.0131533504713
119 119 0.24
119 120 0.28
119 121 0.36
119 122 0.52
119 123 0.5
119 194 0.2
119 195 0.4
119 196 0.8
119 197 1.6
119 207 0.02
119 208 0.04
119 209 0.08
119 210 0.16
119 211 0.32
119 212 0.64
119 213 1.28
119 214 2.56
119 215 5.12
119 428 -23.02630670094259
120 120 0.36
120 121 0.52
120 122 0.8400000000000001
120 123 0.8
120 194 0.2
120 195 0.4
120 196 0.8
120 197 1.6
120 207 0.04
120 208 0.08
120 209 0.16
120 210 0.32
120 211 0.64
120 212 1.28
120 213 2.56
120 214 5.12
120 215 10.24
120 428 -43.05261340188518
121 121 0.8400000000000001
121 122 1.48
121 123 1.4
121 194 0.2
121 195 0.4
121 196 0.8
121 197 1.6
121 207 0.08
121 208 0.16
121 209 0.32
121 210 0.64
121 211 1.28
121 212 2.56
121 213 5.12
121 214 10.24
121 215 20.48
121 428 -83.10522680377038
122 122 2.76
122 123 2.6
122 194 0.2
122 195 0.4
122 196 0.8
122 197 1.6
122 207 0.16
122 208 0.32
122 209 0.64
122 210 1.28
122 211 2.56
122 212 5.12
122 213 10.24
122 214 20.48
122 215 40.96
122 428 -163.2104536075407
123 123 2.45
123 194 0.2
123 195 0.4
123 196 0.8
123 197 1.6
123 207 0.15
123 208 0.3
123 209 0.6
123 210 1.2
123 211 2.4
123 212 4.8
123 213 9.6
123 214 19.2
123 215 38.4
123 428 -153.1973002570695
142 142 0.2
142 143 0.4
142 144 0.8
142 145 1.6
142 428 -3.0
143 143 0.8
143 144 1.6
143 145 3.2
143 428 -6.0
144 144 3.2
144 145 6.4
144 428 -12.0
145 145 12.8
145 428 -24.0
146 146 0.2
146 147 0.4
146 148 0.8
146 149 1.6
146 428 -3.0
147 147 0.8
147 148 1.6
147 149 3.2
147 428 -6.0
148 148 3.2
148 149 6.4
148 428 -12.0
149 149 12.8
149 428 -24.0
150 150 0.2
150 151 0.4
150 152 0.8
150 153 1.6
150 428 -3.0
151 151 0.8
151 152 1.6
151 153 3.2
151 428 -6.0
152 152 3.2
152 153 6.4
152 428 -12.0
153 153 12.8
153 428 -24.0
154 154 0.2
154 155 0.4
154 156 0.8
154 157 1.6
154 428 -3.0
155 155 0.8
155 156 1.6
155 157 3.2
155 428 -6.0
156 156 3.2
156 157 6.4
156 428 -12.0
157 157 12.8
157 428 -24.0
158 158 0.2
158 159 0.4
158 160 0.8
158 161 1.6
158 428 -3.0
159 159 0.8
159 160 1.6
159 161 3.2
159 428 -6.0
160 160 3.2
160 161 6.4
160 428 -12.0
161 161 12.8
161 428 -24.0
162 162 0.2
162 163 0.4
162 164 0.8
162 165 1.6
162 428 -3.0
163 163 0.8
163 164 1.6
163 165 3.2
163 428 -6.0
164 164 3.2
164 165 6.4
164 428 -12.0
165 165 12.8
165 428 -24.0
166 166 0.2
166 167 0.4
166 168 0.8
166 169 1.6
166 428 -3.0
167 167 0.8
167 168 1.6
167 169 3.2
167 428 -6.0
168 168 3.2
168 169 6.4
168 428 -12.0
169 169 12.8
169 428 -24.0
170 170 0.2
170 171 0.4
170 172 0.8
170 173 1.6
170 428 -3.0
171 171 0.8
171 172 1.6
171 173 3.2
171 428 -6.0
172 172 3.2
172 173 6.4
172 428 -12.0
173 173 12.8
173 428 -24.0
174 174 0.2
174 175 0.4
174 176 0.8
174 177 1.6
174 428 -3.0
175 175 0.8
175 176 1.6
175 177 3.2
175 428 -6.0
176 176 3.2
176 177 6.4
176 428 -12.0
177 177 12.8
177 428 -24.0
178 178 0.2
178 179 0.4
178 180 0.8
178 181 1.6
178 428 -3.0
179 179 0.8
179 180 1.6
179 181 3.2
179 428 -6.0
180 180 3.2
180 181 6.4
180 428 -12.0
181 181 12.8
181 428 -24.0
182 182 0.2
182 183 0.4
182 184 0.8
182 185 1.6
182 428 -3.0
183 183 0.8
183 184 1.6
183 185 3.2
183 428 -6.0
184 184 3.2
184 185 6.4
184 428 -12.0
185 185 12.8
185 428 -24.0
186 186 0.2
186 187 0.4
186 188 0.8
186 189 1.6
186 428 -3.0
187 187 0.8
187 188 1.6
187 189 3.2
187 428 -6.0
188 188 3.2
188 189 6.4
188 428 -12.0
189 189 12.8
189 428 -24.0
190 190 0.2
190 191 0.4
190 192 0.8
190 193 1.6
190 428 -3.0
191 191 0.8
191 192 1.6
191 193 3.2
191 428 -6.0
192 192 3.2
192 193 6.4
192 428 -12.0
193 193 12.8
193 428 -24.0
194 194 0.2
194 195 0.4
194 196 0.8
194 197 1.6
194 428 -3.0
195 195 0.8
195 196 1.6
195 197 3.2
195 428 -6.0
196 196 3.2
196 197 6.4
196 428 -12.0
197 197 12.8
197 428 -24.0
198 198 0.01
198 199 0.02
198 200 0.04
198 201 0.08
198 202 0.16
198 203 0.32
198 204 0.64
198 205 1.28
198 206 2.56
198 428 -10.13
199 199 0.04
199 200 0.08
199 201 0.16
199 202 0.32
199 203 0.64
199 204 1.28
199 205 2.56
199 206 5.12
199 428 -20.25999999999999
200 200 0.16
200 201 0.32
200 202 0.64
200 203 1.28
200 204 2.56
200 205 5.12
200 206 10.24
200 428 -40.51999999999999
201 201 0.64
201 202 1.28
201 203 2.56
201 204 5.12
201 205 10.24
201 206 20.48
201 428 -81.03999999999999
202 202 2.56
202 203 5.12
202 204 10.24
202 205 20.48
202 206 40.96
202 428 -162.08
203 203 10.24
203 204 20.48
203 205 40.96
203 206 81.92
203 428 -324.16
204 204 40.96
204 205 81.92
204 206 163.84
204 428 -648.3199999999999
205 205 163.84
205 206 327.68
205 428 -1296.64
206 206 655.36
206 428 -2593.279999999999
207 207 0.01
207 208 0.02
207 209 0.04
207 210 0.08
207 211 0.16
207 212 0.32
207 213 0.64
207 214 1.28
207 215 2.56
207 428 -10.01
208 208 0.04
208 209 0.08
208 210 0.16
208 211 0.32
208 212 0.64
208 213 1.28
208 214 2.56
208 215 5.12
208 428 -20.02
209 209 0.16
209 210 0.32
209 211 0.64
209 212 1.28
209 213 2.56
209 214 5.12
209 215 10.24
209 428 -40.03999999999999
210 210 0.64
210 211 1.28
210 212 2.56
210 213 5.12
210 214 10.24
210 215 20.48
210 428 -80.07999999999998
211 211 2.56
211 212 5.12
211 213 10.24
211 214 20.48
211 215 40.96
211 428 -160.16
212 212 10.24
212 213 20.48
212 214 40.96
212 215 81.92
212 428 -320.3199999999999
213 213 40.96
213 214 81.92
213 215 163.84
213 428 -640.6399999999999
214 214 163.84
214 215 327.68
214 428 -1281.28
215 215 655.36
215 428 -2562.559999999999
220 220 1.0
220 221 2.0
220 222 4.0
220 223 5.0
220 239 0.1
220 240 0.2
220 241 0.4
220 242 0.8
220 243 1.6
220 244 3.2
220 245 4.7
220 253 0.1
220 254 0.2
220 255 0.4
220 256 0.8
220 257 1.6
220 258 3.2
220 259 4.7
220 267 0.1
220 268 0.2
220 269 0.4
220 270 0.8
220 271 1.6
220 272 3.2
220 273 4.7
220 281 0.1
220 282 0.2
220 283 0.4
220 284 0.8
220 285 1.6
220 286 3.2
220 287 4.7
220 295 0.1
220 296 0.2
220 297 0.4
220 298 0.8
220 299 1.6
220 300 3.2
220 301 4.7
220 337 -0.1
220 338 -0.2
220 339 -0.4
220 340 -0.8
220 341 -1.6
220 342 -3.2
220 343 -6.4
220 351 -0.1
220 352 -0.2
220 353 -0.4
220 354 -0.8
220 355 -1.6
220 356 -3.2
220 357 -6.4
220 365 -0.1
220 366 -0.2
220 367 -0.4
220 368 -0.8
220 369 -1.6
220 370 -3.2
220 371 -6.4
220 379 -0.1
220 380 -0.2
220 381 -0.4
220 382 -0.8
220 383 -1.6
220 384 -3.2
220 385 -6.4
220 393 -0.1
220 394 -0.2
220 395 -0.4
220 396 -0.8
220 397 -1.6
220 398 -3.2
220 399 -6.4
220 428 -25.5
221 221 4.0
221 222 8.0
221 223 10.0
221 239 0.2
221 240 0.4
221 241 0.8
221 242 1.6
221 243 3.2
221 244 6.4
221 245 9.4
221 253 0.2
221 254 0.4
221 255 0.8
221 256 1.6
221 257 3.2
221 258 6.4
221 259 9.4
221 267 0.2
221 268 0.4
221 269 0.8
221 270 1.6
221 271 3.2
221 272 6.4
221 273 9.4
221 281 0.2
221 282 0.4
221 283 0.8
221 284 1.6
221 285 3.2
221 286 6.4
221 287 9.4
221 295 0.2
221 296 0.4
221 297 0.8
221 298 1.6
221 299 3.2
221 300 6.4
221 301 9.4
221 337 -0.2
221 338 -0.4
221 339 -0.8
221 340 -1.6
221 341 -3.2
221 342 -6.4
221 343 -12.8
221 351 -0.2
221 352 -0.4
221 353 -0.8
221 354 -1.6
221 355 -3.2
221 356 -6.4
221 357 -12.8
221 365 -0.2
221 366 -0.4
221 367 -0.8
221 368 -1.6
221 369 -3.2
221 370 -6.4
221 371 -12.8
221 379 -0.2
221 380 -0.4
221 381 -0.8
221 382 -1.6
221 383 -3.2
221 384 -6.4
221 385 -12.8
221 393 -0.2
221 394 -0.4
221 395 -0.8
221 396 -1.6
221 397 -3.2
221 398 -6.4
221 399 -12.8
221 428 -51.00000000000001
222 222 16.0
222 223 20.0
222 239 0.4
222 240 0.8
222 241 1.6
222 242 3.2
222 243 6.4
222 244 12.8
222 245 18.8
222 253 0.4
222 254 0.8
222 255 1.6
222 256 3.2
222 257 6.4
222 258 12.8
222 259 18.8
222 267 0.4
222 268 0.8
222 269 1.6
222 270 3.2
222 271 6.4
222 272 12.8
222 273 18.8
222 281 0.4
222 282 0.8
222 283 1.6
222 284 3.2
222 285 6.4
222 286 12.8
222 287 18.8
222 295 0.4
222 296 0.8
222 297 1.6
222 298 3.2
222 299 6.4
222 300 12.8
222 301 18.8
222 337 -0.4
222 338 -0.8
222 339 -1.6
222 340 -3.2
222 341 -6.4
222 342 -12.8
222 343 -25.6
222 351 -0.4
222 352 -0.8
222 353 -1.6
222 354 -3.2
222 355 -6.4
222 356 -12.8
222 357 -25.6
222 365 -0.4
222 366 -0.8
222 367 -1.6
222 368 -3.2
222 369 -6.4
222 370 -12.8
222 371 -25.6
222 379 -0.4
222 380 -0.8
222 381 -1.6
222 382 -3.2
222 383 -6.4
222 384 -12.8
222 385 -25.6
222 393 -0.4
222 394 -0.8
222 395 -1.6
222 396 -3.2
222 397 -6.4
222 398 -12.8
222 399 -25.6
222 428 -102.0
223 223 25.0
223 239 0.5
223 240 1.0
223 241 2.0
223 242 4.0
223 243 8.0
223 244 16.0
223 245 23.5
223 253 0.5
223 254 1.0
223 255 2.0
223 256 4.0
223 257 8.0
223 258 16.0
223 259 23.5
223 267 0.5
223 268 1.0
223 269 2.0
223 270 4.0
223 271 8.0
223 272 16.0
223 273 23.5
223 281 0.5
223 282 1.0
223 283 2.0
223 284 4.0
223 285 8.0
223 286 16.0
223 287 23.5
223 295 0.5
223 296 1.0
223 297 2.0
223 298 4.0
223 299 8.0
223 300 16.0
223 301 23.5
223 337 -0.5
223 338 -1.0
223 339 -2.0
223 340 -4.0
223 341 -8.0
223 342 -16.0
223 343 -32.0
223 351 -0.5
223 352 -1.0
223 353 -2.0
223 354 -4.0
223 355 -8.0
223 356 -16.0
223 357 -32.0
223 365 -0.5
223 366 -1.0
223 367 -2.0
223 368 -4.0
223 369 -8.0
223 370 -16.0
223 371 -32.0
223 379 -0.5
223 380 -1.0
223 381 -2.0
223 382 -4.0
223 383 -8.0
223 384 -16.0
223 385 -32.0
223 393 -0.5
223 394 -1.0
223 395 -2.0
223 396 -4.0
223 397 -8.0
223 398 -16.0
223 399 -32.0
223 428 -127.5
224 224 0.4
224 225 0.8
224 226 1.6
224 227 2.0
224 302 0.1
224 303 0.2
224 304 0.4
224 305 0.8
224 306 1.6
224 307 3.2
224 308 4.7
224 316 0.1
224 317 0.2
224 318 0.4
224 319 0.8
224 320 1.6
224 321 3.2
224 322 4.7
224 400 -0.1
224 401 -0.2
224 402 -0.4
224 403 -0.8
224 404 -1.6
224 405 -3.2
224 406 -6.4
224 414 -0.1
224 415 -0.2
224 416 -0.4
224 417 -0.8
224 418 -1.6
224 419 -3.2
224 420 -6.4
224 428 -8.7
225 225 1.6
225 226 3.2
225 227 4.0
225 302 0.2
225 303 0.4
225 304 0.8
225 305 1.6
225 306 3.2
225 307 6.4
225 308 9.4
225 316 0.2
225 317 0.4
225 318 0.8
225 319 1.6
225 320 3.2
225 321 6.4
225 322 9.4
225 400 -0.2
225 401 -0.4
225 402 -0.8
225 403 -1.6
225 404 -3.2
225 405 -6.4
225 406 -12.8
225 414 -0.2
225 415 -0.4
225 416 -0.8
225 417 -1.6
225 418 -3.2
225 419 -6.4
225 420 -12.8
225 428 -17.4
226 226 6.4
226 227 8.0
226 302 0.4
226 303 0.8
226 304 1.6
226 305 3.2
226 306 6.4
226 307 12.8
226 308 18.8
226 316 0.4
226 317 0.8
226 318 1.6
226 319 3.2
226 320 6.4
226 321 12.8
226 322 18.8
226 400 -0.4
226 401 -0.8
226 402 -1.6
226 403 -3.2
226 404 -6.4
226 405 -12.8
226 406 -25.6
226 414 -0.4
226 415 -0.8
226 416 -1.6
226 417 -3.2
226 418 -6.4
226 419 -12.8
226 420 -25.6
226 428 -34.8
227 227 10.0
227 302 0.5
227 303 1.0
227 304 2.0
227 305 4.0
227 306 8.0
227 307 16.0
227 308 23.5
227 316 0.5
227 317 1.0
227 318 2.0
227 319 4.0
227 320 8.0
227 321 16.0
227 322 23.5
227 400 -0.5
227 401 -1.0
227 402 -2.0
227 403 -4.0
227 404 -8.0
227 405 -16.0
227 406 -32.0
227 414 -0.5
227 415 -1.0
227 416 -2.0
227 417 -4.0
227 418 -8.0
227 419 -16.0
227 420 -32.0
227 428 -43.5
239 239 0.1
239 240 0.2
239 241 0.4
239 242 0.8
239 243 1.6
239 244 3.2
239 245 4.7
239 428 -16.6
240 240 0.4
240 241 0.8
240 242 1.6
240 243 3.2
240 244 6.4
240 245 9.4
240 428 -33.2
241 241 1.6
241 242 3.2
241 243 6.4
241 244 12.8
241 245 18.8
241 428 -66.4
242 242 6.4
242 243 12.8
242 244 25.6
242 245 37.6
242 428 -132.8
243 243 25.6
243 244 51.2
243 245 75.2
243 428 -265.6
244 244 102.4
244 245 150.4
244 428 -531.2
245 245 220.9
245 428 -780.2000000000002
253 253 0.1
253 254 0.2
253 255 0.4
253 256 0.8
253 257 1.6
253 258 3.2
253 259 4.7
253 428 -16.1
254 254 0.4
254 255 0.8
254 256 1.6
254 257 3.2
254 258 6.4
254 259 9.4
254 428 -32.2
255 255 1.6
255 256 3.2
255 257 6.4
255 258 12.8
255 259 18.8
255 428 -64.4
256 256 6.4
256 257 12.8
256 258 25.6
256 259 37.6
256 428 -128.8
257 257 25.6
257 258 51.2
257 259 75.2
257 428 -257.6
258 258 102.4
258 259 150.4
258 428 -515.2
259 259 220.9
259 428 -756.7000000000002
267 267 0.1
267 268 0.2
267 269 0.4
267 270 0.8
267 271 1.6
267 272 3.2
267 273 4.7
267 428 -15.8
268 268 0.4
268 269 0.8
268 270 1.6
268 271 3.2
268 272 6.4
268 273 9.4
268 428 -31.6
269 269 1.6
269 270 3.2
269 271 6.4
269 272 12.8
269 273 18.8
269 428 -63.2
270 270 6.4
270 271 12.8
270 272 25.6
270 273 37.6
270 428 -126.4
271 271 25.6
271 272 51.2
271 273 75.2
271 428 -252.8
272 272 102.4
272 273 150.4
272 428 -505.6
273 273 220.9
273 428 -742.6
281 281 0.1
281 282 0.2
281 283 0.4
281 284 0.8
281 285 1.6
281 286 3.2
281 287 4.7
281 428 -15.2
282 282 0.4
282 283 0.8
282 284 1.6
282 285 3.2
282 286 6.4
282 287 9.4
282 428 -30.4
283 283 1.6
283 284 3.2
283 285 6.4
283 286 12.8
283 287 18.8
283 428 -60.8
284 284 6.4
284 285 12.8
284 286 25.6
284 287 37.6
284 428 -121.6
285 285 25.6
285 286 51.2
285 287 75.2
285 428 -243.2
286 286 102.4
286 287 150.4
286 428 -486.4
287 287 220.9
287 428 -714.4
295 295 0.1
295 296 0.2
295 297 0.4
295 298 0.8
295 299 1.6
295 300 3.2
295 301 4.7
295 428 -15.3
296 296 0.4
296 297 0.8
296 298 1.6
296 299 3.2
296 300 6.4
296 301 9.4
296 428 -30.6
297 297 1.6
297 298 3.2
297 299 6.4
297 300 12.8
297 301 18.8
297 428 -61.2
298 298 6.4
298 299 12.8
298 300 25.6
298 301 37.6
298 428 -122.4
299 299 25.6
299 300 51.2
299 301 75.2
299 428 -244.8
300 300 102.4
300 301 150.4
300 428 -489.6
301 301 220.9
301 428 -719.1
302 302 0.1
302 303 0.2
302 304 0.4
302 305 0.8
302 306 1.6
302 307 3.2
302 308 4.7
302 428 -16.3
303 303 0.4
303 304 0.8
303 305 1.6
303 306 3.2
303 307 6.4
303 308 9.4
303 428 -32.6
304 304 1.6
304 305 3.2
304 306 6.4
304 307 12.8
304 308 18.8
304 428 -65.2
305 305 6.4
305 306 12.8
305 307 25.6
305 308 37.6
305 428 -130.4
306 306 25.6
306 307 51.2
306 308 75.2
306 428 -260.8
307 307 102.4
307 308 150.4
307 428 -521.6
308 308 220.9
308 428 -766.1000000000001
316 316 0.1
316 317 0.2
316 318 0.4
316 319 0.8
316 320 1.6
316 321 3.2
316 322 4.7
316 428 -16.8
317 317 0.4
317 318 0.8
317 319 1.6
317 320 3.2
317 321 6.4
317 322 9.4
317 428 -33.6
318 318 1.6
318 319 3.2
318 320 6.4
318 321 12.8
318 322 18.8
318 428 -67.2
319 319 6.4
319 320 12.8
319 321 25.6
319 322 37.6
319 428 -134.4
320 320 25.6
320 321 51.2
320 322 75.2
320 428 -268.8
321 321 102.4
321 322 150.4
321 428 -537.6
322 322 220.9
322 428 -789.6000000000001
337 337 0.1
337 338 0.2
337 339 0.4
337 340 0.8
337 341 1.6
337 342 3.2
337 343 6.4
337 428 -12.3
338 338 0.4
338 339 0.8
338 340 1.6
338 341 3.2
338 342 6.4
338 343 12.8
338 428 -24.6
339 339 1.6
339 340 3.2
339 341 6.4
339 342 12.8
339 343 25.6
339 428 -49.2
340 340 6.4
340 341 12.8
340 342 25.6
340 343 51.2
340 428 -98.4
341 341 25.6
341 342 51.2
341 343 102.4
341 428 -196.8
342 342 102.4
342 343 204.8
342 428 -393.6
343 343 409.6
343 428 -787.1999999999999
351 351 0.1
351 352 0.2
351 353 0.4
351 354 0.8
351 355 1.6
351 356 3.2
351 357 6.4
351 428 -11.3
352 352 0.4
352 353 0.8
352 354 1.6
352 355 3.2
352 356 6.4
352 357 12.8
352 428 -22.6
353 353 1.6
353 354 3.2
353 355 6.4
353 356 12.8
353 357 25.6
353 428 -45.2
354 354 6.4
354 355 12.8
354 356 25.6
354 357 51.2
354 428 -90.4
355 355 25.6
355 356 51.2
355 357 102.4
355 428 -180.8
356 356 102.4
356 357 204.8
356 428 -361.6
357 357 409.6
357 428 -723.1999999999999
365 365 0.1
365 366 0.2
365 367 0.4
365 368 0.8
365 369 1.6
365 370 3.2
365 371 6.4
365 428 -10.7
366 366 0.4
366 367 0.8
366 368 1.6
366 369 3.2
366 370 6.4
366 371 12.8
366 428 -21.4
367 367 1.6
367 368 3.2
367 369 6.4
367 370 12.8
367 371 25.6
367 428 -42.8
368 368 6.4
368 369 12.8
368 370 25.6
368 371 51.2
368 428 -85.6
369 369 25.6
369 370 51.2
369 371 102.4
369 428 -171.2
370 370 102.4
370 371 204.8
370 428 -342.4
371 371 409.6
371 428 -684.8000000000001
379 379 0.1
379 380 0.2
379 381 0.4
379 382 0.8
379 383 1.6
379 384 3.2
379 385 6.4
379 428 -9.5
380 380 0.4
380 381 0.8
380 382 1.6
380 383 3.2
380 384 6.4
380 385 12.8
380 428 -19.0
381 381 1.6
381 382 3.2
381 383 6.4
381 384 12.8
381 385 25.6
381 428 -38.0
382 382 6.4
382 383 12.8
382 384 25.6
382 385 51.2
382 428 -76.0
383 383 25.6
383 384 51.2
383 385 102.4
383 428 -152.0
384 384 102.4
384 385 204.8
384 428 -304.0
385 385 409.6
385 428 -608.0
393 393 0.1
393 394 0.2
393 395 0.4
393 396 0.8
393 397 1.6
393 398 3.2
393 399 6.4
393 428 -9.7
394 394 0.4
394 395 0.8
394 396 1.6
394 397 3.2
394 398 6.4
394 399 12.8
394 428 -19.4
395 395 1.6
395 396 3.2
395 397 6.4
395 398 12.8
395 399 25.6
395 428 -38.8
396 396 6.4
396 397 12.8
396 398 25.6
396 399 51.2
396 428 -77.6
397 397 25.6
397 398 51.2
397 399 102.4
397 428 -155.2
398 398 102.4
398 399 204.8
398 428 -310.4
399 399 409.6
399 428 -620.8000000000001
400 400 0.1
400 401 0.2
400 402 0.4
400 403 0.8
400 404 1.6
400 405 3.2
400 406 6.4
400 428 -11.7
401 401 0.4
401 402 0.8
401 403 1.6
401 404 3.2
401 405 6.4
401 406 12.8
401 428 -23.4
402 402 1.6
402 403 3.2
402 404 6.4
402 405 12.8
402 406 25.6
402 428 -46.8
403 403 6.4
403 404 12.8
403 405 25.6
403 406 51.2
403 428 -93.6
404 404 25.6
404 405 51.2
404 406 102.4
404 428 -187.2
405 405 102.4
405 406 204.8
405 428 -374.4
406 406 409.6
406 428 -748.7999999999998
414 414 0.1
414 415 0.2
414 416 0.4
414 417 0.8
414 418 1.6
414 419 3.2
414 420 6.4
414 428 -12.7
415 415 0.4
415 416 0.8
415 417 1.6
415 418 3.2
415 419 6.4
415 420 12.8
415 428 -25.4
416 416 1.6
416 417 3.2
416 418 6.4
416 419 12.8
416 420 25.6
416 428 -50.80000000000001
417 417 6.4
417 418 12.8
417 419 25.6
417 420 51.2
417 428 -101.6
418 418 25.6
418 419 51.2
418 420 102.4
418 428 -203.2
419 419 102.4
419 420 204.8
419 428 -406.4
420 420 409.6
420 428 -812.8000000000001
428 428 13134.74333640221