16 16 -0.44
17 17 -0.44
18 18 -0.44
19 19 -0.44
20 20 -0.44
21 21 -0.44
22 22 -0.44
23 23 -0.44
32 32 -0.44
33 33 -0.44
34 34 -0.44
35 35 -0.44
36 36 -0.44
37 37 -0.44
38 38 -0.44
39 39 -0.44
96 96 -0.44
97 97 -0.44
99 99 -0.44
100 100 -0.44
101 101 -0.44
102 102 -0.44
104 104 1
106 106 1
107 107 1
108 108 1
109 109 1
111 111 1
112 112 1
113 113 1
114 114 1
115 115 1
116 116 1
117 117 1
118 118 1
119 119 1
120 120 1
121 121 1
122 122 1
123 123 1
124 124 1
125 125 1
126 126 1
127 127 1
128 128 1
129 129 1
130 130 1
131 131 1
132 132 1
133 133 1
134 134 1
135 135 1
200 200 1
202 202 1
203 203 1
204 204 1
205 205 1
206 206 1
207 207 1
209 209 -0.44
210 210 -0.44
211 211 -0.44
212 212 -0.44
213 213 -0.44
214 214 -0.44
216 216 -0.44
217 217 -0.44
218 218 -0.44
219 219 -0.44
220 220 -0.44
221 221 -0.44
222 222 -0.44
223 223 -0.44
224 224 1
225 225 1
226 226 1
227 227 1
228 228 1
229 229 1
230 230 1
231 231 1
232 232 -0.44
233 233 -0.44
234 234 -0.44
235 235 -0.44
236 236 -0.44
237 237 -0.44
238 238 -0.44
239 239 -0.44
288 288 -0.44
289 289 -0.44
290 290 -0.44
291 291 -0.44
292 292 -0.44
293 293 -0.44
294 294 -0.44
295 295 -0.44
296 296 1
297 297 1
298 298 1
299 299 1
300 300 1
301 301 1
302 302 1
303 303 1
305 305 -0.44
306 306 -0.44
307 307 -0.44
308 308 -0.44
309 309 -0.44
310 310 -0.44
311 311 -0.44
312 312 -0.44
313 313 -0.44
314 314 -0.44
315 315 -0.44
316 316 -0.44
317 317 -0.44
318 318 -0.44
319 319 -0.44
320 320 1
321 321 1
322 322 1
323 323 1
324 324 1
325 325 1
326 326 1
327 327 1
384 384 -0.44
385 385 -0.44
386 386 -0.44
387 387 -0.44
388 388 -0.44
389 389 -0.44
390 390 -0.44
391 391 -0.44
392 392 1
393 393 1
394 394 1
395 395 1
396 396 1
397 397 1
398 398 1
399 399 1
400 400 1
401 401 1
403 403 1
404 404 1
406 406 1
407 407 1
408 408 1
409 409 1
411 411 1
412 412 1
414 414 1
415 415 1
416 416 1
417 417 1
418 418 1
419 419 1
420 420 1
421 421 1
422 422 1
423 423 1
424 424 -0.44
425 425 -0.44
426 426 -0.44
427 427 -0.44
428 428 -0.44
429 429 -0.44
430 430 -0.44
431 431 -0.44
504 504 -0.44
505 505 -0.44
506 506 -0.44
507 507 -0.44
508 508 -0.44
509 509 -0.44
510 510 -0.44
511 511 -0.44
16 20 -1
16 21 -1
16 22 -1
16 23 -1
16 112 -1
17 20 -1
17 21 -1
17 22 -1
17 23 -1
17 113 -1
18 20 -1
18 21 -1
18 22 -1
18 23 -1
18 114 -1
19 20 -1
19 21 -1
19 22 -1
19 23 -1
19 115 -1
32 36 -1
32 37 -1
32 38 -1
32 39 -1
32 128 -1
33 36 -1
33 37 -1
33 38 -1
33 39 -1
33 129 -1
34 36 -1
34 37 -1
34 38 -1
34 39 -1
34 130 -1
35 36 -1
35 37 -1
35 38 -1
35 39 -1
35 131 -1
96 100 -1
96 101 -1
96 102 -1
97 100 -1
97 101 -1
97 102 -1
99 100 -1
99 101 -1
99 102 -1
100 108 -1
101 109 -1
104 108 -1
104 109 -1
104 111 -1
104 200 1
106 108 -1
106 109 -1
106 111 -1
106 202 1
107 108 -1
107 109 -1
107 111 -1
107 203 1
108 116 1
109 117 1
111 119 1
112 116 -1
112 117 -1
112 118 -1
112 119 -1
113 116 -1
113 117 -1
113 118 -1
113 119 -1
114 116 -1
114 117 -1
114 118 -1
114 119 -1
115 116 -1
115 117 -1
115 118 -1
115 119 -1
116 124 1
117 125 1
118 126 1
119 127 1
120 124 -1
120 125 -1
120 126 -1
120 127 -1
120 216 -1
121 124 -1
121 125 -1
121 126 -1
121 127 -1
121 217 -1
122 124 -1
122 125 -1
122 126 -1
122 127 -1
122 218 -1
123 124 -1
123 125 -1
123 126 -1
123 127 -1
123 219 -1
124 132 -1
125 133 -1
126 134 -1
127 135 -1
128 132 -1
128 133 -1
128 134 -1
128 135 -1
128 224 -1
129 132 -1
129 133 -1
129 134 -1
129 135 -1
129 225 -1
130 132 -1
130 133 -1
130 134 -1
130 135 -1
130 226 -1
131 132 -1
131 133 -1
131 134 -1
131 135 -1
131 227 -1
200 204 -1
200 205 -1
200 206 -1
200 207 -1
200 296 -1
202 204 -1
202 205 -1
202 206 -1
202 207 -1
202 298 -1
203 204 -1
203 205 -1
203 206 -1
203 207 -1
203 299 -1
204 212 -1
205 213 -1
206 214 -1
209 212 -1
209 213 -1
209 214 -1
210 212 -1
210 213 -1
210 214 -1
211 212 -1
211 213 -1
211 214 -1
216 220 -1
216 221 -1
216 222 -1
216 223 -1
217 220 -1
217 221 -1
217 222 -1
217 223 -1
218 220 -1
218 221 -1
218 222 -1
218 223 -1
219 220 -1
219 221 -1
219 222 -1
219 223 -1
224 228 -1
224 229 -1
224 230 -1
224 231 -1
224 320 -1
225 228 -1
225 229 -1
225 230 -1
225 231 -1
225 321 -1
226 228 -1
226 229 -1
226 230 -1
226 231 -1
226 322 -1
227 228 -1
227 229 -1
227 230 -1
227 231 -1
227 323 -1
228 236 -1
229 237 -1
230 238 -1
231 239 -1
232 236 -1
232 237 -1
232 238 -1
232 239 -1
233 236 -1
233 237 -1
233 238 -1
233 239 -1
234 236 -1
234 237 -1
234 238 -1
234 239 -1
235 236 -1
235 237 -1
235 238 -1
235 239 -1
288 292 -1
288 293 -1
288 294 -1
288 295 -1
289 292 -1
289 293 -1
289 294 -1
289 295 -1
290 292 -1
290 293 -1
290 294 -1
290 295 -1
291 292 -1
291 293 -1
291 294 -1
291 295 -1
292 300 -1
293 301 -1
294 302 -1
295 303 -1
296 300 -1
296 301 -1
296 302 -1
296 303 -1
296 392 -1
297 300 -1
297 301 -1
297 302 -1
297 303 -1
297 393 -1
298 300 -1
298 301 -1
298 302 -1
298 303 -1
298 394 -1
299 300 -1
299 301 -1
299 302 -1
299 303 -1
299 395 -1
305 308 -1
305 309 -1
305 310 -1
305 311 -1
305 401 -1
306 308 -1
306 309 -1
306 310 -1
306 311 -1
307 308 -1
307 309 -1
307 310 -1
307 311 -1
307 403 -1
312 316 -1
312 317 -1
312 318 -1
312 319 -1
313 316 -1
313 317 -1
313 318 -1
313 319 -1
314 316 -1
314 317 -1
314 318 -1
314 319 -1
315 316 -1
315 317 -1
315 318 -1
315 319 -1
316 324 -1
317 325 -1
318 326 -1
319 327 -1
320 324 -1
320 325 -1
320 326 -1
320 327 -1
320 416 1
321 324 -1
321 325 -1
321 326 -1
321 327 -1
321 417 1
322 324 -1
322 325 -1
322 326 -1
322 327 -1
322 418 1
323 324 -1
323 325 -1
323 326 -1
323 327 -1
323 419 1
384 388 -1
384 389 -1
384 390 -1
384 391 -1
385 388 -1
385 389 -1
385 390 -1
385 391 -1
386 388 -1
386 389 -1
386 390 -1
386 391 -1
387 388 -1
387 389 -1
387 390 -1
387 391 -1
388 396 -1
389 397 -1
390 398 -1
391 399 -1
392 396 -1
392 397 -1
392 398 -1
392 399 -1
393 396 -1
393 397 -1
393 398 -1
393 399 -1
394 396 -1
394 397 -1
394 398 -1
394 399 -1
395 396 -1
395 397 -1
395 398 -1
395 399 -1
396 404 1
398 406 1
399 407 1
400 404 -1
400 406 -1
400 407 -1
401 404 -1
401 406 -1
401 407 -1
403 404 -1
403 406 -1
403 407 -1
404 412 1
406 414 1
407 415 1
408 412 -1
408 414 -1
408 415 -1
408 504 -1
409 412 -1
409 414 -1
409 415 -1
409 505 -1
411 412 -1
411 414 -1
411 415 -1
411 507 -1
412 420 1
414 422 1
415 423 1
416 420 -1
416 421 -1
416 422 -1
416 423 -1
417 420 -1
417 421 -1
417 422 -1
417 423 -1
418 420 -1
418 421 -1
418 422 -1
418 423 -1
419 420 -1
419 421 -1
419 422 -1
419 423 -1
420 428 -1
421 429 -1
422 430 -1
423 431 -1
424 428 -1
424 429 -1
424 430 -1
424 431 -1
425 428 -1
425 429 -1
425 430 -1
425 431 -1
426 428 -1
426 429 -1
426 430 -1
426 431 -1
427 428 -1
427 429 -1
427 430 -1
427 431 -1
504 508 -1
504 509 -1
504 510 -1
504 511 -1
505 508 -1
505 509 -1
505 510 -1
505 511 -1
506 508 -1
506 509 -1
506 510 -1
506 511 -1
507 508 -1
507 509 -1
507 510 -1
507 511 -1
