100 200
1 2 56164
2 3 -20972
3 4 25280
4 5 10663
5 6 -55839
6 7 -44342
7 8 109520
8 9 120235
9 10 -107087
10 1 -17460
11 12 34915
12 13 32085
13 14 -173399
14 15 -2800
15 16 117679
16 17 -53519
17 18 112370
18 19 -656
19 20 -19155
20 11 -107529
21 22 10651
22 23 37769
23 24 -71766
24 25 19314
25 26 126825
26 27 124831
27 28 -37086
28 29 90630
29 30 50523
30 21 27638
31 32 112239
32 33 -33349
33 34 67080
34 35 -156366
35 36 15004
36 37 40377
37 38 60060
38 39 35160
39 40 -80778
40 31 106754
41 42 -65773
42 43 -56026
43 44 125363
44 45 -145562
45 46 43698
46 47 238268
47 48 -18701
48 49 52618
49 50 -172276
50 41 101560
51 52 83074
52 53 -49096
53 54 -23439
54 55 32170
55 56 148831
56 57 -8446
57 58 -35918
58 59 -187648
59 60 38262
60 51 -63446
61 62 -149855
62 63 145065
63 64 41108
64 65 -11327
65 66 -76528
66 67 -88973
67 68 -14759
68 69 125314
69 70 -60562
70 61 48823
71 72 -14574
72 73 38429
73 74 28629
74 75 18277
75 76 -35807
76 77 61958
77 78 -60425
78 79 -45062
79 80 -20475
80 71 173828
81 82 73895
82 83 -28622
83 84 -200488
84 85 48784
85 86 38816
86 87 -142672
87 88 66180
88 89 -17120
89 90 -149452
90 81 -10712
91 92 -14723
92 93 67028
93 94 105779
94 95 -150483
95 96 -43626
96 97 -63400
97 98 -27989
98 99 5533
99 100 -58920
100 91 81529
1 11 -93210
2 12 -192753
3 13 -55466
4 14 -156050
5 15 41750
6 16 -46259
7 17 129523
8 18 -125348
9 19 -7821
10 20 25403
11 21 34022
12 22 13965
13 23 118483
14 24 98433
15 25 -74156
16 26 65562
17 27 113720
18 28 -187373
19 29 15389
20 30 -62651
21 31 -59252
22 32 -6120
23 33 -14767
24 34 33549
25 35 61393
26 36 68945
27 37 71225
28 38 -29032
29 39 -1680
30 40 26312
31 41 9612
32 42 -42462
33 43 -88315
34 44 114792
35 45 -1827
36 46 41608
37 47 120948
38 48 -19222
39 49 -65773
40 50 9680
41 51 -44328
42 52 -111348
43 53 -239344
44 54 87243
45 55 -93820
46 56 -47197
47 57 -106114
48 58 -76949
49 59 9070
50 60 -102741
51 61 94164
52 62 16345
53 63 -44159
54 64 72215
55 65 88820
56 66 54081
57 67 49996
58 68 65903
59 69 101428
60 70 54667
61 71 119035
62 72 -6955
63 73 -33025
64 74 139183
65 75 59222
66 76 35332
67 77 -95838
68 78 -21890
69 79 192450
70 80 -221799
71 81 17510
72 82 -66530
73 83 -156392
74 84 -76336
75 85 -88169
76 86 11741
77 87 -73476
78 88 -35731
79 89 149399
80 90 -19541
81 91 186009
82 92 -36591
83 93 -113563
84 94 -121086
85 95 79592
86 96 -45049
87 97 104621
88 98 -41410
89 99 101382
90 100 176935
91 1 -48518
92 2 -169046
93 3 -35809
94 4 -121063
95 5 -47489
96 6 46202
97 7 -218009
98 8 155715
99 9 71995
100 10 -51274
