400 800
1 2 -44154
2 3 -36162
3 4 18926
4 5 -66442
5 6 35053
6 7 -138460
7 8 33533
8 9 45540
9 10 71880
10 11 -179358
11 12 51364
12 13 76727
13 14 -66312
14 15 -95867
15 16 -106176
16 17 21954
17 18 -74397
18 19 -40038
19 20 94391
20 1 76072
21 22 -38835
22 23 -19317
23 24 110245
24 25 7429
25 26 -27687
26 27 -8654
27 28 4988
28 29 -3291
29 30 20239
30 31 19935
31 32 -20380
32 33 -115487
33 34 -34780
34 35 -32060
35 36 -176190
36 37 53117
37 38 -52912
38 39 84033
39 40 -14147
40 21 -87503
41 42 43827
42 43 -48329
43 44 68309
44 45 -67732
45 46 -90641
46 47 -186192
47 48 -119773
48 49 -12470
49 50 102833
50 51 89587
51 52 -147264
52 53 -104218
53 54 38500
54 55 5777
55 56 -25168
56 57 -44195
57 58 131423
58 59 -106515
59 60 114087
60 41 41816
61 62 45674
62 63 35837
63 64 110706
64 65 159505
65 66 -23932
66 67 224265
67 68 75293
68 69 45774
69 70 48648
70 71 86955
71 72 -36434
72 73 45270
73 74 125081
74 75 -27405
75 76 -71013
76 77 -96792
77 78 33005
78 79 120770
79 80 66519
80 61 -209280
81 82 25344
82 83 -60156
83 84 123885
84 85 -214
85 86 -40561
86 87 -121107
87 88 -180071
88 89 -35309
89 90 -29215
90 91 65446
91 92 -66760
92 93 41136
93 94 -232309
94 95 130097
95 96 -130053
96 97 105955
97 98 4301
98 99 -32511
99 100 73938
100 81 35830
101 102 -54425
102 103 -112636
103 104 -154664
104 105 -70432
105 106 136499
106 107 36849
107 108 92227
108 109 112622
109 110 37846
110 111 -122172
111 112 42434
112 113 -6974
113 114 49795
114 115 -22920
115 116 -74879
116 117 205236
117 118 -46950
118 119 -101239
119 120 28387
120 101 132189
121 122 33245
122 123 -4691
123 124 46421
124 125 147993
125 126 -53479
126 127 -173184
127 128 -50661
128 129 87435
129 130 251653
130 131 41225
131 132 78944
132 133 16856
133 134 -142914
134 135 90549
135 136 57486
136 137 186223
137 138 -4488
138 139 -11610
139 140 30350
140 121 7636
141 142 460
142 143 71774
143 144 25746
144 145 -65434
145 146 28244
146 147 -189896
147 148 -72942
148 149 22566
149 150 116970
150 151 -19954
151 152 -46954
152 153 114644
153 154 -23802
154 155 -68473
155 156 8118
156 157 64151
157 158 114711
158 159 -50205
159 160 -39589
160 141 290339
161 162 -78756
162 163 5187
163 164 -87749
164 165 -17591
165 166 -44618
166 167 -8495
167 168 -140784
168 169 28160
169 170 71703
170 171 106838
171 172 56026
172 173 114709
173 174 45614
174 175 186508
175 176 -71545
176 177 3852
177 178 1468
178 179 -134428
179 180 -10279
180 161 -168970
181 182 82681
182 183 -60270
183 184 118882
184 185 83749
185 186 93656
186 187 -70998
187 188 -14185
188 189 -87824
189 190 100276
190 191 168428
191 192 135078
192 193 -92663
193 194 -76726
194 195 47939
195 196 -53878
196 197 128828
197 198 -86761
198 199 128335
199 200 39401
200 181 -30213
201 202 -30628
202 203 -124154
203 204 -187815
204 205 209534
205 206 -78329
206 207 -60194
207 208 115265
208 209 50635
209 210 6532
210 211 -35521
211 212 117937
212 213 -111607
213 214 -97983
214 215 -130976
215 216 53258
216 217 157234
217 218 78287
218 219 41398
219 220 -48026
220 201 -128702
221 222 66247
222 223 95334
223 224 -125487
224 225 -121125
225 226 -126733
226 227 27846
227 228 -144468
228 229 -243277
229 230 -3676
230 231 158158
231 232 45951
232 233 -8924
233 234 5069
234 235 7922
235 236 -89956
236 237 -176754
237 238 -44647
238 239 -16364
239 240 -35615
240 221 67022
241 242 -20503
242 243 93680
243 244 64995
244 245 58924
245 246 26261
246 247 -78070
247 248 221873
248 249 -90686
249 250 -97602
250 251 -76222
251 252 -79561
252 253 66851
253 254 13556
254 255 50655
255 256 -176123
256 257 89743
257 258 231593
258 259 -157152
259 260 -147155
260 241 -48646
261 262 -47697
262 263 35576
263 264 -116943
264 265 -29936
265 266 -77107
266 267 44855
267 268 141612
268 269 73326
269 270 14120
270 271 60229
271 272 -62082
272 273 1186
273 274 56286
274 275 20614
275 276 -15775
276 277 -6005
277 278 -55313
278 279 -33456
279 280 225032
280 261 159445
281 282 -187485
282 283 108857
283 284 -84777
284 285 -36918
285 286 33481
286 287 -28905
287 288 24461
288 289 -204880
289 290 -112993
290 291 42852
291 292 -59553
292 293 80402
293 294 -42947
294 295 213696
295 296 95396
296 297 -64783
297 298 118148
298 299 184394
299 300 42733
300 281 -69178
301 302 -38964
302 303 -23831
303 304 80439
304 305 128029
305 306 1548
306 307 76863
307 308 3836
308 309 117528
309 310 165832
310 311 125307
311 312 -159431
312 313 4964
313 314 41670
314 315 148037
315 316 80001
316 317 -39426
317 318 184447
318 319 99796
319 320 -118788
320 301 112446
321 322 40484
322 323 108085
323 324 -32382
324 325 70459
325 326 124706
326 327 16320
327 328 -145800
328 329 48848
329 330 100170
330 331 -22251
331 332 -150901
332 333 139258
333 334 35708
334 335 -67533
335 336 -40321
336 337 79799
337 338 -152041
338 339 -109580
339 340 3063
340 321 -101056
341 342 152909
342 343 1774
343 344 -15767
344 345 104561
345 346 -102376
346 347 13098
347 348 -77886
348 349 203159
349 350 -11335
350 351 -1613
351 352 70212
352 353 127582
353 354 51429
354 355 250460
355 356 -11983
356 357 -2645
357 358 -65222
358 359 -9278
359 360 -31459
360 341 -69101
361 362 84698
362 363 -32053
363 364 8257
364 365 -128839
365 366 -61657
366 367 -167133
367 368 -9674
368 369 58780
369 370 -139437
370 371 11612
371 372 -22751
372 373 -119986
373 374 -31635
374 375 -78243
375 376 -39292
376 377 -153796
377 378 -8233
378 379 -183912
379 380 -123225
380 361 -263337
381 382 234426
382 383 -134426
383 384 -221928
384 385 35903
385 386 226848
386 387 76561
387 388 -46244
388 389 68259
389 390 -45491
390 391 159980
391 392 119333
392 393 173290
393 394 66620
394 395 176747
395 396 50053
396 397 97111
397 398 14895
398 399 20265
399 400 -35658
400 381 187583
1 21 -18569
2 22 53508
3 23 61595
4 24 53558
5 25 -129704
6 26 -142771
7 27 -80533
8 28 1924
9 29 -55221
10 30 -87759
11 31 -126563
12 32 -90667
13 33 -20420
14 34 -241468
15 35 145457
16 36 -32892
17 37 4199
18 38 -57753
19 39 89265
20 40 35645
21 41 -49605
22 42 139145
23 43 -65765
24 44 38558
25 45 -26368
26 46 -191978
27 47 79128
28 48 60907
29 49 93137
30 50 2882
31 51 120632
32 52 181859
33 53 -2275
34 54 -69316
35 55 -56238
36 56 -79087
37 57 -51451
38 58 69018
39 59 -128387
40 60 -3516
41 61 -13425
42 62 -58278
43 63 -53902
44 64 75566
45 65 24479
46 66 -69203
47 67 -2338
48 68 -13195
49 69 71666
50 70 -62203
51 71 70557
52 72 274334
53 73 -180219
54 74 -51686
55 75 3427
56 76 -52848
57 77 -89678
58 78 42883
59 79 69860
60 80 -80268
61 81 -18390
62 82 26410
63 83 -142087
64 84 -90991
65 85 -101200
66 86 -78458
67 87 -30621
68 88 -50104
69 89 -145113
70 90 32958
71 91 -20082
72 92 -89445
73 93 -67636
74 94 532
75 95 -149653
76 96 7592
77 97 -44655
78 98 -28195
79 99 78657
80 100 -81456
81 101 115456
82 102 -26353
83 103 85939
84 104 122995
85 105 -47987
86 106 -5072
87 107 -38746
88 108 -143341
89 109 8236
90 110 -24907
91 111 -17885
92 112 79327
93 113 -59295
94 114 -27698
95 115 2557
96 116 -905
97 117 -68092
98 118 -35031
99 119 77382
100 120 65622
101 121 72803
102 122 -19530
103 123 -24328
104 124 -43977
105 125 22143
106 126 -138297
107 127 137808
108 128 85405
109 129 15808
110 130 -100647
111 131 129437
112 132 -146430
113 133 -8385
114 134 -147775
115 135 -244492
116 136 34174
117 137 -110517
118 138 82053
119 139 -69019
120 140 -10698
121 141 81282
122 142 -81590
123 143 151994
124 144 13136
125 145 -139376
126 146 -15728
127 147 -105022
128 148 -168470
129 149 14800
130 150 21736
131 151 66122
132 152 -106137
133 153 -112090
134 154 30185
135 155 123615
136 156 58439
137 157 91406
138 158 87249
139 159 -45647
140 160 4598
141 161 -110845
142 162 13733
143 163 91442
144 164 -178131
145 165 22786
146 166 -23802
147 167 125617
148 168 -119564
149 169 79712
150 170 -19109
151 171 3396
152 172 -113581
153 173 110231
154 174 122306
155 175 96063
156 176 -39926
157 177 -136101
158 178 -151085
159 179 -37922
160 180 -69825
161 181 20072
162 182 68801
163 183 -93948
164 184 48375
165 185 85198
166 186 -17253
167 187 -69299
168 188 -70243
169 189 129392
170 190 -21747
171 191 -165483
172 192 -294541
173 193 -106550
174 194 31183
175 195 19110
176 196 -86355
177 197 -19083
178 198 -79111
179 199 101035
180 200 136765
181 201 73915
182 202 -110441
183 203 -46870
184 204 98880
185 205 -77959
186 206 64118
187 207 53809
188 208 -77375
189 209 -164023
190 210 69915
191 211 -64781
192 212 -88510
193 213 -93735
194 214 -34219
195 215 -60940
196 216 -70355
197 217 26112
198 218 43927
199 219 -14665
200 220 73921
201 221 -193696
202 222 -7968
203 223 56923
204 224 -61105
205 225 -141770
206 226 60879
207 227 50531
208 228 44085
209 229 -16259
210 230 -93100
211 231 180344
212 232 33687
213 233 -24407
214 234 -247395
215 235 47541
216 236 -12366
217 237 -100622
218 238 7147
219 239 -29038
220 240 -55359
221 241 7932
222 242 17537
223 243 -190336
224 244 -78679
225 245 119468
226 246 -123317
227 247 -25080
228 248 39257
229 249 8770
230 250 3937
231 251 46643
232 252 33580
233 253 114255
234 254 184718
235 255 79453
236 256 -80035
237 257 -231037
238 258 -19277
239 259 160966
240 260 -87584
241 261 -53097
242 262 -31502
243 263 -64320
244 264 -1331
245 265 -108092
246 266 -162107
247 267 -12517
248 268 -32974
249 269 -21103
250 270 39583
251 271 -12752
252 272 79605
253 273 -15008
254 274 64094
255 275 -146862
256 276 -4861
257 277 -20430
258 278 -82670
259 279 193215
260 280 -27028
261 281 -50446
262 282 13535
263 283 -42765
264 284 -43723
265 285 59807
266 286 -88504
267 287 34777
268 288 75623
269 289 -35923
270 290 137701
271 291 178105
272 292 -205681
273 293 -26184
274 294 29756
275 295 13973
276 296 151364
277 297 50588
278 298 -97753
279 299 -88455
280 300 -69530
281 301 -155742
282 302 -27786
283 303 -31351
284 304 134528
285 305 59095
286 306 239272
287 307 137420
288 308 61893
289 309 -36624
290 310 -65304
291 311 -48607
292 312 -26847
293 313 106971
294 314 84601
295 315 83746
296 316 74126
297 317 14517
298 318 -65443
299 319 9617
300 320 -55314
301 321 55587
302 322 126632
303 323 -132675
304 324 141494
305 325 -36953
306 326 -78452
307 327 -127979
308 328 109779
309 329 11112
310 330 92321
311 331 77741
312 332 62431
313 333 -78261
314 334 26998
315 335 -24334
316 336 10798
317 337 -99058
318 338 89671
319 339 168620
320 340 68009
321 341 514
322 342 -16545
323 343 -51985
324 344 -121025
325 345 -51892
326 346 -107011
327 347 4216
328 348 -2180
329 349 113252
330 350 62316
331 351 -48330
332 352 84859
333 353 -58552
334 354 -277003
335 355 160273
336 356 -24960
337 357 122272
338 358 -242913
339 359 3986
340 360 7095
341 361 -46300
342 362 69713
343 363 234686
344 364 150223
345 365 80534
346 366 -203673
347 367 -114019
348 368 -41307
349 369 -99058
350 370 153133
351 371 -77368
352 372 175288
353 373 89634
354 374 -92325
355 375 -86092
356 376 -95465
357 377 128855
358 378 31219
359 379 25382
360 380 57341
361 381 97370
362 382 -149043
363 383 125218
364 384 27942
365 385 -26545
366 386 -228167
367 387 35891
368 388 46995
369 389 6058
370 390 12793
371 391 -208049
372 392 228505
373 393 -68352
374 394 10342
375 395 -71216
376 396 -165707
377 397 308059
378 398 95744
379 399 140663
380 400 -128922
381 1 23626
382 2 -44633
383 3 109277
384 4 -36
385 5 -6988
386 6 -2749
387 7 70717
388 8 -113591
389 9 5717
390 10 76275
391 11 -30302
392 12 -33466
393 13 131402
394 14 171321
395 15 -125876
396 16 14262
397 17 -54627
398 18 -199850
399 19 -38299
400 20 106005
