125 375
1 2 -40156
2 3 94088
3 4 53229
4 5 28048
5 1 -138845
6 7 -56355
7 8 64732
8 9 -170283
9 10 51251
10 6 152678
11 12 172006
12 13 100961
13 14 18283
14 15 88654
15 11 -113885
16 17 -70959
17 18 -76519
18 19 35650
19 20 -108350
20 16 -52516
21 22 52043
22 23 -71662
23 24 -229637
24 25 -183889
25 21 86349
1 6 141773
2 7 18847
3 8 -75711
4 9 181971
5 10 -186354
6 11 39951
7 12 -55213
8 13 -74254
9 14 33944
10 15 230904
11 16 -79689
12 17 375001
13 18 82626
14 19 85423
15 20 -32898
16 21 32119
17 22 -158334
18 23 -44552
19 24 26145
20 25 -13002
21 1 133278
22 2 -53015
23 3 -108588
24 4 -79239
25 5 -9724
1 26 86451
2 27 76396
3 28 -58350
4 29 -96128
5 30 8397
6 31 140304
7 32 -91008
8 33 -7288
9 34 -106484
10 35 291465
11 36 -20551
12 37 -200435
13 38 9423
14 39 -94365
15 40 17074
16 41 114840
17 42 15427
18 43 -17731
19 44 13601
20 45 117134
21 46 301004
22 47 2666
23 48 -86869
24 49 -112678
25 50 121764
26 27 -8815
27 28 -79938
28 29 95883
29 30 97814
30 26 25947
31 32 27034
32 33 -149868
33 34 37031
34 35 73382
35 31 52152
36 37 173370
37 38 87649
38 39 -25999
39 40 48050
40 36 -47405
41 42 -3882
42 43 -136584
43 44 6927
44 45 -59887
45 41 -25549
46 47 -22003
47 48 34391
48 49 47918
49 50 -89612
50 46 49436
26 31 155842
27 32 105061
28 33 43335
29 34 43744
30 35 18486
31 36 -98556
32 37 114662
33 38 121721
34 39 -54247
35 40 185006
36 41 56372
37 42 78182
38 43 140387
39 44 -174671
40 45 -116553
41 46 129380
42 47 -57333
43 48 -57982
44 49 100309
45 50 -84704
46 26 134156
47 27 80393
48 28 -146883
49 29 -6269
50 30 -118821
26 51 -215480
27 52 23528
28 53 -70114
29 54 157402
30 55 47700
31 56 62585
32 57 74540
33 58 -11956
34 59 -85921
35 60 2450
36 61 -13886
37 62 -9619
38 63 105203
39 64 110992
40 65 8671
41 66 -114923
42 67 35647
43 68 -171819
44 69 20499
45 70 58917
46 71 -127376
47 72 -23674
48 73 -98659
49 74 34427
50 75 -115683
51 52 71915
52 53 -25145
53 54 114134
54 55 -146068
55 51 -106130
56 57 -123750
57 58 -25948
58 59 41421
59 60 8015
60 56 77566
61 62 67572
62 63 -13235
63 64 -145012
64 65 -78041
65 61 -178041
66 67 -25319
67 68 -54571
68 69 15278
69 70 97719
70 66 196564
71 72 3561
72 73 33878
73 74 89187
74 75 38057
75 71 -79913
51 56 22776
52 57 -20043
53 58 -58509
54 59 35802
55 60 3315
56 61 -39853
57 62 116135
58 63 138491
59 64 16692
60 65 26272
61 66 180662
62 67 -3461
63 68 -8206
64 69 -99782
65 70 107830
66 71 -115366
67 72 -4833
68 73 -220733
69 74 37599
70 75 27902
71 51 203137
72 52 77881
73 53 -46573
74 54 73244
75 55 163857
51 76 90907
52 77 8246
53 78 -160400
54 79 -15400
55 80 -39658
56 81 -85342
57 82 125100
58 83 -69658
59 84 24029
60 85 31838
61 86 176198
62 87 68098
63 88 93536
64 89 -17425
65 90 37594
66 91 -18639
67 92 -15735
68 93 -137220
69 94 124213
70 95 -67696
71 96 9527
72 97 -77508
73 98 -62544
74 99 112698
75 100 -51901
76 77 110073
77 78 -5074
78 79 144086
79 80 71088
80 76 -48215
81 82 266080
82 83 51554
83 84 -101232
84 85 21749
85 81 -69428
86 87 -8451
87 88 -103203
88 89 -105475
89 90 131028
90 86 -54026
91 92 -18038
92 93 -139708
93 94 -592
94 95 106
95 91 44046
96 97 -39238
97 98 -130590
98 99 -30017
99 100 14539
100 96 274595
76 81 -51333
77 82 -24933
78 83 253618
79 84 -9500
80 85 26217
81 86 30016
82 87 -47513
83 88 142370
84 89 45295
85 90 42696
86 91 -42773
87 92 175163
88 93 51843
89 94 72605
90 95 7273
91 96 15457
92 97 109473
93 98 -61384
94 99 96496
95 100 5624
96 76 86783
97 77 -148186
98 78 -65843
99 79 3404
100 80 -84033
76 101 95003
77 102 147867
78 103 84549
79 104 -98683
80 105 33411
81 106 -533
82 107 -33541
83 108 84502
84 109 178149
85 110 -89511
86 111 -48068
87 112 -33980
88 113 104556
89 114 -64714
90 115 8366
91 116 -602
92 117 -202835
93 118 -37583
94 119 110481
95 120 -126315
96 121 -141926
97 122 138239
98 123 -68714
99 124 99945
100 125 -73190
101 102 30593
102 103 178867
103 104 -103059
104 105 -43731
105 101 142988
106 107 -136857
107 108 33989
108 109 -14465
109 110 -42521
110 106 -131280
111 112 -41965
112 113 2710
113 114 -143491
114 115 36286
115 111 -50968
116 117 80037
117 118 -49030
118 119 -10700
119 120 -48833
120 116 -167111
121 122 83108
122 123 -12793
123 124 -85931
124 125 64854
125 121 -15037
101 106 39400
102 107 79267
103 108 47147
104 109 12549
105 110 -5686
106 111 121485
107 112 -60939
108 113 148735
109 114 124829
110 115 -106101
111 116 -8485
112 117 -23204
113 118 130501
114 119 -78804
115 120 113689
116 121 -43229
117 122 182605
118 123 67341
119 124 -86910
120 125 -32064
121 101 -147822
122 102 -9323
123 103 80386
124 104 -49780
125 105 12283
101 1 -14417
102 2 -106172
103 3 -106048
104 4 -63953
105 5 -78199
106 6 -17696
107 7 -41746
108 8 101569
109 9 -105882
110 10 -78830
111 11 -4587
112 12 19325
113 13 -18301
114 14 59026
115 15 -22512
116 16 25602
117 17 86298
118 18 -98651
119 19 -71462
120 20 169063
121 21 -238936
122 22 131240
123 23 117052
124 24 -57922
125 25 101901
