216 648
1 2 -115366
2 3 109473
3 4 38057
4 5 -158334
5 6 6003
6 1 73382
7 8 317238
8 9 -86869
9 10 -62305
10 11 -183889
11 12 9423
12 7 72396
13 14 -3882
14 15 42883
15 16 72605
16 17 15129
17 18 -49780
18 13 -238649
19 20 -77508
20 21 5496
21 22 90907
22 23 -76519
23 24 49436
24 19 85267
25 26 230904
26 27 181849
27 28 -146068
28 29 -123750
29 30 -25124
30 25 -4674
31 32 101185
32 33 -238936
33 34 -114923
34 35 -167111
35 36 -68380
36 31 -247819
1 7 105352
2 8 94898
3 9 26291
4 10 15427
5 11 -39238
6 12 -17018
7 13 -25549
8 14 -16325
9 15 140387
10 16 2666
11 17 -112467
12 18 -36474
13 19 -131726
14 20 -106484
15 21 129622
16 22 -8815
17 23 -88270
18 24 5624
19 25 130501
20 26 -6269
21 27 -86028
22 28 -56167
23 29 -11956
24 30 -106687
25 31 -103203
26 32 -25948
27 33 38683
28 34 -160400
29 35 -33980
30 36 61082
31 1 -25999
32 2 106
33 3 -170283
34 4 56372
35 5 127327
36 6 -89612
1 37 13601
2 38 -5686
3 39 -46573
4 40 -72827
5 41 63731
6 42 -58350
7 43 -91008
8 44 -115683
9 45 15457
10 46 67341
11 47 -79913
12 48 35647
13 49 135648
14 50 173370
15 51 17977
16 52 -86775
17 53 -154057
18 54 -37280
19 55 8397
20 56 225887
21 57 -17425
22 58 -204597
23 59 -37583
24 60 -127376
25 61 -98556
26 62 43949
27 63 124213
28 64 32112
29 65 28110
30 66 11865
31 67 10372
32 68 95091
33 69 -41746
34 70 -126315
35 71 110481
36 72 138491
37 38 -78830
38 39 27034
39 40 110992
40 41 -24933
41 42 -13235
42 37 -14974
43 44 -48833
44 45 -123837
45 46 -8485
46 47 114840
47 48 8115
48 43 -12793
49 50 103051
50 51 11272
51 52 5037
52 53 185006
53 54 -9619
54 49 33989
55 56 28006
56 57 -74254
57 58 -106048
58 59 -108350
59 60 -171819
60 55 144086
61 62 101569
62 63 -61384
63 64 -58541
64 65 -13002
65 66 131436
66 61 -30017
67 68 178867
68 69 86298
69 70 -68714
70 71 151852
71 72 71088
72 67 -127069
37 43 68098
38 44 -133152
39 45 59288
40 46 29197
41 47 -157344
42 48 41606
43 49 -167461
44 50 69235
45 51 -64947
46 52 88654
47 53 -83126
48 54 -9643
49 55 78182
50 56 -105475
51 57 47147
52 58 -58509
53 59 -93701
54 60 -54571
55 61 121721
56 62 -96128
57 63 51554
58 64 104556
59 65 64854
60 66 155888
61 67 178988
62 68 -124217
63 69 -69658
64 70 124829
65 71 67572
66 72 130026
67 37 -130590
68 38 14539
69 39 -89511
70 40 -25319
71 41 41254
72 42 58917
37 73 -93079
38 74 22395
39 75 44046
40 76 43335
41 77 -32898
42 78 -4665
43 79 353444
44 80 172732
45 81 79267
46 82 274595
47 83 7273
48 84 -51333
49 85 -56355
50 86 41597
51 87 46265
52 88 -1645
53 89 -533
54 90 68890
55 91 -10700
56 92 125100
57 93 62585
58 94 30016
59 95 22055
60 96 -7288
61 97 -23204
62 98 133278
63 99 -91970
64 100 -1813
65 101 -2775
66 102 12289
67 103 169063
68 104 -54676
69 105 84549
70 106 113689
71 107 -106130
72 108 -149868
73 74 -14687
74 75 -98651
75 76 6340
76 77 -9903
77 78 16692
78 73 -71462
79 80 -145291
80 81 117052
81 82 -17731
82 83 71915
83 84 -87755
84 79 76396
85 86 -5524
86 87 9527
87 88 -288410
88 89 -44824
89 90 80393
90 85 -64565
91 92 4920
92 93 32115
93 94 42696
94 95 86783
95 96 4731
96 91 -42521
97 98 -101232
98 99 129380
99 100 107830
100 101 -53533
101 102 33944
102 97 -67696
103 104 -5074
104 105 33878
105 106 27902
106 107 26145
107 108 21165
108 103 -71662
73 79 108395
74 80 174379
75 81 -46189
76 82 245243
77 83 266080
78 84 -78199
79 85 2450
80 86 -62544
81 87 -44820
82 88 -145012
83 89 -220733
84 90 68876
85 91 -165165
86 92 85423
87 93 -215480
88 94 -4833
89 95 -9724
90 96 101901
91 97 -37134
92 98 -116553
93 99 -62966
94 100 -41965
95 101 -86910
96 102 57415
97 103 6927
98 104 31838
99 105 201682
100 106 -8321
101 107 -69428
102 108 47918
103 73 116127
104 74 172006
105 75 181971
106 76 35802
107 77 -15303
108 78 93536
73 109 -13539
74 110 38228
75 111 15278
76 112 123424
77 113 -58989
78 114 -20043
79 115 209264
80 116 -20705
81 117 -50968
82 118 -98110
83 119 -47513
84 120 152678
85 121 -84099
86 122 22776
87 123 -105882
88 124 18283
89 125 -171250
90 126 -103059
91 127 148735
92 128 -22003
93 129 -84704
94 130 253618
95 131 93080
96 132 86349
97 133 -55213
98 134 182605
99 135 116135
100 136 -103655
101 137 -20551
102 138 95883
103 139 192161
104 140 -15213
105 141 37031
106 142 -108691
107 143 11638
108 144 21788
109 110 12549
110 111 -17696
111 112 21047
112 113 142370
113 114 -114289
114 109 157370
115 116 207044
116 117 94200
117 118 -108588
118 119 77881
119 120 24779
120 115 -120043
121 122 -51901
122 123 -139708
123 124 -47405
124 125 121764
125 126 -4587
126 121 -39853
127 128 -31820
128 129 34391
129 130 74540
130 131 32119
131 132 52152
132 127 167939
133 134 18847
134 135 -76434
135 136 -200435
136 137 79255
137 138 39951
138 133 -95548
139 140 -137220
140 141 13883
141 142 -15443
142 143 94088
143 144 -52931
144 139 120492
109 115 -148186
110 116 -14465
111 117 -2565
112 118 7216
113 119 -42773
114 120 -59887
115 121 -14136
116 122 -174671
117 123 -42386
118 124 249151
119 125 -73190
120 126 -28806
121 127 70038
122 128 -44552
123 129 -173340
124 130 121485
125 131 100309
126 132 -48068
127 133 52043
128 134 -57333
129 135 23528
130 136 138239
131 137 -8206
132 138 41421
133 139 -131779
134 140 34003
135 141 120040
136 142 -113885
137 143 61674
138 144 24991
139 109 45295
140 110 46602
141 111 -41261
142 112 11311
143 113 12283
144 114 112698
109 145 117134
110 146 21312
111 147 28048
112 148 3315
113 149 291465
114 150 -25145
115 151 8246
116 152 -113920
117 153 -18929
118 154 47700
119 155 -22512
120 156 105061
121 157 64732
122 158 -70959
123 159 -86925
124 160 87144
125 161 14856
126 162 -70114
127 163 8671
128 164 -32862
129 165 -59749
130 166 301004
131 167 -166152
132 168 -136584
133 169 203137
134 170 180662
135 171 -162636
136 172 -106101
137 173 105409
138 174 -15037
139 175 -154185
140 176 8079
141 177 -18038
142 178 141773
143 179 79978
144 180 -602
145 146 26217
146 147 33624
147 148 80386
148 149 105203
149 150 -112678
150 145 86451
151 152 -49030
152 153 -78041
153 154 -59600
154 155 24029
155 156 39066
156 151 134156
157 158 -79938
158 159 -43731
159 160 18223
160 161 -99782
161 162 -47001
162 157 -13886
163 164 79634
164 165 -61243
165 166 -54026
166 167 -84033
167 168 26272
168 163 -9256
169 170 99117
170 171 -58767
171 172 176198
172 173 29019
173 174 175163
174 169 -64714
175 176 -35601
176 177 126311
177 178 -112245
178 179 45919
179 180 32281
180 175 -73134
145 151 -33541
146 152 -18301
147 153 89301
148 154 3561
149 155 -75711
150 156 -65843
151 157 114134
152 158 142988
153 159 96496
154 160 9554
155 161 84502
156 162 196564
157 163 80037
158 164 84031
159 165 -146883
160 166 32196
161 167 -131772
162 168 -63953
163 169 56001
164 170 -141926
165 171 82626
166 172 100961
167 173 -118821
168 174 -186354
169 175 106737
170 176 46297
171 177 -14758
172 178 19325
173 179 -60939
174 180 37594
175 145 100177
176 146 32597
177 147 -98659
178 148 53229
179 149 -40156
180 150 35650
145 181 -9323
146 182 41927
147 183 263903
148 184 -138845
149 185 -54247
150 186 67413
151 187 147867
152 188 99945
153 189 87649
154 190 18778
155 191 24536
156 192 112691
157 193 -37235
158 194 73244
159 195 97719
160 196 36286
161 197 89187
162 198 -57982
163 199 -106808
164 200 59026
165 201 -131280
166 202 17074
167 203 -17174
168 204 -134067
169 205 -8815
170 206 145227
171 207 -86328
172 208 -127193
173 209 -112736
174 210 -75853
175 211 -125991
176 212 -57922
177 213 -11732
178 214 -119220
179 215 -104387
180 216 -48834
181 182 137159
182 183 -48215
183 184 -70478
184 185 51251
185 186 -85931
186 181 -29791
187 188 -8451
188 189 -29988
189 190 -178041
190 191 -85342
191 192 375001
192 187 137824
193 194 37100
194 195 83108
195 196 -156934
196 197 37599
197 198 34427
198 193 -16823
199 200 39400
200 201 440
201 202 -81553
202 203 -52127
203 204 3404
204 199 155842
205 206 -143491
206 207 -53015
207 208 140304
208 209 -79689
209 210 110073
210 205 -64671
211 212 131028
212 213 157402
213 214 -79575
214 215 -141491
215 216 132323
216 211 8190
181 187 163857
182 188 -138800
183 189 -40628
184 190 -78804
185 191 131240
186 192 -14783
187 193 -15400
188 194 165231
189 195 8015
190 196 15201
191 197 92947
192 198 -94365
193 199 -18639
194 200 77566
195 201 -31358
196 202 -15735
197 203 97814
198 204 84684
199 205 30593
200 206 48050
201 207 21749
202 208 -43229
203 209 -32064
204 210 -106172
205 211 178149
206 212 -39658
207 213 -229637
208 214 -33405
209 215 132894
210 216 -136857
211 181 -52516
212 182 -202835
213 183 43744
214 184 2710
215 185 243005
216 186 -14417
181 1 -65501
182 2 20590
183 3 18486
184 4 -79239
185 5 -169700
186 6 -75792
187 7 33411
188 8 -9500
189 9 -98683
190 10 8366
191 11 -81165
192 12 58239
193 13 -147822
194 14 -661
195 15 -162072
196 16 221
197 17 51843
198 18 25947
199 19 -117323
200 20 170591
201 21 -101080
202 22 34417
203 23 25602
204 24 -27733
205 25 95003
206 26 -40140
207 27 15109
208 28 -41775
209 29 -3461
210 30 -592
211 31 195368
212 32 -85921
213 33 47923
214 34 114662
215 35 -23674
216 36 20499
