216 648
1 2 -95465
2 3 87435
3 4 93680
4 5 -141770
5 6 66122
6 1 26998
7 8 84033
8 9 -263337
9 10 209534
10 11 89634
11 12 23626
12 7 -132675
13 14 -53878
14 15 114087
15 16 -93100
16 17 168620
17 18 82053
18 13 44085
19 20 126632
20 21 -6974
21 22 45614
22 23 -8924
23 24 -121125
24 19 80402
25 26 -90686
26 27 -29936
27 28 -78329
28 29 -30628
29 30 -42947
30 25 -165707
31 32 30185
32 33 73326
33 34 51364
34 35 -93735
35 36 60229
36 31 77741
1 7 -77368
2 8 33005
3 9 43927
4 10 -48646
5 11 460
6 12 -19954
7 13 -69178
8 14 18926
9 15 130097
10 16 -142914
11 17 -44618
12 18 -41307
13 19 -34780
14 20 -102376
15 21 151364
16 22 68309
17 23 165832
18 24 7095
19 25 -55221
20 26 -16545
21 27 58780
22 28 35645
23 29 -58552
24 30 33245
25 31 -24407
26 32 -14665
27 33 7429
28 34 -159431
29 35 69713
30 36 120770
31 1 119468
32 2 22143
33 3 -72942
34 4 -38746
35 5 9617
36 6 108857
1 37 -105022
2 38 -69203
3 39 -27786
4 40 122306
5 41 -55313
6 42 -36918
7 43 17537
8 44 203159
9 45 24461
10 46 514
11 47 -68352
12 48 93137
13 49 -99058
14 50 1468
15 51 157234
16 52 -87824
17 53 6532
18 54 33533
19 55 -214
20 56 -25168
21 57 -78070
22 58 87249
23 59 -3676
24 60 -32060
25 61 -39426
26 62 41136
27 63 -44154
28 64 135078
29 65 -27698
30 66 -17591
31 67 110706
32 68 -32382
33 69 123885
34 70 -162107
35 71 -90667
36 72 175288
37 38 -52912
38 39 -43723
39 40 4216
40 41 -114019
41 42 -2180
42 37 -2645
43 44 -65222
44 45 -118788
45 46 -70243
46 47 56923
47 48 -106137
48 43 184718
49 50 108085
50 51 -67732
51 52 21954
52 53 -24334
53 54 -71545
54 49 160273
55 56 -99058
56 57 -67636
57 58 -81456
58 59 -61657
59 60 2557
60 55 -37922
61 62 -145113
62 63 124706
63 64 49795
64 65 -31459
65 66 15808
66 61 82681
67 68 89743
68 69 60907
69 70 -35658
70 71 -144468
71 72 71774
72 67 -88455
37 43 4598
38 44 75623
39 45 -78756
40 46 -13425
41 47 -46300
42 48 110231
43 49 -6988
44 50 -32892
45 51 41225
46 52 -11983
47 53 10342
48 54 -54425
49 55 59807
50 56 -154664
51 57 13535
52 58 48375
53 59 131423
54 60 -52848
55 61 -39589
56 62 -167133
57 63 -20082
58 64 8236
59 65 -35923
60 66 -31502
61 67 -78261
62 68 -180071
63 69 -142771
64 70 -101200
65 71 -1613
66 72 129437
67 37 -65443
68 38 213696
69 39 78287
70 40 -50104
71 41 -146862
72 42 -153796
37 73 -125876
38 74 114644
39 75 -59553
40 76 16856
41 77 150223
42 78 251653
43 79 8770
44 80 66620
45 81 -88504
46 82 184447
47 83 114711
48 84 -76726
49 85 4199
50 86 76863
51 87 -244492
52 88 3937
53 89 -128839
54 90 -15728
55 91 -36
56 92 -62203
57 93 89265
58 94 68801
59 95 34777
60 96 106971
61 97 -79087
62 98 -31635
63 99 86955
64 100 250460
65 101 7636
66 102 48848
67 103 106005
68 104 118882
69 105 -30302
70 106 115265
71 107 35053
72 108 -79561
73 74 62316
74 75 -47697
75 76 -178131
76 77 -28195
77 78 -142087
78 73 -176190
79 80 -146430
80 81 131402
81 82 57486
82 83 -97983
83 84 56286
84 79 -203673
85 86 105955
86 87 -36162
87 88 -152041
88 89 26112
89 90 -149653
90 85 74126
91 92 -12752
92 93 22566
93 94 33687
94 95 -128922
95 96 -119564
96 91 -129704
97 98 -149043
98 99 -68092
99 100 30350
100 101 -26353
101 102 81282
102 97 132189
103 104 68009
104 105 -56238
105 106 137701
106 107 50588
107 108 308059
108 103 -12517
73 79 134528
74 80 91442
75 81 70717
76 82 -205681
77 83 -89956
78 84 14262
79 85 -232309
80 86 159980
81 87 -84777
82 88 -18390
83 89 -69019
84 90 14895
85 91 -119986
86 92 -92663
87 93 -294541
88 94 -69316
89 95 -134428
90 96 84601
91 97 -89678
92 98 -19277
93 99 41816
94 100 -57753
95 101 -29215
96 102 205236
97 103 -64781
98 104 173290
99 105 139258
100 106 -187485
101 107 78657
102 108 -50205
103 73 73921
104 74 -35615
105 75 97370
106 76 64094
107 77 -100647
108 78 -17885
73 109 14517
74 110 -905
75 111 79453
76 112 -68473
77 113 55587
78 114 40484
79 115 -51451
80 116 97111
81 117 95334
82 118 114709
83 119 118148
84 120 -242913
85 121 27846
86 122 76072
87 123 84698
88 124 228505
89 125 -97753
90 126 -35309
91 127 -176754
92 128 115456
93 129 -87749
94 130 180344
95 131 -20430
96 132 -9278
97 133 -100622
98 134 -23831
99 135 -155742
100 136 -40561
101 137 -1331
102 138 -78243
103 139 71666
104 140 29756
105 141 147993
106 142 58439
107 143 47939
108 144 -65304
109 110 -123225
110 111 148037
111 112 53258
112 113 -93948
113 114 -26368
114 109 20239
115 116 -13195
116 117 -87759
117 118 -138460
118 119 -42765
119 120 -60270
120 115 -101239
121 122 160966
122 123 -109580
123 124 128855
124 125 -39926
125 126 136499
126 121 -33466
127 128 85405
128 129 61893
129 130 -50446
130 131 -87584
131 132 35837
132 127 -81590
133 134 -183912
134 135 -26545
135 136 -48026
136 137 -26184
137 138 -15767
138 133 -46870
139 140 290339
140 141 100276
141 142 114255
142 143 46995
143 144 -40038
144 139 91406
109 115 6058
110 116 -59295
111 117 3063
112 118 -110517
113 119 25344
114 120 -110441
115 121 3396
116 122 -88510
117 123 19110
118 124 -15775
119 125 41398
120 126 -4861
121 127 -48330
122 128 -53097
123 129 78944
124 130 -36624
125 131 4988
126 132 92321
127 133 -35031
128 134 -69530
129 135 -2749
130 136 39257
131 137 69860
132 138 53558
133 139 57341
134 140 -86355
135 141 -110845
136 142 22786
137 143 70459
138 144 -8654
139 109 109277
140 110 28387
141 111 234686
142 112 125081
143 113 25746
144 114 -10698
109 145 125307
110 146 -60940
111 147 46421
112 148 -71013
113 149 -77375
114 150 -10279
115 151 80001
116 152 128029
117 153 44855
118 154 -247395
119 155 178105
120 156 7932
121 157 -191978
122 158 64118
123 159 -77886
124 160 42434
125 161 -74397
126 162 119333
127 163 71880
128 164 239272
129 165 -92325
130 166 -77107
131 167 -53902
132 168 -189896
133 169 -49605
134 170 -108092
135 171 -74879
136 172 -180219
137 173 45951
138 174 -46954
139 175 -27405
140 176 31183
141 177 13556
142 178 35891
143 179 -19530
144 180 532
145 146 80439
146 147 -193696
147 148 -147775
148 149 3986
149 150 66247
150 145 34174
151 152 38500
152 153 -128702
153 154 -121025
154 155 100170
155 156 20614
156 151 -9674
157 158 8257
158 159 -64320
159 160 101035
160 161 -231037
161 162 -18569
162 157 -86092
163 164 45674
164 165 -71216
165 166 -55314
166 167 70212
167 168 153133
168 163 -30213
169 170 -164023
170 171 56026
171 172 152909
172 173 13098
173 174 151994
174 169 -47987
175 176 66519
176 177 32958
177 178 8118
178 179 -23802
179 180 -48329
180 175 95396
145 151 7592
146 152 -24960
147 153 76727
148 154 -32974
149 155 60879
150 156 -176123
151 157 117528
152 158 102833
153 159 -113591
154 160 -124154
155 161 7147
156 162 -3516
157 163 -123317
158 164 5717
159 165 -44633
160 166 67022
161 167 64151
162 168 -139376
163 169 -139437
164 170 83746
165 171 128828
166 172 -145800
167 173 -22751
168 174 41670
169 175 117937
170 176 -69101
171 177 -14185
172 178 -40321
173 179 176747
174 180 -106176
175 145 112622
176 146 181859
177 147 5187
178 148 -179358
179 149 90549
180 150 -21103
145 181 4964
146 182 -147155
147 183 33481
148 184 -11335
149 185 13136
150 186 127582
151 187 -3291
152 188 79712
153 189 33580
154 190 35708
155 191 -95867
156 192 45270
157 193 184394
158 194 145457
159 195 79799
160 196 31219
161 197 221873
162 198 -69299
163 199 -90991
164 200 -96792
165 201 -116943
166 202 -221928
167 203 -48607
168 204 10798
169 205 -38299
170 206 -15008
171 207 -66760
172 208 -119773
173 209 69915
174 210 136765
175 211 -66442
176 212 -90641
177 213 79128
178 214 -62082
179 215 -277003
180 216 77382
181 182 -26847
182 183 -29038
183 184 28160
184 185 89587
185 186 -126563
186 181 83749
187 188 -241468
188 189 69018
189 190 -134426
190 191 -24907
191 192 -61105
192 187 39583
193 194 19935
194 195 -209280
195 196 -46244
196 197 51429
197 198 75566
198 193 186508
199 200 11612
200 201 94391
201 202 50053
202 203 -8495
203 204 65622
204 199 76561
205 206 186223
206 207 50655
207 208 274334
208 209 35830
209 210 -86761
210 205 -106550
211 212 -22251
212 213 62431
213 214 -19317
214 215 -77959
215 216 -243277
216 211 79327
181 187 -45647
182 188 -228167
183 189 -80035
184 190 3427
185 191 -24328
186 192 -54627
187 193 43827
188 194 -32511
189 195 2882
190 196 64995
191 197 -130976
192 198 -51892
193 199 -76222
194 200 128335
195 201 -23802
196 202 -187815
197 203 -168470
198 204 13973
199 205 84859
200 206 -34219
201 207 -11610
202 208 158158
203 209 16320
204 210 -33456
205 211 7922
206 212 48648
207 213 -58278
208 214 -16259
209 215 116970
210 216 53508
211 181 225032
212 182 159445
213 183 70557
214 184 -112090
215 185 -19083
216 186 73938
181 1 -130053
182 2 -19109
183 3 -44655
184 4 137808
185 5 -4691
186 6 13733
187 7 -112636
188 8 -89445
189 9 37846
190 10 -107011
191 11 -31351
192 12 4301
193 13 140663
194 14 -39292
195 15 -168970
196 16 93656
197 17 96063
198 18 -67533
199 19 -78452
200 20 -45491
201 21 -138297
202 22 -65765
203 23 -16364
204 24 42733
205 25 80534
206 26 141494
207 27 137420
208 28 46643
209 29 -32053
210 30 -173184
211 31 -128387
212 32 -208049
213 33 -97602
214 34 168428
215 35 -127979
216 36 -122172
