16 16 -0.44
17 17 -0.44
18 18 -0.44
19 19 -0.44
20 20 -0.44
21 21 -0.44
22 22 -0.44
23 23 -0.44
32 32 -0.44
33 33 -0.44
34 34 -0.44
35 35 -0.44
36 36 -0.44
37 37 -0.44
38 38 -0.44
39 39 -0.44
40 40 -0.44
41 41 -0.44
42 42 -0.44
43 43 -0.44
44 44 -0.44
45 45 -0.44
46 46 -0.44
47 47 -0.44
56 56 -0.44
57 57 -0.44
58 58 -0.44
59 59 -0.44
60 60 -0.44
61 61 -0.44
62 62 -0.44
63 63 -0.44
96 96 -0.44
97 97 -0.44
99 99 -0.44
100 100 -0.44
101 101 -0.44
102 102 -0.44
104 104 1
106 106 1
107 107 1
108 108 1
109 109 1
111 111 1
112 112 1
113 113 1
114 114 1
115 115 1
116 116 1
117 117 1
118 118 1
119 119 1
120 120 1
121 121 1
122 122 1
123 123 1
124 124 1
125 125 1
126 126 1
127 127 1
128 128 1
129 129 1
130 130 1
131 131 1
132 132 1
133 133 1
134 134 1
135 135 1
136 136 1
137 137 1
138 138 1
139 139 1
140 140 1
141 141 1
142 142 1
143 143 1
144 144 1
145 145 1
146 146 1
147 147 1
148 148 1
149 149 1
150 150 1
151 151 1
152 152 1
153 153 1
154 154 1
155 155 1
156 156 1
157 157 1
158 158 1
159 159 1
200 200 1
202 202 1
203 203 1
204 204 1
205 205 1
206 206 1
207 207 1
209 209 -0.44
210 210 -0.44
211 211 -0.44
212 212 -0.44
213 213 -0.44
214 214 -0.44
216 216 -0.44
217 217 -0.44
218 218 -0.44
219 219 -0.44
220 220 -0.44
221 221 -0.44
222 222 -0.44
223 223 -0.44
224 224 1
225 225 1
226 226 1
227 227 1
228 228 1
229 229 1
230 230 1
231 231 1
232 232 -0.44
233 233 -0.44
234 234 -0.44
235 235 -0.44
236 236 -0.44
237 237 -0.44
238 238 -0.44
239 239 -0.44
240 240 -0.44
241 241 -0.44
242 242 -0.44
243 243 -0.44
244 244 -0.44
245 245 -0.44
246 246 -0.44
247 247 -0.44
248 248 1
249 249 1
250 250 1
251 251 1
252 252 1
253 253 1
254 254 1
255 255 1
256 256 -0.44
257 257 -0.44
258 258 -0.44
259 259 -0.44
260 260 -0.44
261 261 -0.44
262 262 -0.44
263 263 -0.44
288 288 -0.44
289 289 -0.44
290 290 -0.44
291 291 -0.44
292 292 -0.44
293 293 -0.44
294 294 -0.44
295 295 -0.44
296 296 1
297 297 1
298 298 1
299 299 1
300 300 1
301 301 1
302 302 1
303 303 1
305 305 -0.44
306 306 -0.44
307 307 -0.44
308 308 -0.44
309 309 -0.44
310 310 -0.44
311 311 -0.44
312 312 -0.44
313 313 -0.44
314 314 -0.44
315 315 -0.44
316 316 -0.44
317 317 -0.44
318 318 -0.44
319 319 -0.44
320 320 1
321 321 1
322 322 1
323 323 1
324 324 1
325 325 1
326 326 1
327 327 1
328 328 -0.44
329 329 -0.44
330 330 -0.44
331 331 -0.44
332 332 -0.44
333 333 -0.44
334 334 -0.44
335 335 -0.44
336 336 -0.44
337 337 -0.44
339 339 -0.44
340 340 -0.44
342 342 -0.44
343 343 -0.44
344 344 1
345 345 1
346 346 1
347 347 1
348 348 1
349 349 1
350 350 1
351 351 1
384 384 -0.44
385 385 -0.44
386 386 -0.44
387 387 -0.44
388 388 -0.44
389 389 -0.44
390 390 -0.44
391 391 -0.44
392 392 1
393 393 1
394 394 1
395 395 1
396 396 1
397 397 1
398 398 1
399 399 1
400 400 1
401 401 1
403 403 1
404 404 1
406 406 1
407 407 1
408 408 1
409 409 1
411 411 1
412 412 1
414 414 1
415 415 1
416 416 1
417 417 1
418 418 1
419 419 1
420 420 1
421 421 1
422 422 1
423 423 1
424 424 1
425 425 1
426 426 1
427 427 1
428 428 1
429 429 1
430 430 1
431 431 1
432 432 1
433 433 1
434 434 1
435 435 1
436 436 1
437 437 1
438 438 1
439 439 1
440 440 1
441 441 1
442 442 1
443 443 1
444 444 1
445 445 1
446 446 1
504 504 -0.44
505 505 -0.44
506 506 -0.44
507 507 -0.44
508 508 -0.44
509 509 -0.44
510 510 -0.44
511 511 -0.44
512 512 -0.44
513 513 -0.44
514 514 -0.44
515 515 -0.44
516 516 -0.44
517 517 -0.44
518 518 -0.44
519 519 -0.44
528 528 -0.44
529 529 -0.44
530 530 -0.44
531 531 -0.44
532 532 -0.44
533 533 -0.44
535 535 -0.44
16 20 -1
16 21 -1
16 22 -1
16 23 -1
16 112 -1
17 20 -1
17 21 -1
17 22 -1
17 23 -1
17 113 -1
18 20 -1
18 21 -1
18 22 -1
18 23 -1
18 114 -1
19 20 -1
19 21 -1
19 22 -1
19 23 -1
19 115 -1
32 36 -1
32 37 -1
32 38 -1
32 39 -1
32 128 -1
33 36 -1
33 37 -1
33 38 -1
33 39 -1
33 129 -1
34 36 -1
34 37 -1
34 38 -1
34 39 -1
34 130 -1
35 36 -1
35 37 -1
35 38 -1
35 39 -1
35 131 -1
40 44 -1
40 45 -1
40 46 -1
40 47 -1
40 136 -1
41 44 -1
41 45 -1
41 46 -1
41 47 -1
41 137 -1
42 44 -1
42 45 -1
42 46 -1
42 47 -1
42 138 -1
43 44 -1
43 45 -1
43 46 -1
43 47 -1
43 139 -1
56 60 -1
56 61 -1
56 62 -1
56 63 -1
56 152 -1
57 60 -1
57 61 -1
57 62 -1
57 63 -1
57 153 -1
58 60 -1
58 61 -1
58 62 -1
58 63 -1
58 154 -1
59 60 -1
59 61 -1
59 62 -1
59 63 -1
59 155 -1
96 100 -1
96 101 -1
96 102 -1
97 100 -1
97 101 -1
97 102 -1
99 100 -1
99 101 -1
99 102 -1
100 108 -1
101 109 -1
104 108 -1
104 109 -1
104 111 -1
104 200 1
106 108 -1
106 109 -1
106 111 -1
106 202 1
107 108 -1
107 109 -1
107 111 -1
107 203 1
108 116 1
109 117 1
111 119 1
112 116 -1
112 117 -1
112 118 -1
112 119 -1
113 116 -1
113 117 -1
113 118 -1
113 119 -1
114 116 -1
114 117 -1
114 118 -1
114 119 -1
115 116 -1
115 117 -1
115 118 -1
115 119 -1
116 124 1
117 125 1
118 126 1
119 127 1
120 124 -1
120 125 -1
120 126 -1
120 127 -1
120 216 -1
121 124 -1
121 125 -1
121 126 -1
121 127 -1
121 217 -1
122 124 -1
122 125 -1
122 126 -1
122 127 -1
122 218 -1
123 124 -1
123 125 -1
123 126 -1
123 127 -1
123 219 -1
124 132 -1
125 133 -1
126 134 -1
127 135 -1
128 132 -1
128 133 -1
128 134 -1
128 135 -1
128 224 -1
129 132 -1
129 133 -1
129 134 -1
129 135 -1
129 225 -1
130 132 -1
130 133 -1
130 134 -1
130 135 -1
130 226 -1
131 132 -1
131 133 -1
131 134 -1
131 135 -1
131 227 -1
132 140 -1
133 141 -1
134 142 -1
135 143 -1
136 140 -1
136 141 -1
136 142 -1
136 143 -1
137 140 -1
137 141 -1
137 142 -1
137 143 -1
138 140 -1
138 141 -1
138 142 -1
138 143 -1
139 140 -1
139 141 -1
139 142 -1
139 143 -1
140 148 1
141 149 1
142 150 1
143 151 1
144 148 -1
144 149 -1
144 150 -1
144 151 -1
144 240 -1
145 148 -1
145 149 -1
145 150 -1
145 151 -1
145 241 -1
146 148 -1
146 149 -1
146 150 -1
146 151 -1
146 242 -1
147 148 -1
147 149 -1
147 150 -1
147 151 -1
147 243 -1
148 156 1
149 157 1
150 158 1
151 159 1
152 156 -1
152 157 -1
152 158 -1
152 159 -1
152 248 -1
153 156 -1
153 157 -1
153 158 -1
153 159 -1
153 249 -1
154 156 -1
154 157 -1
154 158 -1
154 159 -1
154 250 -1
155 156 -1
155 157 -1
155 158 -1
155 159 -1
155 251 -1
200 204 -1
200 205 -1
200 206 -1
200 207 -1
200 296 -1
202 204 -1
202 205 -1
202 206 -1
202 207 -1
202 298 -1
203 204 -1
203 205 -1
203 206 -1
203 207 -1
203 299 -1
204 212 -1
205 213 -1
206 214 -1
209 212 -1
209 213 -1
209 214 -1
210 212 -1
210 213 -1
210 214 -1
211 212 -1
211 213 -1
211 214 -1
216 220 -1
216 221 -1
216 222 -1
216 223 -1
217 220 -1
217 221 -1
217 222 -1
217 223 -1
218 220 -1
218 221 -1
218 222 -1
218 223 -1
219 220 -1
219 221 -1
219 222 -1
219 223 -1
224 228 -1
224 229 -1
224 230 -1
224 231 -1
224 320 -1
225 228 -1
225 229 -1
225 230 -1
225 231 -1
225 321 -1
226 228 -1
226 229 -1
226 230 -1
226 231 -1
226 322 -1
227 228 -1
227 229 -1
227 230 -1
227 231 -1
227 323 -1
228 236 -1
229 237 -1
230 238 -1
231 239 -1
232 236 -1
232 237 -1
232 238 -1
232 239 -1
233 236 -1
233 237 -1
233 238 -1
233 239 -1
234 236 -1
234 237 -1
234 238 -1
234 239 -1
235 236 -1
235 237 -1
235 238 -1
235 239 -1
240 244 -1
240 245 -1
240 246 -1
240 247 -1
241 244 -1
241 245 -1
241 246 -1
241 247 -1
242 244 -1
242 245 -1
242 246 -1
242 247 -1
243 244 -1
243 245 -1
243 246 -1
243 247 -1
248 252 -1
248 253 -1
248 254 -1
248 255 -1
248 344 -1
249 252 -1
249 253 -1
249 254 -1
249 255 -1
249 345 -1
250 252 -1
250 253 -1
250 254 -1
250 255 -1
250 346 -1
251 252 -1
251 253 -1
251 254 -1
251 255 -1
251 347 -1
252 260 -1
253 261 -1
254 262 -1
255 263 -1
256 260 -1
256 261 -1
256 262 -1
256 263 -1
257 260 -1
257 261 -1
257 262 -1
257 263 -1
258 260 -1
258 261 -1
258 262 -1
258 263 -1
259 260 -1
259 261 -1
259 262 -1
259 263 -1
288 292 -1
288 293 -1
288 294 -1
288 295 -1
289 292 -1
289 293 -1
289 294 -1
289 295 -1
290 292 -1
290 293 -1
290 294 -1
290 295 -1
291 292 -1
291 293 -1
291 294 -1
291 295 -1
292 300 -1
293 301 -1
294 302 -1
295 303 -1
296 300 -1
296 301 -1
296 302 -1
296 303 -1
296 392 -1
297 300 -1
297 301 -1
297 302 -1
297 303 -1
297 393 -1
298 300 -1
298 301 -1
298 302 -1
298 303 -1
298 394 -1
299 300 -1
299 301 -1
299 302 -1
299 303 -1
299 395 -1
305 308 -1
305 309 -1
305 310 -1
305 311 -1
305 401 -1
306 308 -1
306 309 -1
306 310 -1
306 311 -1
307 308 -1
307 309 -1
307 310 -1
307 311 -1
307 403 -1
312 316 -1
312 317 -1
312 318 -1
312 319 -1
313 316 -1
313 317 -1
313 318 -1
313 319 -1
314 316 -1
314 317 -1
314 318 -1
314 319 -1
315 316 -1
315 317 -1
315 318 -1
315 319 -1
316 324 -1
317 325 -1
318 326 -1
319 327 -1
320 324 -1
320 325 -1
320 326 -1
320 327 -1
320 416 1
321 324 -1
321 325 -1
321 326 -1
321 327 -1
321 417 1
322 324 -1
322 325 -1
322 326 -1
322 327 -1
322 418 1
323 324 -1
323 325 -1
323 326 -1
323 327 -1
323 419 1
328 332 -1
328 333 -1
328 334 -1
328 335 -1
328 424 -1
329 332 -1
329 333 -1
329 334 -1
329 335 -1
329 425 -1
330 332 -1
330 333 -1
330 334 -1
330 335 -1
330 426 -1
331 332 -1
331 333 -1
331 334 -1
331 335 -1
331 427 -1
336 340 -1
336 342 -1
336 343 -1
337 340 -1
337 342 -1
337 343 -1
339 340 -1
339 342 -1
339 343 -1
340 348 -1
342 350 -1
343 351 -1
344 348 -1
344 349 -1
344 350 -1
344 440 -1
345 348 -1
345 349 -1
345 350 -1
345 351 -1
345 441 -1
346 348 -1
346 349 -1
346 350 -1
346 351 -1
346 442 -1
347 348 -1
347 349 -1
347 350 -1
347 351 -1
347 443 -1
384 388 -1
384 389 -1
384 390 -1
384 391 -1
385 388 -1
385 389 -1
385 390 -1
385 391 -1
386 388 -1
386 389 -1
386 390 -1
386 391 -1
387 388 -1
387 389 -1
387 390 -1
387 391 -1
388 396 -1
389 397 -1
390 398 -1
391 399 -1
392 396 -1
392 397 -1
392 398 -1
392 399 -1
393 396 -1
393 397 -1
393 398 -1
393 399 -1
394 396 -1
394 397 -1
394 398 -1
394 399 -1
395 396 -1
395 397 -1
395 398 -1
395 399 -1
396 404 1
398 406 1
399 407 1
400 404 -1
400 406 -1
400 407 -1
401 404 -1
401 406 -1
401 407 -1
403 404 -1
403 406 -1
403 407 -1
404 412 1
406 414 1
407 415 1
408 412 -1
408 414 -1
408 415 -1
408 504 -1
409 412 -1
409 414 -1
409 415 -1
409 505 -1
411 412 -1
411 414 -1
411 415 -1
411 507 -1
412 420 1
414 422 1
415 423 1
416 420 -1
416 421 -1
416 422 -1
416 423 -1
416 512 -1
417 420 -1
417 421 -1
417 422 -1
417 423 -1
417 513 -1
418 420 -1
418 421 -1
418 422 -1
418 423 -1
418 514 -1
419 420 -1
419 421 -1
419 422 -1
419 423 -1
419 515 -1
420 428 1
421 429 1
422 430 1
423 431 1
424 428 -1
424 429 -1
424 430 -1
424 431 -1
425 428 -1
425 429 -1
425 430 -1
425 431 -1
426 428 -1
426 429 -1
426 430 -1
426 431 -1
427 428 -1
427 429 -1
427 430 -1
427 431 -1
428 436 -1
429 437 -1
430 438 -1
431 439 -1
432 436 -1
432 437 -1
432 438 -1
432 439 -1
432 528 -1
433 436 -1
433 437 -1
433 438 -1
433 439 -1
433 529 -1
434 436 -1
434 437 -1
434 438 -1
434 439 -1
434 530 -1
435 436 -1
435 437 -1
435 438 -1
435 439 -1
435 531 -1
436 444 -1
437 445 -1
438 446 -1
440 444 -1
440 445 -1
440 446 -1
441 444 -1
441 445 -1
441 446 -1
442 444 -1
442 445 -1
442 446 -1
443 444 -1
443 445 -1
443 446 -1
504 508 -1
504 509 -1
504 510 -1
504 511 -1
505 508 -1
505 509 -1
505 510 -1
505 511 -1
506 508 -1
506 509 -1
506 510 -1
506 511 -1
507 508 -1
507 509 -1
507 510 -1
507 511 -1
512 516 -1
512 517 -1
512 518 -1
512 519 -1
513 516 -1
513 517 -1
513 518 -1
513 519 -1
514 516 -1
514 517 -1
514 518 -1
514 519 -1
515 516 -1
515 517 -1
515 518 -1
515 519 -1
528 532 -1
528 533 -1
528 535 -1
529 532 -1
529 533 -1
529 535 -1
530 532 -1
530 533 -1
530 535 -1
531 532 -1
531 533 -1
531 535 -1
